conv1 0 1.15 2.35 1.15 2.35
conv1 1 4.93 -0.19 4.93 -0.19
conv1 2 0.62 1.01 0.62 1.01
conv1 3 0.14 -0.40 0.14 -0.40
conv1 4 -1.34 0.77 -1.34 0.77
conv1 5 0.66 0.25 0.66 0.25
conv1 6 0.43 0.19 0.43 0.19
conv1 7 0.75 0.20 0.75 0.20
conv1 8 -2.03 -3.11 -2.03 -3.11
conv1 9 1.12 0.80 1.12 0.80
conv1 10 0.04 -1.86 0.04 -1.86
conv1 11 0.66 0.48 0.66 0.48
conv1 12 -1.76 0.11 -1.76 0.11
conv1 13 0.55 0.52 0.55 0.52
conv1 14 -0.21 0.47 -0.21 0.47
conv1 15 -1.99 1.08 -1.99 1.08
conv1 16 0.61 -0.12 0.61 -0.12
conv1 17 -0.35 1.30 -0.35 1.30
conv1 18 0.86 0.33 0.86 0.33
conv1 19 1.87 -2.54 1.87 -2.54
conv1 20 0.16 0.37 0.16 0.37
conv1 21 2.37 0.29 2.37 0.29
conv1 22 0.65 1.20 0.65 1.20
conv1 23 0.45 -0.08 0.45 -0.08
conv1 24 -0.17 0.32 -0.17 0.32
conv1 25 -1.62 1.39 -1.62 1.39
conv1 26 -1.21 -0.62 -1.21 -0.62
conv1 27 0.79 0.66 0.79 0.66
conv1 28 -0.46 0.11 -0.46 0.11
conv1 29 -1.51 -0.08 -1.51 -0.08
conv1 30 -0.32 -0.43 -0.32 -0.43
conv1 31 -1.83 0.75 -1.83 0.75
conv1 32 -1.26 -0.63 -1.26 -0.63
conv1 33 2.00 1.05 2.00 1.05
conv1 34 1.66 0.72 1.66 0.72
conv1 35 1.08 0.60 1.08 0.60
conv1 36 -3.00 1.00 -3.00 1.00
conv1 37 0.39 -0.93 0.39 -0.93
conv1 38 -0.16 -0.43 -0.16 -0.43
conv1 39 1.37 -1.67 1.37 -1.67
conv1 40 -1.67 -0.36 -1.67 -0.36
conv1 41 0.70 1.06 0.70 1.06
conv1 42 0.41 0.97 0.41 0.97
conv1 43 -0.14 -0.99 -0.14 -0.99
conv1 44 1.28 1.71 1.28 1.71
conv1 45 -0.29 0.81 -0.29 0.81
conv1 46 -4.15 -0.39 -4.15 -0.39
conv1 47 0.35 0.21 0.35 0.21
conv1 48 0.40 2.61 0.40 2.61
conv1 49 -0.45 0.57 -0.45 0.57
conv1 50 0.12 0.12 0.12 0.12
conv1 51 1.21 -0.50 1.21 -0.50
conv1 52 -1.22 -1.59 -1.22 -1.59
conv1 53 -0.43 -0.36 -0.43 -0.36
conv1 54 -0.22 0.45 -0.22 0.45
conv1 55 -0.39 -1.40 -0.39 -1.40
conv1 56 -0.08 -0.45 -0.08 -0.45
conv1 57 0.04 0.11 0.04 0.11
conv1 58 -0.58 -2.17 -0.58 -2.17
conv1 59 1.01 0.33 1.01 0.33
conv1 60 1.06 -0.30 1.06 -0.30
conv1 61 1.13 3.06 1.13 3.06
conv1 62 0.06 0.17 0.06 0.17
conv1 63 -1.18 1.79 -1.18 1.79
conv2 0 2.18 -0.45 7.22 -3.92
conv2 1 0.57 0.88 -1.29 -0.38
conv2 2 -19.58 -5.47 -1.00 -5.12
conv2 3 4.64 -11.40 -6.72 8.30
conv2 4 -9.71 -13.39 3.78 10.18
conv2 5 4.54 9.61 -7.55 -9.13
conv2 6 -2.27 -3.30 -0.43 4.54
conv2 7 1.55 -8.06 7.70 6.84
conv2 8 -1.58 -3.11 -1.67 -4.35
conv2 9 -0.45 -6.26 0.22 -0.31
conv2 10 7.32 -10.09 -5.45 7.65
conv2 11 0.24 -4.35 -1.03 3.06
conv2 12 1.53 -0.24 -0.07 -3.54
conv2 13 1.67 -3.92 -2.96 -3.30
conv2 14 -10.28 -14.63 5.93 4.30
conv2 15 13.82 -4.85 2.68 -2.30
conv2 16 0.38 -10.35 -2.82 -1.63
conv2 17 13.79 -19.01 -2.30 -4.11
conv2 18 -24.72 22.73 -0.77 -0.29
conv2 19 -10.42 -11.74 0.67 3.44
conv2 20 2.99 -6.57 -1.91 2.68
conv2 21 14.37 -0.77 -5.40 -1.29
conv2 22 -0.60 7.39 -4.23 -4.14
conv2 23 -3.73 -3.16 -0.00 0.14
conv2 24 -5.45 19.48 -2.73 0.86
conv2 25 7.20 0.31 5.21 1.20
conv2 26 -16.11 -7.03 0.10 -5.26
conv2 27 3.44 4.45 3.68 5.81
conv2 28 15.63 5.02 -0.77 4.54
conv2 29 1.39 -8.68 1.29 4.97
conv2 30 0.53 10.61 0.38 -9.04
conv2 31 -3.78 -2.41 -4.16 -1.05
conv2 32 3.08 8.10 0.67 1.24
conv2 33 3.20 -7.60 4.42 -1.77
conv2 34 1.12 -2.15 0.76 2.20
conv2 35 -1.43 -1.77 -3.25 -0.05
conv2 36 -13.60 0.81 4.83 -1.53
conv2 37 6.74 -2.49 1.43 6.29
conv2 38 6.34 12.05 1.53 -6.45
conv2 39 6.77 -10.40 -2.10 3.01
conv2 40 4.42 15.95 -2.82 -1.20
conv2 41 -5.16 -1.77 1.10 0.29
conv2 42 3.85 -4.26 -6.89 0.96
conv2 43 0.72 -16.78 3.11 0.10
conv2 44 1.51 -7.63 3.66 6.24
conv2 45 -10.26 -14.46 3.59 3.49
conv2 46 19.17 0.43 2.01 -1.77
conv2 47 2.18 3.51 -2.01 -1.34
conv2 48 18.10 1.72 -3.54 -0.14
conv2 49 3.13 -2.82 -4.90 5.12
conv2 50 6.53 9.25 -1.98 -1.51
conv2 51 -9.80 -3.92 4.54 -0.10
conv2 52 -4.66 -7.10 9.47 -2.58
conv2 53 16.57 5.16 -6.45 -1.43
conv2 54 -8.10 0.57 2.13 -0.81
conv2 55 -1.77 0.81 6.48 -5.47
conv2 56 -4.02 -4.49 -2.56 -1.84
conv2 57 2.29 11.38 1.34 -15.54
conv2 58 -5.76 -3.11 -0.77 3.11
conv2 59 -13.39 -12.96 5.83 1.29
conv2 60 -0.05 -10.40 2.13 0.86
conv2 61 4.73 2.94 -0.26 -1.24
conv2 62 -7.82 2.82 13.55 1.29
conv2 63 13.44 12.62 -4.73 -2.30
conv2 64 1.29 -14.61 -4.45 4.35
conv2 65 2.20 -4.30 3.06 0.19
conv2 66 -1.34 -2.92 3.25 -3.25
conv2 67 4.54 -10.06 0.67 1.10
conv2 68 2.20 11.31 -2.51 -0.45
conv2 69 -7.32 -1.36 -0.45 -3.37
conv2 70 9.04 -1.98 -0.10 1.24
conv2 71 -5.86 -17.98 -4.49 -2.87
conv2 72 -1.24 -4.26 1.03 -5.09
conv2 73 -13.20 -13.20 3.06 -0.72
conv2 74 -0.93 1.15 6.19 -5.21
conv2 75 -11.79 12.26 -0.53 -2.01
conv2 76 12.36 -0.67 -0.60 0.14
conv2 77 4.73 2.89 -1.43 -0.67
conv2 78 -15.63 0.33 2.73 3.30
conv2 79 -11.93 11.07 2.25 -2.82
conv2 80 -0.50 -15.16 -0.43 4.64
conv2 81 4.35 4.40 -2.34 -9.66
conv2 82 8.73 2.84 -0.72 -12.38
conv2 83 -11.38 -0.14 0.48 -1.05
conv2 84 -4.30 0.38 5.88 1.67
conv2 85 -16.18 2.25 2.87 4.88
conv2 86 -2.61 9.35 1.31 -6.77
conv2 87 0.79 -12.62 -0.84 6.14
conv2 88 -14.25 1.31 6.10 -2.65
conv2 89 1.94 18.46 0.96 -2.63
conv2 90 12.34 0.72 3.68 2.73
conv2 91 7.60 -4.40 5.64 -1.05
conv2 92 -2.53 -5.16 -1.10 5.90
conv2 93 -0.05 1.41 -4.54 2.20
conv2 94 6.74 7.82 3.73 5.21
conv2 95 15.37 2.73 -5.09 3.16
conv2 96 -14.25 6.91 -2.15 -4.02
conv2 97 -1.24 6.50 -2.65 3.49
conv2 98 0.69 9.47 -3.35 1.10
conv2 99 -15.63 2.73 -0.96 -4.49
conv2 100 8.63 8.25 -0.24 1.05
conv2 101 -2.18 0.79 -0.84 -5.95
conv2 102 -1.60 3.54 -1.24 3.54
conv2 103 7.70 -14.39 -0.10 4.49
conv2 104 -0.91 0.38 -0.33 -0.43
conv2 105 -10.81 5.19 12.89 0.67
conv2 106 -8.58 5.38 3.30 -0.91
conv2 107 2.73 -2.13 -0.24 1.10
conv2 108 4.73 2.56 -0.14 -12.86
conv2 109 -5.50 2.73 1.43 -1.10
conv2 110 -0.17 -0.65 -8.70 -0.96
conv2 111 0.69 -3.87 -1.05 -4.73
conv2 112 -2.27 -3.80 1.63 2.44
conv2 113 5.79 3.44 1.53 -2.25
conv2 114 12.46 0.48 -0.53 2.20
conv2 115 9.71 -0.50 1.91 -1.00
conv2 116 2.44 1.43 2.34 -0.02
conv2 117 -2.41 -3.04 11.86 3.68
conv2 118 9.83 12.41 -1.10 -5.45
conv2 119 -2.25 3.66 0.05 -0.12
conv2 120 5.26 -4.78 4.40 2.25
conv2 121 17.69 15.37 -4.54 1.10
conv2 122 -8.03 -7.98 10.85 1.65
conv2 123 -1.34 13.94 -1.43 -4.35
conv2 124 17.74 5.59 4.90 -3.68
conv2 125 0.96 -0.81 -0.05 -2.53
conv2 126 10.64 8.75 -7.94 -7.75
conv2 127 -7.72 -5.59 7.36 1.34
conv2 128 2.46 -3.35 -15.11 16.04
conv2 129 0.69 -1.48 1.82 -1.43
conv2 130 -1.79 0.72 -0.76 2.29
conv2 131 1.39 14.25 2.27 -7.39
conv2 132 -11.86 -3.49 15.54 0.29
conv2 133 9.30 -5.31 -13.10 12.14
conv2 134 -13.87 -12.29 3.06 4.30
conv2 135 9.49 -11.02 -4.45 0.48
conv2 136 1.36 11.74 0.62 -7.98
conv2 137 -2.22 0.07 -6.31 3.68
conv2 138 -6.69 4.69 4.83 -1.15
conv2 139 13.22 -17.50 -5.55 3.35
conv2 140 5.07 1.05 0.57 0.48
conv2 141 5.19 1.55 -6.17 3.20
conv2 142 -11.93 9.59 6.45 -4.54
conv2 143 -10.02 4.83 -4.97 2.44
conv2 144 1.51 -8.94 0.48 11.09
conv2 145 -10.14 -0.65 4.21 5.36
conv2 146 -3.56 6.17 6.19 -9.28
conv2 147 -2.46 13.36 0.48 0.29
conv2 148 -18.48 1.79 1.00 0.62
conv2 149 5.12 -3.75 -3.61 6.72
conv2 150 7.00 -9.87 -2.89 4.81
conv2 151 -12.00 5.74 2.82 -2.20
conv2 152 -0.43 2.15 1.29 -5.69
conv2 153 2.63 2.10 0.19 7.08
conv2 154 0.55 -2.34 -3.37 5.98
conv2 155 -2.96 0.57 -2.77 -3.85
conv2 156 -0.38 -0.57 -4.71 -10.45
conv2 157 -15.97 5.12 0.96 -6.07
conv2 158 1.96 12.77 -3.25 -10.81
conv2 159 -2.94 -2.61 -2.30 -3.01
conv2 160 16.50 1.67 -4.59 -4.69
conv2 161 -0.41 2.15 2.75 4.49
conv2 162 9.06 2.49 -1.82 -3.54
conv2 163 -1.96 -13.44 -2.34 6.34
conv2 164 2.56 11.69 -4.78 -2.87
conv2 165 -13.32 3.23 4.59 -1.67
conv2 166 14.54 -5.55 -1.96 1.20
conv2 167 0.07 6.02 7.51 2.68
conv2 168 -1.63 5.88 -1.46 -10.18
conv2 169 5.79 -2.70 -1.48 5.55
conv2 170 0.12 -1.75 2.96 -1.12
conv2 171 7.84 0.67 -4.49 -11.43
conv2 172 -0.69 -4.14 0.72 6.69
conv2 173 11.24 17.86 1.05 0.57
conv2 174 -3.97 1.94 3.63 -0.76
conv2 175 -11.67 -6.50 3.20 1.96
conv2 176 -0.31 5.81 -1.53 -9.63
conv2 177 -4.09 15.95 -2.22 -1.67
conv2 178 6.22 -16.35 -2.63 0.43
conv2 179 -14.54 14.92 2.39 -4.35
conv2 180 0.45 0.17 -0.38 -2.01
conv2 181 2.15 -4.02 -0.81 -2.39
conv2 182 -14.53 4.18 0.14 4.90
conv2 183 -0.26 1.55 -0.57 -5.26
conv2 184 8.10 6.65 -5.02 -0.48
conv2 185 -6.48 -7.75 1.34 12.24
conv2 186 4.97 -10.38 1.39 1.00
conv2 187 -3.39 -17.83 -0.10 1.20
conv2 188 -14.18 -3.99 4.85 1.22
conv2 189 14.63 -6.38 -8.85 -2.20
conv2 190 -12.57 3.63 3.78 -1.91
conv2 191 -7.70 17.33 1.65 -4.54
conv3 0 -0.23 9.70 -7.33 -12.53
conv3 1 10.49 -29.89 -5.20 13.32
conv3 2 6.96 9.98 3.39 -5.43
conv3 3 0.05 25.99 1.02 2.18
conv3 4 -6.36 -18.24 -0.88 3.06
conv3 5 7.42 -4.78 1.02 -7.05
conv3 6 -4.22 25.94 -0.65 0.93
conv3 7 -6.03 1.53 -2.78 -16.43
conv3 8 -5.06 -0.19 -2.18 -8.86
conv3 9 -0.70 1.49 8.54 2.09
conv3 10 -0.74 17.59 4.04 -8.59
conv3 11 -16.38 3.11 -6.87 0.84
conv3 12 -9.65 11.93 -1.58 -13.32
conv3 13 27.01 -15.22 -0.51 -1.95
conv3 14 -0.79 -0.97 6.54 -4.22
conv3 15 0.84 5.29 -0.37 9.33
conv3 16 17.59 0.32 -3.90 -4.64
conv3 17 -10.72 -3.06 0.74 9.56
conv3 18 0.79 19.40 -4.87 -4.22
conv3 19 2.88 -27.94 -8.31 3.85
conv3 20 18.61 13.55 -4.69 -4.69
conv3 21 -2.83 10.35 1.16 -25.66
conv3 22 -1.58 10.67 6.40 2.88
conv3 23 -27.84 2.00 4.41 -1.11
conv3 24 5.94 -22.09 0.51 -13.41
conv3 25 5.43 4.69 4.73 4.64
conv3 26 2.18 -4.83 1.67 8.35
conv3 27 11.60 -0.42 -2.13 6.87
conv3 28 -21.63 33.13 -3.02 1.86
conv3 29 -4.55 23.62 1.02 6.31
conv3 30 7.56 -11.60 -1.39 -1.81
conv3 31 -10.40 -29.89 1.44 4.73
conv3 32 -13.50 0.37 6.96 -0.46
conv3 33 19.63 -1.95 -1.76 4.04
conv3 34 5.01 -2.18 -1.21 10.49
conv3 35 -27.84 -10.26 15.41 5.75
conv3 36 8.07 16.66 5.52 -11.23
conv3 37 -1.11 8.54 -1.07 -0.32
conv3 38 3.48 -26.08 1.44 5.10
conv3 39 21.72 4.32 -12.53 -6.13
conv3 40 -16.71 36.15 8.72 11.46
conv3 41 1.72 -15.96 -3.02 -3.29
conv3 42 -14.66 -16.75 0.51 8.63
conv3 43 -20.47 2.74 16.20 4.73
conv3 44 -4.36 3.06 2.13 2.41
conv3 45 21.11 6.36 0.23 4.50
conv3 46 -19.72 -18.24 1.58 -4.22
conv3 47 -14.80 -8.17 3.25 2.32
conv3 48 -3.67 -0.00 -0.74 -0.46
conv3 49 -0.42 -7.80 5.34 12.07
conv3 50 23.95 7.75 -6.22 -7.10
conv3 51 -2.18 1.72 6.59 6.64
conv3 52 2.83 4.32 -1.30 6.13
conv3 53 -12.48 -14.94 -2.92 7.84
conv3 54 -1.53 1.39 1.25 2.27
conv3 55 4.78 -1.48 5.10 1.07
conv3 56 -26.50 5.75 10.44 5.06
conv3 57 -1.02 -4.92 4.46 0.28
conv3 58 16.94 -20.37 1.58 0.37
conv3 59 -20.88 16.85 4.41 -4.46
conv3 60 -21.63 -14.53 8.21 6.73
conv3 61 5.89 -0.00 -6.50 9.00
conv3 62 28.96 -29.75 0.19 -2.32
conv3 63 15.17 -23.81 -9.05 4.45
conv3 64 -16.38 0.32 -0.79 -1.49
conv3 65 1.95 6.68 5.89 -6.87
conv3 66 20.56 5.34 -2.83 -5.75
conv3 67 -1.49 -3.20 3.85 18.42
conv3 68 -11.65 9.37 -3.57 -7.94
conv3 69 22.14 20.65 3.94 -0.51
conv3 70 -23.16 -5.94 1.86 -0.05
conv3 71 -9.42 -31.65 -2.83 0.28
conv3 72 -3.53 39.82 -1.21 -0.74
conv3 73 2.88 9.33 5.89 -0.93
conv3 74 -12.72 6.31 21.53 0.74
conv3 75 16.33 3.53 -0.37 11.28
conv3 76 28.54 -21.76 -1.58 3.99
conv3 77 -14.85 4.83 0.56 -1.53
conv3 78 -10.44 11.60 0.19 0.46
conv3 79 0.70 -10.72 -0.32 20.33
conv3 80 1.07 -14.48 -0.60 1.39
conv3 81 -11.23 11.97 -1.53 -15.13
conv3 82 -4.59 1.44 -3.67 -22.55
conv3 83 -11.18 3.71 -1.86 -2.00
conv3 84 -28.49 -4.97 5.06 -4.97
conv3 85 -11.93 11.97 1.90 -4.64
conv3 86 -0.00 -32.99 3.76 -4.73
conv3 87 -22.92 -5.48 23.76 12.81
conv3 88 8.45 5.10 -0.84 -15.78
conv3 89 9.79 -21.49 -0.28 15.87
conv3 90 5.71 9.14 -4.36 -10.81
conv3 91 -2.23 -16.57 -3.43 7.15
conv3 92 -10.67 -1.67 13.13 -1.95
conv3 93 -5.80 12.53 3.02 -3.76
conv3 94 -1.39 -28.73 0.05 6.78
conv3 95 17.45 2.27 -6.91 0.37
conv3 96 0.60 35.36 5.34 3.39
conv3 97 -2.37 -1.25 -8.03 -0.00
conv3 98 -21.39 43.07 4.59 -13.41
conv3 99 -13.78 1.35 5.66 5.71
conv3 100 19.95 -13.50 -10.77 6.96
conv3 101 5.89 -16.52 0.88 10.30
conv3 102 -10.02 -3.85 1.49 6.13
conv3 103 5.34 -12.76 -3.16 9.37
conv3 104 14.29 0.00 1.25 -8.35
conv3 105 34.90 4.92 -2.27 -0.14
conv3 106 10.72 -0.42 -18.66 5.48
conv3 107 -29.51 -0.19 10.95 -0.19
conv3 108 5.01 -22.14 9.37 2.55
conv3 109 2.83 -24.55 3.11 1.62
conv3 110 10.12 0.05 1.07 -4.92
conv3 111 -1.21 0.23 -4.83 4.92
conv3 112 7.94 -18.79 -3.81 -1.16
conv3 113 7.38 -19.07 4.36 14.29
conv3 114 -32.62 -2.00 16.20 -16.66
conv3 115 2.13 -5.85 -6.50 10.91
conv3 116 23.11 5.94 -8.68 -8.17
conv3 117 -6.03 13.41 -2.65 -1.62
conv3 118 -0.14 8.54 1.44 -0.97
conv3 119 -5.24 6.36 16.80 -12.07
conv3 120 1.39 -2.55 -6.82 -4.92
conv3 121 -13.04 -24.73 0.32 4.04
conv3 122 14.29 7.94 -2.46 -4.32
conv3 123 4.64 -14.11 -23.57 -0.79
conv3 124 -0.79 -21.16 -1.95 5.06
conv3 125 -1.62 3.71 -1.67 -9.75
conv3 126 -14.01 0.19 -3.76 -0.28
conv3 127 12.81 21.11 -4.64 -5.38
conv3 128 -1.67 1.67 -2.00 0.60
conv3 129 -8.40 -18.70 -0.51 -5.29
conv3 130 -32.25 26.73 1.35 -4.08
conv3 131 -21.21 -10.77 3.43 0.93
conv3 132 -3.57 -29.28 2.83 2.83
conv3 133 -2.97 -25.15 3.43 5.57
conv3 134 -9.05 19.44 -2.09 -14.29
conv3 135 5.80 20.23 -3.25 -7.19
conv3 136 -1.02 -26.54 -2.00 10.30
conv3 137 -1.86 -9.14 -4.18 -4.27
conv3 138 9.98 11.09 -17.40 4.64
conv3 139 13.37 -0.37 -3.90 -5.29
conv3 140 2.09 -2.46 2.41 1.30
conv3 141 9.37 -31.37 1.21 0.28
conv3 142 -4.73 -37.31 -3.34 -3.99
conv3 143 -1.72 -11.32 0.37 5.15
conv3 144 -17.82 -10.40 2.13 6.31
conv3 145 1.67 7.24 -0.70 5.71
conv3 146 -7.47 7.52 12.30 5.24
conv3 147 23.16 -2.78 -23.76 -13.88
conv3 148 -9.75 -5.10 8.45 -1.16
conv3 149 12.53 2.32 -26.03 0.09
conv3 150 -1.72 12.58 -1.35 -20.51
conv3 151 -1.35 0.70 0.74 -7.15
conv3 152 4.22 -8.59 -7.42 1.30
conv3 153 -14.01 -10.77 0.09 -0.46
conv3 154 7.80 12.07 -3.43 0.93
conv3 155 -36.52 11.83 0.51 -2.41
conv3 156 -20.14 13.55 0.65 -5.20
conv3 157 -1.39 8.86 -2.32 1.81
conv3 158 -7.47 -3.16 -2.74 -0.79
conv3 159 2.92 1.48 -0.70 -9.61
conv3 160 23.11 -3.90 -3.90 0.09
conv3 161 -0.09 5.20 6.50 3.67
conv3 162 -3.34 -1.02 -1.67 0.09
conv3 163 5.24 19.95 -3.20 -6.68
conv3 164 2.46 11.65 -3.29 -11.69
conv3 165 13.88 -3.53 5.89 -3.48
conv3 166 5.01 25.85 8.49 -1.21
conv3 167 3.99 1.11 2.23 -5.15
conv3 168 35.08 -21.30 3.90 5.43
conv3 169 18.01 15.13 -3.81 -5.01
conv3 170 -38.01 -32.44 0.42 3.85
conv3 171 24.13 -30.72 -6.91 5.01
conv3 172 -19.31 -21.72 -4.83 2.88
conv3 173 -5.52 -19.12 0.46 8.54
conv3 174 -21.95 -26.27 2.23 3.90
conv3 175 3.57 21.39 3.06 -2.27
conv3 176 27.05 2.46 -1.95 -1.02
conv3 177 2.55 0.46 -0.97 -0.05
conv3 178 -27.98 36.06 3.62 -1.67
conv3 179 7.70 -26.03 3.02 -3.71
conv3 180 11.18 -2.65 -17.63 -13.64
conv3 181 3.20 -3.71 -4.22 -1.72
conv3 182 24.69 13.18 -0.32 1.62
conv3 183 -25.89 -1.02 5.52 -9.10
conv3 184 -19.07 19.17 6.54 -4.87
conv3 185 13.18 9.42 -0.93 1.86
conv3 186 -2.55 0.23 0.97 -6.96
conv3 187 -20.56 -11.88 6.36 -1.16
conv3 188 -2.00 3.81 1.67 2.78
conv3 189 1.21 0.84 -15.78 -14.85
conv3 190 -8.59 3.06 12.53 -0.00
conv3 191 5.20 27.33 0.70 -7.66
conv3 192 0.32 -26.87 -2.32 2.46
conv3 193 2.37 -11.32 -0.14 2.23
conv3 194 1.35 -2.18 2.83 -2.00
conv3 195 1.11 8.35 -1.11 15.50
conv3 196 -7.43 7.47 1.86 5.20
conv3 197 17.54 -3.11 -2.23 6.22
conv3 198 7.61 -14.62 -0.46 17.36
conv3 199 -9.75 -16.85 1.53 8.96
conv3 200 -13.41 9.05 0.00 -8.82
conv3 201 11.60 30.07 -2.27 4.32
conv3 202 -7.33 1.81 4.32 -14.39
conv3 203 -8.91 -9.23 1.53 -9.33
conv3 204 17.73 -12.25 -4.04 2.60
conv3 205 -9.98 18.24 -0.37 -7.33
conv3 206 -20.19 13.74 2.23 -3.76
conv3 207 -18.70 26.36 -3.62 0.65
conv3 208 4.92 -20.98 0.37 10.30
conv3 209 7.56 3.99 -4.36 -0.97
conv3 210 -8.96 -18.84 7.01 -4.36
conv3 211 4.08 -14.11 2.23 17.03
conv3 212 3.06 -3.90 -6.50 4.32
conv3 213 -5.34 3.53 9.10 -0.32
conv3 214 -9.98 0.79 -0.93 -0.05
conv3 215 14.71 3.34 -21.25 5.66
conv3 216 32.11 -28.49 1.11 -10.91
conv3 217 -2.69 -6.03 8.21 -1.39
conv3 218 -1.72 16.06 -2.46 3.62
conv3 219 30.40 26.41 -2.97 8.49
conv3 220 -16.24 10.72 9.70 -14.62
conv3 221 7.43 6.59 -3.20 -1.44
conv3 222 27.33 -13.50 -7.56 3.25
conv3 223 5.94 1.76 -16.94 9.47
conv3 224 8.03 11.46 -7.01 -12.62
conv3 225 -5.75 -17.77 4.18 2.04
conv3 226 0.46 11.83 -7.05 0.65
conv3 227 19.91 6.22 -14.57 -2.04
conv3 228 16.75 -7.84 -4.59 6.40
conv3 229 -2.27 2.69 -0.56 -0.37
conv3 230 -24.32 -14.53 -4.41 -13.69
conv3 231 -3.62 1.95 6.13 -3.29
conv3 232 5.48 9.93 -0.65 2.04
conv3 233 -2.65 -10.49 -2.74 -2.23
conv3 234 15.36 18.19 -12.76 -5.99
conv3 235 -14.53 -19.44 -4.32 5.01
conv3 236 -7.38 -19.86 -2.55 0.60
conv3 237 19.77 11.97 -9.65 -3.90
conv3 238 16.15 -24.97 2.00 8.68
conv3 239 2.13 -1.58 -0.05 5.71
conv3 240 29.51 11.97 -4.27 -1.21
conv3 241 28.31 -16.06 2.51 -2.92
conv3 242 -2.51 5.01 -1.25 1.48
conv3 243 25.43 16.29 -5.24 -1.72
conv3 244 -3.20 8.77 -5.71 -11.42
conv3 245 29.47 -10.67 -5.29 -0.09
conv3 246 -20.70 0.65 -1.62 -13.09
conv3 247 0.42 -5.48 -1.58 11.56
conv3 248 -0.14 21.53 -0.19 -3.71
conv3 249 8.59 24.92 -7.29 -11.60
conv3 250 10.26 27.47 -1.07 -7.66
conv3 251 -0.19 -25.52 -0.00 11.09
conv3 252 0.79 -6.87 2.51 5.48
conv3 253 8.17 13.09 -0.51 -10.67
conv3 254 34.43 6.31 -6.59 -1.90
conv3 255 3.34 9.47 0.56 1.53
conv3 256 -0.79 0.84 5.66 -2.60
conv3 257 -6.64 1.11 4.73 3.53
conv3 258 0.70 2.88 -0.97 -6.03
conv3 259 2.69 -0.97 -8.63 3.99
conv3 260 -9.37 19.35 -3.43 -12.53
conv3 261 -1.11 -25.99 2.60 10.67
conv3 262 8.68 -15.87 0.19 4.92
conv3 263 -0.97 -23.53 0.60 -11.79
conv3 264 17.63 10.35 -5.20 -9.10
conv3 265 10.30 20.19 1.02 -2.37
conv3 266 3.20 -3.85 -9.19 -1.02
conv3 267 -27.89 4.73 5.01 -4.83
conv3 268 -1.90 -1.02 4.92 -0.37
conv3 269 -13.23 3.53 -1.07 -2.69
conv3 270 -22.74 -14.20 4.18 0.05
conv3 271 -17.87 18.28 -6.59 -0.19
conv3 272 -9.56 -30.12 0.14 -3.29
conv3 273 -4.64 2.65 6.64 3.85
conv3 274 -39.03 -24.92 0.23 1.07
conv3 275 13.55 -6.91 -1.07 -5.24
conv3 276 -5.20 -36.24 -0.42 1.81
conv3 277 -24.46 -8.82 7.29 5.80
conv3 278 4.59 -11.74 -6.22 11.46
conv3 279 3.39 -13.55 -1.30 12.34
conv3 280 0.70 0.05 4.73 -9.56
conv3 281 -6.82 -6.64 -1.07 5.34
conv3 282 -17.17 -31.05 -6.45 3.67
conv3 283 15.27 2.74 1.21 7.33
conv3 284 8.40 3.53 1.16 9.28
conv3 285 -19.07 -15.59 1.16 4.46
conv3 286 4.36 12.34 3.29 6.31
conv3 287 -4.04 -6.96 1.58 -2.04
conv3 288 5.57 23.99 4.55 1.07
conv3 289 -4.73 26.27 0.88 1.11
conv3 290 24.73 -3.16 -9.88 1.39
conv3 291 27.33 10.72 -3.85 -0.60
conv3 292 25.76 -10.95 14.25 12.34
conv3 293 -1.35 -0.93 4.83 -6.26
conv3 294 -19.17 -3.57 -18.89 1.90
conv3 295 11.83 -30.26 3.99 0.74
conv3 296 -4.04 2.97 5.71 8.96
conv3 297 -3.67 1.95 1.07 0.23
conv3 298 -23.39 -35.83 1.95 -3.02
conv3 299 22.97 -18.89 -4.83 -6.64
conv3 300 -16.38 5.20 7.89 -5.38
conv3 301 -4.92 -8.31 -0.93 -2.65
conv3 302 11.37 -10.49 3.43 -6.45
conv3 303 -9.70 -1.21 1.30 -2.51
conv3 304 -20.09 7.47 3.81 -9.33
conv3 305 0.23 -1.48 -1.30 2.13
conv3 306 2.32 26.08 5.15 1.02
conv3 307 -8.12 14.80 0.28 1.53
conv3 308 18.79 -28.49 1.39 1.67
conv3 309 10.53 -32.81 -1.58 3.39
conv3 310 -2.09 15.31 0.32 -5.71
conv3 311 -2.32 1.76 1.48 -3.39
conv3 312 3.67 -14.43 -6.64 18.61
conv3 313 -4.87 7.10 12.07 -19.54
conv3 314 -18.84 41.67 -0.09 -2.32
conv3 315 -13.97 21.72 3.48 4.04
conv3 316 -1.16 22.74 1.53 -11.28
conv3 317 2.92 -11.93 5.20 5.66
conv3 318 13.69 -3.99 -1.16 -0.32
conv3 319 -3.71 25.11 1.62 -7.84
conv3 320 32.35 -21.44 2.23 -4.83
conv3 321 2.00 -25.57 4.87 -3.16
conv3 322 -6.08 1.44 2.09 -11.46
conv3 323 -17.22 20.93 5.71 -5.34
conv3 324 -1.21 8.63 5.01 -5.29
conv3 325 8.59 -23.99 -1.95 -0.65
conv3 326 1.62 -5.29 8.54 5.34
conv3 327 -19.72 18.93 1.39 -6.08
conv3 328 -23.11 -15.59 0.65 -4.18
conv3 329 21.35 -36.38 1.25 -3.81
conv3 330 2.04 -21.07 -3.34 -10.49
conv3 331 0.97 -16.15 3.39 7.52
conv3 332 -6.13 13.13 -0.51 -9.47
conv3 333 -25.62 2.00 15.64 -4.59
conv3 334 -1.48 -4.45 4.36 8.35
conv3 335 8.77 -14.15 1.76 -3.99
conv3 336 2.55 9.47 9.56 -9.05
conv3 337 1.39 25.01 -8.96 -6.08
conv3 338 3.76 8.91 0.60 -6.13
conv3 339 -22.28 -0.70 12.58 -2.00
conv3 340 6.08 -5.62 -11.09 3.67
conv3 341 -12.02 -7.47 -0.05 -7.80
conv3 342 19.26 16.89 1.58 -10.72
conv3 343 -10.49 -6.73 2.23 -10.02
conv3 344 -12.30 8.12 2.27 -6.68
conv3 345 -1.49 -6.91 -0.88 -12.39
conv3 346 3.39 -3.53 1.95 -4.08
conv3 347 -4.32 -5.85 -4.69 7.80
conv3 348 -36.43 -3.81 2.51 4.59
conv3 349 -31.65 8.77 7.05 -0.56
conv3 350 8.86 -4.36 -5.66 -2.60
conv3 351 1.67 -20.14 -0.56 -0.46
conv3 352 16.66 5.29 -6.45 1.81
conv3 353 -27.80 14.25 -2.37 0.37
conv3 354 5.62 17.96 -0.46 -8.31
conv3 355 5.15 8.91 -3.29 9.56
conv3 356 -5.06 -5.38 2.51 1.48
conv3 357 10.63 0.32 0.74 3.25
conv3 358 -18.47 -23.16 6.13 8.21
conv3 359 1.76 22.69 4.36 -4.36
conv3 360 3.39 -1.81 -16.57 -8.96
conv3 361 2.83 3.57 3.39 -3.43
conv3 362 -5.15 -21.81 -5.06 3.94
conv3 363 14.71 24.97 1.16 -11.60
conv3 364 -6.68 -29.28 4.08 1.07
conv3 365 16.47 -3.16 -3.48 12.07
conv3 366 -4.69 -12.58 4.64 16.80
conv3 367 37.50 9.88 -3.11 -3.62
conv3 368 -3.16 -4.78 -0.60 1.67
conv3 369 -2.23 2.23 1.86 3.71
conv3 370 -2.18 1.81 -13.46 -15.82
conv3 371 5.94 37.03 2.88 -13.88
conv3 372 14.39 -25.62 1.25 9.23
conv3 373 -11.23 0.74 0.93 -15.96
conv3 374 0.32 -19.91 1.81 15.50
conv3 375 13.88 -13.50 -15.55 14.57
conv3 376 11.28 22.32 0.37 -17.50
conv3 377 6.13 -15.04 3.43 -5.01
conv3 378 1.35 -0.56 1.30 1.62
conv3 379 -3.67 -4.41 -0.05 -7.56
conv3 380 -0.88 0.79 -3.76 -16.94
conv3 381 -2.51 -7.15 16.66 4.22
conv3 382 25.76 2.51 -4.69 9.23
conv3 383 1.21 -11.32 1.62 17.77
conv4 0 -7.98 -28.00 6.75 7.61
conv4 1 2.52 7.31 7.80 -16.52
conv4 2 -11.24 26.90 -7.61 -0.18
conv4 3 -13.33 0.31 2.64 4.24
conv4 4 -0.00 -3.13 -5.10 -2.76
conv4 5 -15.84 -4.30 -1.47 -1.23
conv4 6 5.10 7.98 -2.64 -3.13
conv4 7 1.72 13.39 -3.56 6.51
conv4 8 20.76 -14.00 2.52 1.04
conv4 9 -2.95 -18.91 0.37 9.58
conv4 10 4.61 7.80 1.04 -17.01
conv4 11 0.74 -12.47 -3.56 21.55
conv4 12 -13.69 -4.67 3.38 -4.97
conv4 13 -42.19 7.80 6.57 -0.80
conv4 14 -0.61 21.62 11.42 -13.76
conv4 15 1.23 11.85 -14.00 -12.65
conv4 16 -41.82 9.03 6.75 -7.92
conv4 17 -2.52 -6.26 2.70 -1.54
conv4 18 -1.60 -0.55 0.74 -0.37
conv4 19 0.80 28.80 0.68 -5.71
conv4 20 5.90 3.44 -18.05 -17.93
conv4 21 15.54 -38.26 -6.45 9.21
conv4 22 -2.15 -19.65 -2.33 -1.84
conv4 23 -3.01 24.07 5.04 -1.84
conv4 24 6.88 -24.13 1.11 4.67
conv4 25 -3.25 -10.87 13.69 13.57
conv4 26 33.40 -26.53 -1.84 -3.62
conv4 27 -0.92 2.03 -3.50 -12.22
conv4 28 -0.12 21.92 -4.85 -13.51
conv4 29 -13.20 -11.67 -2.33 2.70
conv4 30 -5.34 11.73 2.27 -15.97
conv4 31 3.87 12.04 -0.80 -4.97
conv4 32 -0.43 -2.21 2.27 14.61
conv4 33 -8.04 0.25 2.89 -15.54
conv4 34 10.01 -36.17 2.33 -9.95
conv4 35 -11.24 -10.87 10.81 11.05
conv4 36 7.12 -14.55 -3.62 -2.70
conv4 37 -5.10 0.68 -1.72 2.03
conv4 38 3.01 11.11 -0.43 -5.47
conv4 39 4.30 17.69 1.54 -9.89
conv4 40 -2.27 -13.69 3.68 -1.35
conv4 41 14.18 1.29 -5.16 -10.07
conv4 42 2.89 8.97 -0.80 -6.26
conv4 43 12.16 6.63 9.27 8.47
conv4 44 -3.56 17.62 -6.88 3.13
conv4 45 -3.13 -11.85 3.38 2.33
conv4 46 4.91 28.00 -2.33 -1.90
conv4 47 -2.39 -14.49 -1.78 11.48
conv4 48 -2.95 2.52 13.14 -11.24
conv4 49 7.86 6.63 -6.82 7.49
conv4 50 -2.70 -9.40 4.91 2.76
conv4 51 4.24 -8.29 -1.60 -5.10
conv4 52 -27.45 18.97 9.76 -7.80
conv4 53 5.10 1.17 -1.35 2.82
conv4 54 5.16 5.04 -5.47 3.68
conv4 55 11.67 10.25 -13.02 -7.25
conv4 56 45.26 19.40 1.66 -7.06
conv4 57 11.97 3.87 3.19 1.60
conv4 58 -21.25 -23.03 1.72 -1.72
conv4 59 8.72 7.61 -3.13 -7.31
conv4 60 -15.84 5.40 5.83 -4.48
conv4 61 -3.99 0.25 0.80 1.47
conv4 62 -15.90 38.50 -2.39 -6.39
conv4 63 5.04 18.54 -5.96 -11.67
conv4 64 -5.22 -14.49 1.54 5.65
conv4 65 1.72 -49.06 0.12 -4.73
conv4 66 -1.84 25.42 -0.18 -3.38
conv4 67 0.98 6.57 1.41 -8.66
conv4 68 -8.23 7.74 11.61 4.36
conv4 69 4.91 -13.88 -18.30 0.92
conv4 70 44.70 2.70 -1.29 -2.95
conv4 71 -2.64 -16.33 -1.04 0.61
conv4 72 -2.58 1.41 3.32 -4.05
conv4 73 -19.65 1.90 -5.40 6.02
conv4 74 2.89 -0.43 -2.64 -4.91
conv4 75 40.47 -4.54 1.90 0.43
conv4 76 -3.68 0.61 7.43 4.61
conv4 77 -14.98 -9.89 2.39 -0.74
conv4 78 -24.99 -0.06 -1.04 -3.01
conv4 79 -1.35 -5.28 0.61 0.49
conv4 80 0.68 0.49 -1.17 -0.12
conv4 81 -19.10 -7.37 2.58 2.64
conv4 82 -15.17 3.19 10.68 -7.49
conv4 83 -15.17 22.41 -0.06 -4.85
conv4 84 -24.75 2.89 7.68 -6.51
conv4 85 1.11 -20.26 4.73 1.35
conv4 86 15.29 11.67 0.86 -16.58
conv4 87 -10.62 0.80 1.90 -7.12
conv4 88 1.23 2.33 -3.13 3.68
conv4 89 -3.87 14.37 -17.87 -3.87
conv4 90 0.49 5.10 -10.50 -1.90
conv4 91 7.61 9.27 -8.90 -2.76
conv4 92 2.64 -10.19 -0.25 -1.72
conv4 93 -17.26 -8.54 3.93 16.27
conv4 94 -4.24 -30.03 -0.61 -12.28
conv4 95 24.81 5.53 -18.05 -3.62
conv4 96 1.90 29.90 4.36 10.07
conv4 97 -2.76 22.35 0.18 4.73
conv4 98 12.96 -8.29 -9.40 12.83
conv4 99 0.98 5.16 1.90 -8.54
conv4 100 -1.11 -0.80 1.35 -8.29
conv4 101 3.38 -2.89 -15.54 6.63
conv4 102 -7.12 -21.98 0.49 5.77
conv4 103 -1.29 -28.00 -5.59 4.54
conv4 104 -16.64 4.97 5.59 -9.76
conv4 105 0.31 -6.39 4.30 2.76
conv4 106 -10.87 -0.18 -0.25 0.49
conv4 107 5.96 0.92 -3.75 -5.40
conv4 108 6.14 4.85 -0.86 3.19
conv4 109 -2.03 -5.77 2.27 6.45
conv4 110 -9.70 -17.44 10.07 13.63
conv4 111 25.36 1.97 -7.12 -3.01
conv4 112 5.34 -1.11 -2.39 -0.55
conv4 113 54.77 -10.75 3.25 -3.93
conv4 114 -58.83 5.40 3.44 -5.59
conv4 115 -0.68 0.92 4.36 -19.28
conv4 116 3.50 -3.50 -13.69 8.04
conv4 117 22.47 15.72 -4.36 -0.98
conv4 118 1.11 -0.43 -1.90 -3.87
conv4 119 -7.61 -37.64 -3.93 1.72
conv4 120 -4.24 -0.55 6.14 5.59
conv4 121 1.84 5.04 -1.60 -1.47
conv4 122 -2.52 4.18 -3.19 -15.97
conv4 123 20.82 0.12 -8.11 -10.81
conv4 124 -10.01 7.37 12.96 -6.51
conv4 125 -3.19 11.24 4.79 0.61
conv4 126 -20.08 39.24 -0.80 -12.40
conv4 127 -6.02 2.89 1.11 1.29
conv4 128 0.06 3.44 -3.25 -3.19
conv4 129 -0.43 -15.04 4.30 15.84
conv4 130 -2.82 14.25 -0.00 -9.33
conv4 131 12.34 -2.09 9.27 -0.18
conv4 132 35.37 10.19 10.13 2.21
conv4 133 -1.41 -11.05 4.05 -17.87
conv4 134 -6.94 -29.78 0.31 0.55
conv4 135 7.06 -0.18 -2.27 8.04
conv4 136 1.17 -2.39 -5.53 -10.68
conv4 137 11.48 1.84 0.12 -3.13
conv4 138 7.74 -17.56 0.55 7.00
conv4 139 5.65 -14.86 -5.10 -16.83
conv4 140 0.80 -7.49 1.97 9.89
conv4 141 -38.87 9.03 5.28 5.83
conv4 142 -0.12 0.43 -5.96 -13.63
conv4 143 -0.12 1.84 10.99 4.11
conv4 144 8.04 -8.11 -7.49 5.10
conv4 145 -30.40 13.51 3.75 -1.29
conv4 146 19.77 -31.26 -3.13 -4.97
conv4 147 -1.47 3.93 -2.95 -6.14
conv4 148 -22.66 -4.48 6.39 -8.04
conv4 149 -3.19 -2.09 7.92 0.18
conv4 150 1.84 13.14 2.58 -1.78
conv4 151 1.97 -6.45 -0.25 26.65
conv4 152 -1.11 5.28 4.24 -6.88
conv4 153 -10.99 8.72 6.26 -2.95
conv4 154 4.24 -26.22 1.29 2.82
conv4 155 0.80 -19.40 3.87 26.47
conv4 156 -23.09 -13.26 -1.97 3.75
conv4 157 2.33 6.26 -5.65 -3.81
conv4 158 -3.75 -16.58 -6.57 4.36
conv4 159 19.10 -0.86 -18.91 0.92
conv4 160 -11.61 -18.91 4.30 -4.54
conv4 161 7.06 26.47 -1.90 -1.90
conv4 162 -6.32 13.45 -0.98 -0.25
conv4 163 5.65 4.54 -7.18 -7.12
conv4 164 -7.55 -25.91 2.95 4.85
conv4 165 0.61 0.86 -2.46 -0.18
conv4 166 10.44 11.24 -0.37 -7.37
conv4 167 -4.79 -11.91 1.41 0.49
conv4 168 -23.46 14.98 -1.54 -3.99
conv4 169 4.48 -7.68 -17.32 1.04
conv4 170 2.15 16.76 -1.17 -1.90
conv4 171 0.43 2.27 6.88 1.66
conv4 172 0.98 -0.43 3.25 -17.50
conv4 173 -17.81 16.33 -2.33 1.23
conv4 174 -1.11 0.12 1.23 -1.54
conv4 175 -7.61 -15.60 0.55 1.17
conv4 176 -22.60 -31.99 2.03 -4.36
conv4 177 1.78 -15.04 1.11 5.04
conv4 178 23.70 -5.59 -2.21 4.97
conv4 179 10.62 2.27 -6.63 -6.08
conv4 180 0.43 -25.97 -4.61 7.98
conv4 181 -1.04 3.07 0.92 -19.96
conv4 182 9.15 1.23 -2.09 5.10
conv4 183 -0.92 -21.06 5.90 22.90
conv4 184 18.18 7.61 -4.05 -10.07
conv4 185 -0.25 -13.33 -3.32 15.04
conv4 186 -11.18 -2.15 15.84 17.38
conv4 187 -17.99 5.47 -3.38 4.54
conv4 188 0.74 24.07 -1.97 -38.50
conv4 189 -11.67 1.72 -0.49 -9.33
conv4 190 -8.41 0.86 2.39 8.84
conv4 191 -4.05 19.83 -2.52 1.29
conv4 192 9.89 -19.83 1.60 -3.87
conv4 193 2.27 0.31 0.37 13.45
conv4 194 -0.55 -2.52 -1.54 -1.66
conv4 195 6.69 17.87 -9.33 -3.38
conv4 196 18.73 41.27 15.41 4.73
conv4 197 -23.95 -16.70 8.84 0.06
conv4 198 15.97 -29.97 0.43 -9.52
conv4 199 -4.97 -44.77 -4.05 -7.00
conv4 200 -14.55 10.75 -4.18 -5.28
conv4 201 -31.38 28.74 1.78 -11.42
conv4 202 0.80 -7.18 -21.55 0.68
conv4 203 34.57 31.75 -5.90 3.13
conv4 204 15.04 -41.88 -1.84 -1.35
conv4 205 -2.09 -15.72 6.02 -7.49
conv4 206 -3.68 -21.62 -1.35 4.24
conv4 207 11.05 -3.81 -0.74 -5.53
conv4 208 -8.11 -43.11 3.99 1.17
conv4 209 -39.48 -12.04 -2.03 8.29
conv4 210 0.43 -0.55 -0.55 -1.47
conv4 211 33.90 -23.46 -3.44 -5.40
conv4 212 0.31 23.03 7.68 -20.20
conv4 213 -13.33 -13.69 0.61 1.60
conv4 214 0.06 -35.12 -7.80 -11.05
conv4 215 10.56 -23.15 -6.20 -9.15
conv4 216 -0.18 14.25 2.46 -15.84
conv4 217 -10.87 -7.31 3.25 -2.58
conv4 218 1.84 -12.16 -0.92 3.19
conv4 219 -7.25 33.59 2.21 -2.95
conv4 220 3.75 56.98 3.87 2.89
conv4 221 -3.25 -6.51 21.25 0.61
conv4 222 27.88 27.45 -3.25 -3.75
conv4 223 -9.95 4.18 -0.68 2.70
conv4 224 10.81 17.19 -6.75 -4.73
conv4 225 -10.81 -9.27 5.71 -8.72
conv4 226 -2.89 15.47 6.51 -13.82
conv4 227 -7.49 -25.42 0.12 2.95
conv4 228 12.83 9.83 -10.50 -2.82
conv4 229 6.26 7.43 -4.48 -9.09
conv4 230 39.12 -2.89 -6.14 -0.25
conv4 231 -28.55 8.84 22.66 -3.19
conv4 232 -23.03 8.72 5.28 10.56
conv4 233 1.97 0.31 -0.06 -2.15
conv4 234 -5.59 3.99 -6.75 -14.68
conv4 235 -0.86 -13.69 7.49 21.49
conv4 236 -5.59 6.26 12.28 -17.81
conv4 237 -11.11 -10.93 3.44 7.37
conv4 238 -0.00 -0.31 1.96 -7.80
conv4 239 0.18 4.48 -2.89 -5.59
conv4 240 -31.75 7.92 -9.83 4.91
conv4 241 -33.34 2.21 0.31 -2.89
conv4 242 0.68 -3.19 -1.11 -1.23
conv4 243 3.62 3.38 5.96 -9.58
conv4 244 -2.03 34.33 10.81 -4.85
conv4 245 5.77 13.82 -10.19 -3.07
conv4 246 -3.01 -8.17 -1.60 -6.51
conv4 247 1.54 -6.02 -0.12 -5.04
conv4 248 2.58 -6.82 10.07 -16.09
conv4 249 6.20 3.50 -2.95 -12.83
conv4 250 -15.17 36.17 -0.74 1.41
conv4 251 -4.30 2.64 14.61 12.96
conv4 252 7.25 -8.78 -1.47 4.73
conv4 253 -19.65 -20.39 4.97 1.72
conv4 254 -12.34 3.32 1.72 -5.59
conv4 255 -0.37 11.18 1.90 -4.48
conv5 0 21.16 3.44 4.13 4.89
conv5 1 -14.06 -16.50 -4.74 -8.63
conv5 2 -2.90 16.35 -1.68 3.21
conv5 3 8.56 -10.39 0.92 11.69
conv5 4 6.72 -0.31 -4.13 -0.31
conv5 5 11.77 14.67 -4.66 2.52
conv5 6 9.02 9.40 1.60 -0.31
conv5 7 -2.52 -0.61 -0.31 1.07
conv5 8 -0.46 4.51 4.97 -9.17
conv5 9 -2.22 8.25 -1.22 -1.53
conv5 10 7.49 3.36 0.69 2.06
conv5 11 11.61 -15.89 -0.69 7.56
conv5 12 3.90 -14.98 2.22 4.20
conv5 13 8.79 14.98 2.37 4.05
conv5 14 2.06 10.24 3.21 -11.38
conv5 15 -18.41 6.34 -3.21 2.44
conv5 16 2.75 27.51 -3.44 0.53
conv5 17 7.18 40.65 1.15 1.76
conv5 18 -31.63 4.13 1.38 3.74
conv5 19 5.88 -3.06 -5.81 6.04
conv5 20 -18.34 27.58 0.15 -1.22
conv5 21 12.00 23.23 5.12 -3.44
conv5 22 4.28 -2.37 -4.58 -3.06
conv5 23 1.15 -4.51 1.15 13.45
conv5 24 5.35 -0.31 -2.75 7.56
conv5 25 0.92 10.54 -3.06 -0.61
conv5 26 3.44 -4.66 0.23 7.79
conv5 27 -8.79 15.66 10.09 -9.55
conv5 28 -2.29 2.37 -1.76 4.20
conv5 29 11.31 -5.12 2.90 0.84
conv5 30 4.66 26.28 -2.14 3.59
conv5 31 7.79 -2.37 -17.27 -12.76
conv5 32 -2.75 9.25 -0.46 2.90
conv5 33 -1.38 4.13 -5.42 -3.29
conv5 34 20.86 14.44 -1.83 6.19
conv5 35 0.76 1.07 -1.60 12.30
conv5 36 4.13 -20.94 -0.31 14.98
conv5 37 -2.98 0.61 -1.38 9.55
conv5 38 9.40 3.29 -2.29 1.99
conv5 39 -5.81 12.15 2.83 -0.69
conv5 40 0.46 16.05 0.31 5.20
conv5 41 3.51 -29.42 1.38 12.45
conv5 42 -9.17 -30.41 -0.23 5.35
conv5 43 6.65 -0.31 1.30 2.22
conv5 44 10.70 23.76 1.83 2.75
conv5 45 2.75 15.74 0.53 -0.76
conv5 46 -8.18 -1.38 2.83 14.75
conv5 47 0.15 -4.81 2.29 17.19
conv5 48 -0.76 -30.87 1.99 2.52
conv5 49 1.99 10.24 2.29 2.37
conv5 50 23.30 7.95 -1.91 2.22
conv5 51 12.38 12.15 -2.67 -2.75
conv5 52 6.57 20.02 -3.29 6.34
conv5 53 -3.21 -34.76 2.67 -0.53
conv5 54 20.02 -5.96 -5.20 5.12
conv5 55 6.42 -16.96 -2.60 8.79
conv5 56 0.31 16.35 -7.11 -24.53
conv5 57 -4.97 -39.50 0.99 4.66
conv5 58 22.39 -8.10 4.66 8.63
conv5 59 8.33 -21.39 -0.38 8.71
conv5 60 -4.36 20.55 0.46 -5.04
conv5 61 6.88 -7.18 -5.65 10.39
conv5 62 -0.61 -9.63 2.14 16.05
conv5 63 4.74 17.42 4.89 -0.00
conv5 64 12.91 -4.13 1.91 8.40
conv5 65 1.45 -5.65 -12.61 24.30
conv5 66 32.78 -16.73 -3.59 1.83
conv5 67 5.12 8.86 0.15 1.83
conv5 68 4.36 19.03 4.66 2.06
conv5 69 6.65 -6.04 2.22 -0.92
conv5 70 -6.27 14.98 4.43 10.09
conv5 71 10.54 4.51 -6.34 1.83
conv5 72 -8.63 7.95 -2.67 -1.99
conv5 73 -1.22 5.12 2.22 -2.52
conv5 74 11.77 -2.14 0.99 15.43
conv5 75 -3.29 -38.28 1.60 -0.76
conv5 76 0.84 -9.78 5.65 11.08
conv5 77 -9.09 -5.58 4.36 7.87
conv5 78 -3.29 -6.19 1.99 6.88
conv5 79 4.89 -5.12 -0.76 8.33
conv5 80 0.31 4.74 0.69 -4.81
conv5 81 5.20 6.27 1.07 10.62
conv5 82 12.84 -11.61 -3.29 14.82
conv5 83 7.95 -39.35 -1.15 6.65
conv5 84 -10.09 -4.28 4.66 -1.30
conv5 85 -1.38 15.51 -3.36 -2.06
conv5 86 22.54 11.54 -4.28 -4.28
conv5 87 -0.38 0.00 0.53 -1.99
conv5 88 -5.27 -14.82 1.99 3.36
conv5 89 -3.06 -61.58 2.98 2.90
conv5 90 14.75 14.36 3.06 -0.61
conv5 91 10.39 35.30 2.29 -2.14
conv5 92 0.99 10.01 -3.67 4.28
conv5 93 27.43 1.76 0.84 2.06
conv5 94 -4.58 19.33 3.82 3.67
conv5 95 7.18 -49.89 0.53 3.21
conv5 96 1.22 6.19 -11.54 -15.13
conv5 97 -11.61 13.83 3.97 -0.00
conv5 98 4.66 1.07 1.45 5.88
conv5 99 7.95 -48.06 -2.29 5.12
conv5 100 10.39 20.40 1.30 -6.11
conv5 101 13.91 -30.64 -1.07 2.29
conv5 102 -1.30 18.87 -0.31 1.91
conv5 103 7.72 -26.82 1.53 12.68
conv5 104 12.61 -14.59 -0.15 14.06
conv5 105 2.29 1.99 2.90 12.68
conv5 106 -27.20 -29.87 4.20 5.35
conv5 107 -21.55 -4.97 -0.00 6.34
conv5 108 7.41 12.53 -2.83 -2.52
conv5 109 24.91 -15.89 -2.06 0.38
conv5 110 3.82 -34.76 0.38 3.59
conv5 111 0.92 -26.36 -1.76 12.45
conv5 112 1.99 13.91 -18.64 -17.27
conv5 113 -3.44 -11.46 0.15 2.37
conv5 114 0.38 10.09 -2.60 4.43
conv5 115 9.17 1.60 1.76 -0.99
conv5 116 3.36 18.49 -3.36 -17.88
conv5 117 0.84 -17.65 -0.23 4.97
conv5 118 0.69 9.02 -5.42 -11.69
conv5 119 9.17 -11.31 -0.61 2.44
conv5 120 1.22 -0.53 -1.91 -0.84
conv5 121 -0.61 19.10 -1.45 3.21
conv5 122 -0.08 -5.12 5.88 9.25
conv5 123 -17.04 4.36 0.38 5.04
conv5 124 0.15 12.53 3.13 5.58
conv5 125 11.38 -16.12 1.68 7.03
conv5 126 2.22 -20.09 1.07 6.49
conv5 127 12.30 2.83 -4.05 -1.30
conv5 128 31.48 -3.59 0.38 7.18
conv5 129 7.95 15.89 -11.61 -3.13
conv5 130 -4.97 17.65 1.22 -4.05
conv5 131 -0.46 -0.00 3.29 6.95
conv5 132 60.67 43.32 -0.99 2.67
conv5 133 -0.84 -0.53 -0.23 -6.11
conv5 134 -0.31 30.87 -1.30 3.36
conv5 135 30.87 -57.46 2.67 -1.91
conv5 136 6.72 -4.74 1.60 -3.06
conv5 137 5.65 7.11 -8.56 14.21
conv5 138 3.59 -6.88 3.29 4.58
conv5 139 -4.36 14.82 1.99 -0.23
conv5 140 -64.64 -23.69 4.66 4.81
conv5 141 -1.60 -15.89 1.99 6.95
conv5 142 7.64 16.43 -0.46 4.43
conv5 143 32.85 18.80 -1.38 -2.14
conv5 144 6.34 5.58 -1.53 26.67
conv5 145 -4.89 6.34 7.33 0.08
conv5 146 10.39 -13.37 1.15 4.05
conv5 147 11.08 -41.87 1.68 -6.65
conv5 148 -0.15 8.40 -0.15 -20.63
conv5 149 -6.65 -3.44 1.45 4.43
conv5 150 -0.31 -2.52 0.99 8.94
conv5 151 12.22 2.22 -0.23 2.90
conv5 152 -8.40 3.36 1.15 1.76
conv5 153 4.58 16.96 -7.49 -8.48
conv5 154 -5.73 -20.32 1.30 -1.76
conv5 155 2.44 3.29 -4.28 6.42
conv5 156 -0.31 23.76 -2.37 -1.91
conv5 157 0.61 -0.92 0.08 25.83
conv5 158 3.97 49.28 2.45 -1.83
conv5 159 0.46 -6.34 3.74 7.95
conv5 160 -3.67 -4.28 -0.08 9.02
conv5 161 4.81 -5.50 -2.14 4.89
conv5 162 -2.67 -17.04 -0.31 7.11
conv5 163 -1.91 74.19 -2.22 -11.84
conv5 164 -22.62 -3.67 0.38 2.90
conv5 165 21.47 -7.33 -0.69 1.53
conv5 166 -4.36 1.15 -0.08 12.22
conv5 167 -6.49 18.80 1.38 -0.23
conv5 168 1.07 -2.37 4.74 0.69
conv5 169 8.94 14.29 -0.61 -3.13
conv5 170 1.30 8.18 -12.84 -16.05
conv5 171 12.76 -25.98 0.61 7.33
conv5 172 0.46 -1.83 1.99 15.89
conv5 173 18.03 19.64 0.23 3.29
conv5 174 -9.55 14.21 -1.60 3.82
conv5 175 8.25 9.63 -0.99 13.98
conv5 176 6.27 5.73 -1.99 -0.92
conv5 177 -15.43 -5.58 2.75 8.94
conv5 178 -6.27 0.92 0.38 -0.92
conv5 179 -13.91 24.22 3.44 5.73
conv5 180 6.65 17.04 3.51 3.82
conv5 181 2.22 28.42 -3.90 -15.20
conv5 182 1.38 -2.22 0.61 7.33
conv5 183 21.70 -2.90 0.69 4.58
conv5 184 16.35 14.36 3.90 -1.99
conv5 185 -9.78 -10.62 -1.60 12.53
conv5 186 -8.86 -1.22 3.59 -1.07
conv5 187 21.24 -27.20 1.76 10.62
conv5 188 7.26 18.95 -0.31 -6.88
conv5 189 1.76 -4.28 -3.59 13.83
conv5 190 -21.85 -2.22 2.60 5.65
conv5 191 9.93 17.42 -2.98 -4.05
conv5 192 -8.79 -4.28 1.83 8.56
conv5 193 6.34 10.09 4.66 -1.68
conv5 194 -3.06 3.67 -1.68 12.99
conv5 195 -6.49 2.98 0.38 -0.69
conv5 196 2.60 9.47 0.46 -4.13
conv5 197 4.58 11.61 5.27 6.88
conv5 198 15.20 12.45 0.76 14.21
conv5 199 -10.62 -16.12 2.37 -0.31
conv5 200 0.46 -3.90 2.60 14.44
conv5 201 16.12 17.65 -0.15 6.49
conv5 202 -0.76 10.85 1.07 -6.11
conv5 203 6.42 -29.87 4.36 -2.98
conv5 204 3.51 -4.28 15.20 37.74
conv5 205 5.35 -3.82 3.90 19.79
conv5 206 -0.84 2.98 0.92 18.03
conv5 207 19.56 -8.10 -1.76 1.07
conv5 208 7.18 16.43 -2.06 -15.59
conv5 209 9.47 0.38 -3.67 2.83
conv5 210 9.17 -31.10 -1.68 6.42
conv5 211 0.15 10.24 -2.90 -3.21
conv5 212 17.04 -12.91 -0.46 2.60
conv5 213 -2.52 -4.58 -3.13 9.02
conv5 214 -1.45 -6.42 -4.97 25.90
conv5 215 13.75 -14.36 2.90 8.79
conv5 216 0.92 -1.99 -1.76 10.85
conv5 217 13.22 22.77 1.99 -3.67
conv5 218 1.22 23.69 6.88 5.04
conv5 219 4.43 14.67 -3.51 -11.16
conv5 220 3.97 36.67 1.07 5.04
conv5 221 17.57 52.72 -3.59 -11.46
conv5 222 4.13 25.98 -1.15 -1.22
conv5 223 -11.46 15.43 -0.31 -1.53
conv5 224 6.65 14.75 0.38 2.52
conv5 225 -0.31 9.25 3.29 -1.76
conv5 226 -2.52 -6.72 -8.33 13.52
conv5 227 -0.31 -2.37 -11.16 23.07
conv5 228 5.88 -7.87 0.15 7.11
conv5 229 -0.69 -1.76 5.42 0.84
conv5 230 -20.55 13.98 2.83 5.65
conv5 231 16.27 11.61 1.15 -9.25
conv5 232 -3.59 16.35 1.91 -5.04
conv5 233 4.89 4.89 -8.33 0.61
conv5 234 -1.91 3.44 -0.08 -0.31
conv5 235 14.98 3.51 -0.61 -7.95
conv5 236 22.85 0.53 7.03 6.11
conv5 237 4.58 6.80 -6.88 -21.39
conv5 238 0.23 -16.05 2.45 8.40
conv5 239 6.57 7.79 2.14 7.87
conv5 240 0.92 -17.11 1.38 0.31
conv5 241 2.37 -20.86 -0.15 1.68
conv5 242 11.38 14.67 1.83 0.61
conv5 243 1.60 9.93 -3.36 -21.93
conv5 244 0.76 10.54 -3.59 6.57
conv5 245 -0.76 -7.33 -0.31 5.81
conv5 246 9.09 7.79 -1.38 -9.70
conv5 247 15.36 14.36 -3.67 -11.16
conv5 248 -1.68 -12.45 0.53 3.51
conv5 249 1.83 4.58 -3.13 0.84
conv5 250 -10.93 17.73 3.13 -10.09
conv5 251 -1.07 25.14 1.99 -1.99
conv5 252 -11.54 -13.07 -0.00 -0.46
conv5 253 2.75 -0.61 -1.53 10.77
conv5 254 0.92 9.40 5.12 9.70
conv5 255 -1.45 8.79 -2.75 -7.41
conv1 0 1.15 2.35 1.15 2.35
conv1 1 4.93 -0.19 4.93 -0.19
conv1 2 0.62 1.01 0.62 1.01
conv1 3 0.14 -0.40 0.14 -0.40
conv1 4 -1.34 0.77 -1.34 0.77
conv1 5 0.66 0.25 0.66 0.25
conv1 6 0.43 0.19 0.43 0.19
conv1 7 0.75 0.20 0.75 0.20
conv1 8 -2.03 -3.11 -2.03 -3.11
conv1 9 1.12 0.80 1.12 0.80
conv1 10 0.04 -1.86 0.04 -1.86
conv1 11 0.66 0.48 0.66 0.48
conv1 12 -1.76 0.11 -1.76 0.11
conv1 13 0.55 0.52 0.55 0.52
conv1 14 -0.21 0.47 -0.21 0.47
conv1 15 -1.99 1.08 -1.99 1.08
conv1 16 0.61 -0.12 0.61 -0.12
conv1 17 -0.35 1.30 -0.35 1.30
conv1 18 0.86 0.33 0.86 0.33
conv1 19 1.87 -2.54 1.87 -2.54
conv1 20 0.16 0.37 0.16 0.37
conv1 21 2.37 0.29 2.37 0.29
conv1 22 0.65 1.20 0.65 1.20
conv1 23 0.45 -0.08 0.45 -0.08
conv1 24 -0.17 0.32 -0.17 0.32
conv1 25 -1.62 1.39 -1.62 1.39
conv1 26 -1.21 -0.62 -1.21 -0.62
conv1 27 0.79 0.66 0.79 0.66
conv1 28 -0.46 0.11 -0.46 0.11
conv1 29 -1.51 -0.08 -1.51 -0.08
conv1 30 -0.32 -0.43 -0.32 -0.43
conv1 31 -1.83 0.75 -1.83 0.75
conv1 32 -1.26 -0.63 -1.26 -0.63
conv1 33 2.00 1.05 2.00 1.05
conv1 34 1.66 0.72 1.66 0.72
conv1 35 1.08 0.60 1.08 0.60
conv1 36 -3.00 1.00 -3.00 1.00
conv1 37 0.39 -0.93 0.39 -0.93
conv1 38 -0.16 -0.43 -0.16 -0.43
conv1 39 1.37 -1.67 1.37 -1.67
conv1 40 -1.67 -0.36 -1.67 -0.36
conv1 41 0.70 1.06 0.70 1.06
conv1 42 0.41 0.97 0.41 0.97
conv1 43 -0.14 -0.99 -0.14 -0.99
conv1 44 1.28 1.71 1.28 1.71
conv1 45 -0.29 0.81 -0.29 0.81
conv1 46 -4.15 -0.39 -4.15 -0.39
conv1 47 0.35 0.21 0.35 0.21
conv1 48 0.40 2.61 0.40 2.61
conv1 49 -0.45 0.57 -0.45 0.57
conv1 50 0.12 0.12 0.12 0.12
conv1 51 1.21 -0.50 1.21 -0.50
conv1 52 -1.22 -1.59 -1.22 -1.59
conv1 53 -0.43 -0.36 -0.43 -0.36
conv1 54 -0.22 0.45 -0.22 0.45
conv1 55 -0.39 -1.40 -0.39 -1.40
conv1 56 -0.08 -0.45 -0.08 -0.45
conv1 57 0.04 0.11 0.04 0.11
conv1 58 -0.58 -2.17 -0.58 -2.17
conv1 59 1.01 0.33 1.01 0.33
conv1 60 1.06 -0.30 1.06 -0.30
conv1 61 1.13 3.06 1.13 3.06
conv1 62 0.06 0.17 0.06 0.17
conv1 63 -1.18 1.79 -1.18 1.79
