conv1 0 92 0.00 4.12 6.1961 93 0.00 4.12 -8.1372
conv1 1 344 0.00 -4.12 1.1786 345 0.00 -4.12 -6.7926
conv1 2 119 4.12 0.00 0.6085 118 4.12 0.00 -0.6827
conv1 3 262 4.12 0.00 7.6405 263 4.12 0.00 -7.7996
conv1 4 16 -4.12 0.00 0.3841 17 -4.12 0.00 -0.6160
conv1 5 115 4.12 0.00 8.6579 114 4.12 0.00 -8.6075
conv1 6 77 0.00 0.00 13.5780 76 0.00 0.00 -13.7283
conv1 7 63 0.00 -4.12 4.6013 62 0.00 -4.12 -7.4375
conv1 8 289 -4.12 -4.12 4.2632 288 -4.12 -4.12 -0.9725
conv1 9 1712 2.06 0.00 6.3730 1713 2.06 0.00 -6.5709
conv1 10 807 0.00 -2.06 9.4408 806 0.00 -2.06 -9.4729
conv1 11 76 0.00 0.00 13.0226 77 0.00 0.00 -13.2790
conv1 12 706 -2.06 0.00 11.1739 707 -2.06 0.00 -11.3055
conv1 13 218 0.00 0.00 12.9815 219 0.00 0.00 -13.0506
conv1 14 73 0.00 0.00 11.3695 72 0.00 0.00 -11.5181
conv1 15 30 -4.12 0.00 1.4571 31 -4.12 0.00 -4.0524
conv1 16 213 0.00 0.00 10.1209 212 0.00 0.00 -10.2219
conv1 17 91 0.00 4.12 7.6470 90 0.00 4.12 -7.6228
conv1 18 210 0.00 0.00 12.3703 211 0.00 0.00 -12.5730
conv1 19 77 0.00 0.00 2.1060 76 0.00 0.00 -4.4833
conv1 20 126 4.12 0.00 1.7284 127 4.12 0.00 -2.0043
conv1 21 68 0.00 0.00 0.2040 69 0.00 0.00 -0.3024
conv1 22 217 0.00 0.00 6.2890 216 0.00 0.00 -6.4468
conv1 23 64 0.00 0.00 11.8332 65 0.00 0.00 -11.9142
conv1 24 209 0.00 0.00 14.5641 208 0.00 0.00 -14.7557
conv1 25 360 0.00 0.00 11.1512 361 0.00 0.00 -11.2923
conv1 26 2 -4.12 -4.12 6.2949 3 -4.12 -4.12 -10.1697
conv1 27 256 4.12 0.00 5.8045 257 4.12 0.00 -5.9746
conv1 28 227 0.00 4.12 8.0891 226 0.00 4.12 -8.3667
conv1 29 60 0.00 -4.12 5.4092 61 0.00 -4.12 -5.8028
conv1 30 208 0.00 0.00 10.4772 209 0.00 0.00 -10.7330
conv1 31 718 -2.06 0.00 8.3409 719 -2.06 0.00 -12.3599
conv1 32 63 0.00 -4.12 8.1433 62 0.00 -4.12 -8.2385
conv1 33 958 2.06 2.06 9.0136 959 2.06 2.06 -9.1345
conv1 34 195 0.00 -4.12 7.8563 194 0.00 -4.12 -7.9264
conv1 35 91 0.00 4.12 1.3205 90 0.00 4.12 -2.0891
conv1 36 304 -4.12 0.00 2.2550 305 -4.12 0.00 -7.8196
conv1 37 69 0.00 0.00 1.8836 68 0.00 0.00 -0.5626
conv1 38 58 0.00 -4.12 3.8858 59 0.00 -4.12 -4.2167
conv1 39 51 0.00 -4.12 10.3208 50 0.00 -4.12 -14.5795
conv1 40 25 -4.12 0.00 2.3784 24 -4.12 0.00 -2.2698
conv1 41 221 0.00 0.00 14.8861 220 0.00 0.00 -14.9410
conv1 42 87 0.00 4.12 3.7447 86 0.00 4.12 -4.0853
conv1 43 74 0.00 0.00 9.5197 75 0.00 0.00 -9.6383
conv1 44 87 0.00 4.12 4.0586 86 0.00 4.12 -4.9016
conv1 45 830 0.00 0.00 8.3618 831 0.00 0.00 -12.2405
conv1 46 595 -4.12 0.00 5.2136 594 -4.12 0.00 -7.6324
conv1 47 114 4.12 0.00 7.9580 115 4.12 0.00 -7.9273
conv1 48 70 0.00 0.00 8.2790 71 0.00 0.00 -8.4952
conv1 49 26 -4.12 0.00 0.4873 27 -4.12 0.00 -0.5369
conv1 50 69 0.00 0.00 14.4276 68 0.00 0.00 -14.7282
conv1 51 345 0.00 -4.12 1.5058 344 0.00 -4.12 -5.2089
conv1 52 77 0.00 0.00 1.4141 76 0.00 0.00 -1.5998
conv1 53 305 -4.12 0.00 2.8171 304 -4.12 0.00 -2.8525
conv1 54 361 0.00 0.00 11.9090 360 0.00 0.00 -12.0489
conv1 55 171 -4.12 0.00 10.5576 170 -4.12 0.00 -10.6739
conv1 56 17 -4.12 0.00 5.8463 16 -4.12 0.00 -5.9724
conv1 57 214 0.00 0.00 14.9676 215 0.00 0.00 -15.1119
conv1 58 345 0.00 -4.12 2.1997 344 0.00 -4.12 -4.7352
conv1 59 86 0.00 4.12 4.1824 87 0.00 4.12 -4.4175
conv1 60 218 0.00 0.00 3.7924 219 0.00 0.00 -3.8806
conv1 61 126 4.12 0.00 5.1842 127 4.12 0.00 -5.8359
conv1 62 57 0.00 -4.12 7.6086 56 0.00 -4.12 -7.5073
conv1 63 188 -4.12 4.12 6.6356 189 -4.12 4.12 -6.6648
conv2 0 13194 2.39 0.00 23.9059 5823 4.78 -14.34 -19.6571
conv2 1 355 0.00 0.00 42.0219 367 0.00 0.00 -38.2617
conv2 2 3032 -19.12 -4.78 22.4894 3736 0.00 -4.78 -17.2981
conv2 3 79 0.00 0.00 6.6972 2299 -9.56 9.56 -8.9908
conv2 4 688 -9.56 -9.56 13.3669 846 0.00 9.56 -31.0230
conv2 5 132 19.12 19.12 7.6869 351 0.00 -19.12 -11.9287
conv2 6 827 0.00 0.00 -0.1844 74 0.00 0.00 -11.5266
conv2 7 338 0.00 -19.12 4.5579 954 9.56 9.56 -23.3234
conv2 8 359 0.00 0.00 24.6815 219 0.00 0.00 -39.0353
conv2 9 830 0.00 0.00 6.0710 5850 4.78 -4.78 -6.4440
conv2 10 195 0.00 -19.12 10.5131 78 0.00 0.00 -23.5469
conv2 11 12789 0.00 -4.78 1.9212 366 0.00 0.00 -4.5058
conv2 12 352 0.00 0.00 27.3326 64 0.00 0.00 -21.7543
conv2 13 4085 9.56 -4.78 5.4949 216 0.00 0.00 -11.5157
conv2 14 205 0.00 -19.12 9.5064 943 9.56 0.00 -12.5303
conv2 15 259 19.12 0.00 11.5961 1613 0.00 0.00 -36.2327
conv2 16 79 0.00 0.00 14.4324 216 0.00 0.00 -35.5183
conv2 17 900 9.56 -19.12 9.9727 828 0.00 0.00 -32.2501
conv2 18 513 -28.69 19.12 3.0405 66 0.00 0.00 -70.1803
conv2 19 293 -19.12 -19.12 12.3048 818 0.00 0.00 -32.1922
conv2 20 100 19.12 -19.12 5.2692 222 0.00 0.00 -23.7441
conv2 21 6215 14.34 0.00 18.8872 2278 -9.56 0.00 -16.8300
conv2 22 1621 0.00 9.56 2.2803 818 0.00 0.00 -7.3675
conv2 23 75 0.00 0.00 7.3698 366 0.00 0.00 -12.5086
conv2 24 3640 -4.78 19.12 20.2676 359 0.00 0.00 -19.2363
conv2 25 2500 9.56 0.00 13.7026 2507 9.56 0.00 -38.7930
conv2 26 5208 -14.34 14.34 1.9503 79 0.00 0.00 -21.6258
conv2 27 2503 9.56 0.00 16.8896 1626 0.00 9.56 -46.6188
conv2 28 377 0.00 19.12 4.4129 1625 0.00 9.56 -17.5407
conv2 29 803 0.00 -9.56 13.2002 95 0.00 19.12 -18.3138
conv2 30 224 0.00 19.12 8.0730 50 0.00 -19.12 -10.7213
conv2 31 216 0.00 0.00 14.9083 820 0.00 0.00 -32.3471
conv2 32 73 0.00 0.00 5.3132 78 0.00 0.00 -19.3598
conv2 33 828 0.00 0.00 9.1519 79 0.00 0.00 -16.1171
conv2 34 361 0.00 0.00 10.3612 816 0.00 0.00 -30.9678
conv2 35 357 0.00 0.00 27.5738 1615 0.00 0.00 -19.3648
conv2 36 3231 -14.34 0.00 4.1349 265 19.12 0.00 -23.8244
conv2 37 816 0.00 0.00 18.4034 2397 0.00 0.00 -20.5848
conv2 38 954 9.56 9.56 10.4102 208 0.00 0.00 -21.3903
conv2 39 1703 9.56 -9.56 10.7360 209 0.00 0.00 -15.3823
conv2 40 3975 4.78 14.34 20.9474 801 0.00 -9.56 -16.1596
conv2 41 685 -9.56 -19.12 5.9112 362 0.00 0.00 -48.9596
conv2 42 26 -19.12 0.00 9.0532 719 -9.56 0.00 -9.4018
conv2 43 56 0.00 -19.12 10.9603 216 0.00 0.00 -19.0355
conv2 44 810 0.00 -9.56 11.7121 5874 4.78 4.78 -24.0230
conv2 45 2148 -19.12 -9.56 7.2092 218 0.00 0.00 -45.7934
conv2 46 271 19.12 0.00 23.3738 209 0.00 0.00 -42.8336
conv2 47 2500 9.56 0.00 14.5751 2398 0.00 0.00 -35.4716
conv2 48 1834 19.12 0.00 24.3018 168 -19.12 0.00 -17.5312
conv2 49 804 0.00 -9.56 16.9544 1492 -9.56 0.00 -24.2378
conv2 50 955 9.56 9.56 20.2954 363 0.00 0.00 -33.5459
conv2 51 77 0.00 0.00 10.3039 830 0.00 0.00 -44.0109
conv2 52 3553 -4.78 -4.78 28.5970 941 9.56 0.00 -20.8057
conv2 53 1045 19.12 0.00 11.8847 219 0.00 0.00 -24.3523
conv2 54 93 0.00 19.12 4.3689 3930 4.78 0.00 -7.3721
conv2 55 69 0.00 0.00 9.0382 6171 14.34 -14.34 -3.8347
conv2 56 365 0.00 0.00 10.7282 7273 -9.56 0.00 -16.3430
conv2 57 90 0.00 19.12 7.6497 806 0.00 -9.56 -32.8938
conv2 58 717 -9.56 0.00 10.4564 26 -19.12 0.00 -32.2855
conv2 59 3345 -9.56 -14.34 7.2549 218 0.00 0.00 -49.6116
conv2 60 58 0.00 -19.12 21.9524 1608 0.00 0.00 -31.1661
conv2 61 208 0.00 0.00 14.7588 2397 0.00 0.00 -47.6505
conv2 62 715 -9.56 0.00 10.3955 1040 19.12 0.00 -3.8009
conv2 63 973 9.56 19.12 10.7005 719 -9.56 0.00 -50.5282
conv2 64 354 0.00 0.00 10.9645 362 0.00 0.00 -80.9271
conv2 65 220 0.00 0.00 8.3291 7793 4.78 0.00 -26.3424
conv2 66 217 0.00 0.00 15.2639 118 19.12 0.00 -15.7599
conv2 67 1467 -9.56 -19.12 5.4919 820 0.00 0.00 -42.1281
conv2 68 77 0.00 0.00 10.5393 2391 0.00 0.00 -30.2046
conv2 69 5313 -9.56 -4.78 16.5700 710 -9.56 0.00 -21.0102
conv2 70 929 9.56 0.00 6.0758 355 0.00 0.00 -49.7676
conv2 71 2251 -9.56 -19.12 21.8992 2282 -9.56 0.00 -25.3422
conv2 72 363 0.00 0.00 14.2005 355 0.00 0.00 -23.4026
conv2 73 685 -9.56 -19.12 9.5785 1605 0.00 0.00 -26.8111
conv2 74 119 19.12 0.00 11.8954 808 0.00 -9.56 -24.4738
conv2 75 331 -19.12 19.12 15.2959 823 0.00 0.00 -37.7609
conv2 76 824 0.00 0.00 19.0140 5683 0.00 0.00 -39.3151
conv2 77 833 0.00 9.56 11.5201 212 0.00 0.00 -18.3544
conv2 78 1385 -19.12 0.00 13.8633 367 0.00 0.00 -46.0629
conv2 79 620 -19.12 9.56 14.4550 355 0.00 0.00 -35.5380
conv2 80 2367 0.00 -19.12 17.0344 225 0.00 19.12 -19.7112
conv2 81 95 0.00 19.12 8.5418 73 0.00 0.00 -12.5063
conv2 82 1047 19.12 0.00 12.1482 1595 0.00 -9.56 -39.9046
conv2 83 825 0.00 0.00 24.0737 1600 0.00 0.00 -97.9165
conv2 84 355 0.00 0.00 22.5301 358 0.00 0.00 -33.3669
conv2 85 18 -19.12 0.00 16.3599 23 -19.12 0.00 -21.8234
conv2 86 208 0.00 0.00 14.7311 3737 0.00 -4.78 -61.3567
conv2 87 5823 4.78 -14.34 11.2766 2402 0.00 9.56 -16.3450
conv2 88 5335 -9.56 0.00 18.4665 264 19.12 0.00 -24.9414
conv2 89 964 9.56 19.12 11.7904 74 0.00 0.00 -35.6594
conv2 90 126 19.12 0.00 15.8107 123 19.12 0.00 -25.5637
conv2 91 1714 9.56 0.00 15.8925 51 0.00 -19.12 -21.1695
conv2 92 697 -9.56 -9.56 9.9268 1625 0.00 9.56 -48.7430
conv2 93 3408 -9.56 4.78 1.3956 839 0.00 9.56 -5.7605
conv2 94 13628 4.78 9.56 29.5507 945 9.56 9.56 -20.4217
conv2 95 1833 19.12 0.00 20.9087 168 -19.12 0.00 -34.7570
conv2 96 725 -9.56 9.56 21.5340 213 0.00 0.00 -37.0572
conv2 97 222 0.00 0.00 23.3287 355 0.00 0.00 -34.9137
conv2 98 90 0.00 19.12 22.6474 834 0.00 9.56 -22.0503
conv2 99 595 -19.12 0.00 10.3414 193 0.00 -19.12 -27.0453
conv2 100 380 0.00 19.12 18.2606 366 0.00 0.00 -22.1906
conv2 101 3753 0.00 0.00 8.3002 816 0.00 0.00 -13.6995
conv2 102 369 0.00 19.12 24.7844 74 0.00 0.00 -33.1461
conv2 103 919 9.56 -9.56 12.3953 835 0.00 9.56 -41.9607
conv2 104 2397 0.00 0.00 22.5041 209 0.00 0.00 -41.8449
conv2 105 2289 -9.56 9.56 11.4638 2500 9.56 0.00 -14.0954
conv2 106 19 -19.12 0.00 11.4254 355 0.00 0.00 -15.6564
conv2 107 13179 2.39 -2.39 30.1428 354 0.00 0.00 -19.6984
conv2 108 77 0.00 0.00 8.5453 5458 -4.78 -14.34 -12.4003
conv2 109 2271 -9.56 -9.56 6.3951 219 0.00 0.00 -22.6044
conv2 110 833 0.00 9.56 5.1338 64 0.00 0.00 -17.8984
conv2 111 360 0.00 0.00 19.5530 72 0.00 0.00 -25.1748
conv2 112 12438 -2.39 -2.39 3.1788 70 0.00 0.00 -14.3509
conv2 113 918 9.56 -9.56 14.7522 939 9.56 0.00 -32.1603
conv2 114 96 19.12 -19.12 3.4445 358 0.00 0.00 -5.3195
conv2 115 367 0.00 0.00 9.5035 356 0.00 0.00 -66.8925
conv2 116 362 0.00 0.00 36.8027 358 0.00 0.00 -34.0367
conv2 117 3737 0.00 -4.78 14.4195 402 19.12 0.00 -10.8056
conv2 118 1743 9.56 9.56 8.7074 193 0.00 -19.12 -28.8705
conv2 119 5701 0.00 4.78 23.6388 261 19.12 0.00 -22.1625
conv2 120 209 0.00 0.00 15.8009 64 0.00 0.00 -20.9769
conv2 121 2638 19.12 9.56 3.2707 362 0.00 0.00 -13.2065
conv2 122 1475 -9.56 -9.56 5.1976 840 0.00 9.56 -7.7813
conv2 123 89 0.00 19.12 6.7453 208 0.00 0.00 -43.2300
conv2 124 4478 19.12 4.78 14.7850 2494 9.56 -9.56 -22.0437
conv2 125 3729 0.00 -4.78 5.8118 223 0.00 0.00 -5.1243
conv2 126 132 19.12 19.12 5.0310 694 -9.56 -9.56 -24.3240
conv2 127 690 -9.56 -9.56 25.4165 942 9.56 0.00 -26.8245
conv2 128 935 9.56 0.00 9.1260 3277 -14.34 14.34 -7.9236
conv2 129 2285 -9.56 0.00 10.1452 213 0.00 0.00 -30.9846
conv2 130 5693 0.00 0.00 5.4664 217 0.00 0.00 -17.3661
conv2 131 3793 0.00 14.34 20.2098 193 0.00 -19.12 -36.2679
conv2 132 173 -19.12 0.00 8.5279 113 19.12 0.00 -40.1813
conv2 133 920 9.56 -9.56 10.3552 614 -19.12 9.56 -36.0267
conv2 134 1475 -9.56 -9.56 7.7300 364 0.00 0.00 -5.8223
conv2 135 253 19.12 -19.12 24.6254 213 0.00 0.00 -21.5766
conv2 136 3778 0.00 9.56 5.0699 360 0.00 0.00 -4.0161
conv2 137 313 -19.12 0.00 12.4694 1488 -9.56 0.00 -29.7773
conv2 138 208 0.00 0.00 8.6241 217 0.00 0.00 -29.8614
conv2 139 4219 14.34 -19.12 8.6226 67 0.00 0.00 -31.7933
conv2 140 367 0.00 0.00 22.2713 357 0.00 0.00 -24.4097
conv2 141 935 9.56 0.00 21.0493 23 -19.12 0.00 -32.2704
conv2 142 730 -9.56 9.56 15.3009 922 9.56 -9.56 -34.5586
conv2 143 1488 -9.56 0.00 18.1106 352 0.00 0.00 -21.3280
conv2 144 1585 0.00 -9.56 13.7983 841 0.00 9.56 -31.1670
conv2 145 3401 -9.56 0.00 8.7320 79 0.00 0.00 -17.8035
conv2 146 209 0.00 0.00 3.9489 74 0.00 0.00 -9.7007
conv2 147 231 0.00 19.12 15.7724 360 0.00 0.00 -37.7412
conv2 148 17 -19.12 0.00 6.9899 365 0.00 0.00 -39.4929
conv2 149 5844 4.78 -4.78 5.5069 1489 -9.56 0.00 -13.1248
conv2 150 106 19.12 -19.12 14.6867 358 0.00 0.00 -10.2336
conv2 151 344 0.00 -19.12 6.0519 363 0.00 0.00 -42.6089
conv2 152 75 0.00 0.00 18.1924 70 0.00 0.00 -38.0398
conv2 153 2395 0.00 0.00 24.2986 94 0.00 19.12 -37.3473
conv2 154 3755 0.00 0.00 10.1387 72 0.00 0.00 -4.3279
conv2 155 2507 9.56 0.00 20.1886 62 0.00 -19.12 -34.0991
conv2 156 225 0.00 19.12 9.1763 357 0.00 0.00 -11.7094
conv2 157 46 -19.12 19.12 12.3769 210 0.00 0.00 -16.1797
conv2 158 271 19.12 0.00 2.5470 806 0.00 -9.56 -6.5585
conv2 159 2383 0.00 -9.56 30.8323 27 -19.12 0.00 -22.5845
conv2 160 2601 19.12 -9.56 7.6334 354 0.00 0.00 -62.6226
conv2 161 83 0.00 19.12 8.9569 72 0.00 0.00 -8.8565
conv2 162 276 19.12 19.12 6.6512 830 0.00 0.00 -25.4537
conv2 163 3697 0.00 -14.34 24.9498 3760 0.00 4.78 -35.9792
conv2 164 852 0.00 19.12 8.2414 358 0.00 0.00 -42.6844
conv2 165 1509 -9.56 9.56 9.8727 367 0.00 0.00 -25.9545
conv2 166 77 0.00 0.00 9.6000 2398 0.00 0.00 -28.9694
conv2 167 5887 4.78 4.78 23.2627 122 19.12 0.00 -38.0378
conv2 168 835 0.00 9.56 20.0544 5855 4.78 -4.78 -26.7406
conv2 169 2503 9.56 0.00 19.3797 70 0.00 0.00 -21.5814
conv2 170 2398 0.00 0.00 16.2460 5878 4.78 4.78 -26.9965
conv2 171 3929 4.78 0.00 15.9379 1483 -9.56 -9.56 -24.4988
conv2 172 3738 0.00 -4.78 10.0429 365 0.00 0.00 -14.8452
conv2 173 630 -19.12 19.12 5.3048 78 0.00 0.00 -35.3814
conv2 174 378 0.00 19.12 1.7971 218 0.00 0.00 -16.6885
conv2 175 698 -9.56 -9.56 6.1047 122 19.12 0.00 -35.3709
conv2 176 3758 0.00 0.00 3.3842 55 0.00 -19.12 -7.7540
conv2 177 863 0.00 19.12 9.6405 1584 0.00 -9.56 -18.1111
conv2 178 908 9.56 -19.12 13.1467 3748 0.00 0.00 -14.6831
conv2 179 741 -9.56 19.12 19.1772 211 0.00 0.00 -53.4181
conv2 180 12439 -2.39 -2.39 3.1713 830 0.00 0.00 -7.0399
conv2 181 358 0.00 0.00 7.6013 64 0.00 0.00 -25.0326
conv2 182 5182 -14.34 4.78 15.8732 2414 0.00 9.56 -34.2630
conv2 183 1613 0.00 0.00 13.0847 216 0.00 0.00 -21.0588
conv2 184 951 9.56 9.56 4.1024 209 0.00 0.00 -5.0530
conv2 185 3537 -4.78 -9.56 13.4605 66 0.00 0.00 -37.7487
conv2 186 916 9.56 -9.56 9.5277 358 0.00 0.00 -40.3574
conv2 187 73 0.00 0.00 10.7569 830 0.00 0.00 -41.4301
conv2 188 1385 -19.12 0.00 20.8146 3929 4.78 0.00 -45.0656
conv2 189 4265 14.34 -4.78 22.4440 315 -19.12 0.00 -19.5134
conv2 190 46 -19.12 19.12 7.6648 210 0.00 0.00 -35.4911
conv2 191 232 0.00 19.12 4.5348 2388 0.00 0.00 -27.3916
conv3 0 3744 0.00 0.00 15.6091 820 0.00 0.00 -26.2782
conv3 1 899 18.56 -37.12 6.0216 817 0.00 0.00 -29.6707
conv3 2 21682 4.64 9.28 8.9424 3905 9.28 -9.28 -18.2797
conv3 3 3629 -9.28 27.84 8.7832 3766 0.00 9.28 -21.6397
conv3 4 366 0.00 0.00 12.1556 830 0.00 0.00 -33.9369
conv3 5 1609 0.00 0.00 24.5039 356 0.00 0.00 -46.5549
conv3 6 21743 4.64 23.20 3.8541 1605 0.00 0.00 -20.4930
conv3 7 2360 0.00 -37.12 6.3744 51 0.00 -37.12 -43.8284
conv3 8 12457 -4.64 0.00 19.0853 357 0.00 0.00 -41.0106
conv3 9 930 18.56 0.00 4.1309 691 -18.56 -18.56 -12.4115
conv3 10 30190 4.64 18.56 3.8007 1608 0.00 0.00 -36.3152
conv3 11 16 -37.12 0.00 11.4869 68 0.00 0.00 -41.4911
conv3 12 219 0.00 0.00 6.4137 817 0.00 0.00 -36.6981
conv3 13 4242 27.84 -18.56 6.6951 12448 -4.64 0.00 -29.8583
conv3 14 50 0.00 -37.12 17.4124 2497 18.56 0.00 -22.0105
conv3 15 820 0.00 0.00 9.5336 12476 -4.64 4.64 -35.4043
conv3 16 13991 13.92 18.56 6.2026 7455 -9.28 0.00 -47.4414
conv3 17 1600 0.00 0.00 10.3814 69 0.00 0.00 -34.9646
conv3 18 12904 0.00 23.20 4.5507 12432 -4.64 -4.64 -33.9287
conv3 19 7583 0.00 -27.84 8.8188 817 0.00 0.00 -16.2733
conv3 20 1740 18.56 18.56 14.8672 3729 0.00 -9.28 -36.5269
conv3 21 12835 0.00 4.64 23.7023 811 0.00 -18.56 -33.1373
conv3 22 408 37.12 0.00 23.7901 949 18.56 18.56 -40.7748
conv3 23 67 0.00 0.00 8.1546 359 0.00 0.00 -33.9364
conv3 24 49 0.00 -37.12 12.5600 3732 0.00 -9.28 -24.9686
conv3 25 218 0.00 0.00 10.3743 213 0.00 0.00 -77.1557
conv3 26 21637 4.64 -4.64 23.0095 82 0.00 37.12 -18.3018
conv3 27 45 -37.12 37.12 14.3332 947 18.56 18.56 -63.5747
conv3 28 321 -37.12 37.12 3.9818 3583 -9.28 0.00 -43.4104
conv3 29 12713 0.00 -32.48 5.4443 847 0.00 18.56 -37.6759
conv3 30 826 0.00 0.00 11.8948 2389 0.00 0.00 -32.5976
conv3 31 698 -18.56 -18.56 10.3278 12473 -4.64 4.64 -66.5126
conv3 32 1600 0.00 0.00 11.5248 1517 -18.56 18.56 -28.3936
conv3 33 4282 27.84 0.00 1.1180 828 0.00 0.00 -29.2052
conv3 34 225 0.00 37.12 18.9304 842 0.00 18.56 -26.5810
conv3 35 702 -18.56 -18.56 19.3890 5879 9.28 9.28 -52.3363
conv3 36 3585 -9.28 9.28 10.5342 1608 0.00 0.00 -18.9383
conv3 37 2297 -18.56 18.56 5.7189 264 37.12 0.00 -19.9237
conv3 38 352 0.00 0.00 2.7119 12476 -4.64 4.64 -13.8688
conv3 39 407 37.12 0.00 11.9756 62 0.00 -37.12 -39.5390
conv3 40 362 0.00 0.00 0.1185 4117 18.56 9.28 -34.1106
conv3 41 822 0.00 0.00 9.2994 1601 0.00 0.00 -49.9378
conv3 42 808 0.00 -18.56 14.3894 1601 0.00 0.00 -48.6142
conv3 43 3395 -18.56 0.00 13.2760 4119 18.56 9.28 -44.4929
conv3 44 829 0.00 0.00 42.5990 816 0.00 0.00 -79.0392
conv3 45 2618 37.12 0.00 11.1874 828 0.00 0.00 -20.8346
conv3 46 10561 -27.84 -13.92 4.5069 3753 0.00 0.00 -46.5484
conv3 47 749 -18.56 37.12 2.6755 3751 0.00 0.00 -31.4798
conv3 48 727 -18.56 18.56 5.2720 2396 0.00 0.00 -30.4718
conv3 49 12825 0.00 0.00 17.4866 825 0.00 0.00 -21.5014
conv3 50 14689 23.20 9.28 4.4292 5669 0.00 -9.28 -8.5083
conv3 51 7627 0.00 0.00 8.8661 817 0.00 0.00 -17.1309
conv3 52 3752 0.00 0.00 38.8614 131 37.12 37.12 -25.0447
conv3 53 12045 -9.28 -13.92 14.5487 844 0.00 18.56 -20.2648
conv3 54 2395 0.00 0.00 24.8155 2387 0.00 0.00 -42.0230
conv3 55 7797 9.28 0.00 5.9087 3753 0.00 0.00 -29.3816
conv3 56 3247 -27.84 9.28 4.4674 937 18.56 0.00 -12.3190
conv3 57 12436 -4.64 -4.64 10.8075 13205 4.64 4.64 -28.3072
conv3 58 211 0.00 0.00 15.7412 62 0.00 -37.12 -51.0270
conv3 59 3252 -27.84 18.56 6.9050 3920 9.28 0.00 -20.4583
conv3 60 3539 -9.28 -18.56 11.0217 7811 9.28 9.28 -43.7067
conv3 61 13209 4.64 4.64 30.0871 2400 0.00 18.56 -17.1455
conv3 62 100 37.12 -37.12 2.0314 13209 4.64 4.64 -53.6067
conv3 63 8158 27.84 0.00 0.5280 24 -37.12 0.00 -22.8649
conv3 64 3221 -27.84 0.00 18.3796 819 0.00 0.00 -36.2829
conv3 65 12480 -4.64 9.28 5.6066 5671 0.00 -9.28 -29.6230
conv3 66 824 0.00 0.00 9.9610 82 0.00 37.12 -20.6004
conv3 67 830 0.00 0.00 19.1158 3603 -9.28 18.56 -28.1057
conv3 68 5712 0.00 18.56 5.5048 3575 -9.28 0.00 -13.2252
conv3 69 66 0.00 0.00 3.7289 265 37.12 0.00 -28.2728
conv3 70 3226 -27.84 0.00 4.4473 3747 0.00 0.00 -40.4626
conv3 71 5641 0.00 -27.84 17.6581 21666 4.64 4.64 -34.8651
conv3 72 1641 0.00 37.12 5.9366 26 -37.12 0.00 -66.4897
conv3 73 123 37.12 0.00 15.1544 822 0.00 0.00 -31.6025
conv3 74 168 -37.12 0.00 17.3747 2507 18.56 0.00 -32.5096
conv3 75 342 0.00 -37.12 4.2490 817 0.00 0.00 -21.0096
conv3 76 23423 27.84 -23.20 6.7000 825 0.00 0.00 -58.7157
conv3 77 2393 0.00 0.00 12.8313 831 0.00 0.00 -31.4066
conv3 78 3249 -27.84 18.56 12.3278 820 0.00 0.00 -44.9293
conv3 79 13151 4.64 -13.92 17.1753 3613 -9.28 18.56 -28.2026
conv3 80 68 0.00 0.00 8.2657 2388 0.00 0.00 -36.6156
conv3 81 5359 -18.56 9.28 6.2609 62 0.00 -37.12 -30.5288
conv3 82 12097 -9.28 4.64 13.3376 7593 0.00 -18.56 -20.9430
conv3 83 230 0.00 37.12 7.6392 3744 0.00 0.00 -58.0537
conv3 84 600 -37.12 0.00 13.4668 118 37.12 0.00 -38.2997
conv3 85 19002 -27.84 -23.20 0.8917 5673 0.00 -9.28 -75.1445
conv3 86 7387 -9.28 -37.12 3.7838 1609 0.00 0.00 -27.8770
conv3 87 7277 -18.56 0.00 12.2895 14693 23.20 9.28 -44.2040
conv3 88 13563 9.28 0.00 14.9390 62 0.00 -37.12 -47.2441
conv3 89 21598 4.64 -18.56 11.0839 834 0.00 18.56 -25.2039
conv3 90 134 37.12 37.12 11.8502 828 0.00 0.00 -21.1267
conv3 91 7455 -9.28 0.00 11.4787 13225 4.64 9.28 -24.8750
conv3 92 11721 -13.92 0.00 16.9968 13929 13.92 0.00 -27.0395
conv3 93 12839 0.00 4.64 5.9977 12814 0.00 -4.64 -27.9717
conv3 94 1568 0.00 -37.12 25.4912 822 0.00 0.00 -32.8343
conv3 95 135 37.12 37.12 20.2125 12081 -9.28 0.00 -23.2679
conv3 96 66 0.00 0.00 16.3074 13209 4.64 4.64 -54.0112
conv3 97 75 0.00 0.00 5.6813 3581 -9.28 0.00 -17.0982
conv3 98 754 -18.56 55.69 -1.5199 62 0.00 -37.12 -38.0228
conv3 99 711 -18.56 0.00 12.8252 704 -18.56 0.00 -18.6938
conv3 100 923 18.56 -18.56 15.4059 23 -37.12 0.00 -65.5801
conv3 101 1602 0.00 0.00 4.5390 67 0.00 0.00 -38.2305
conv3 102 12065 -9.28 -4.64 22.1921 356 0.00 0.00 -54.2985
conv3 103 13530 9.28 -9.28 15.3526 816 0.00 0.00 -36.7983
conv3 104 95 0.00 37.12 10.2018 13913 13.92 -4.64 -26.8175
conv3 105 1059 37.12 18.56 9.1221 3577 -9.28 0.00 -37.4236
conv3 106 1496 -18.56 0.00 15.2780 597 -37.12 0.00 -39.4670
conv3 107 5163 -27.84 0.00 18.1404 3745 0.00 0.00 -26.5802
conv3 108 3699 0.00 -27.84 8.3029 824 0.00 0.00 -20.3360
conv3 109 11259 -18.56 -27.84 10.0849 51 0.00 -37.12 -57.5748
conv3 110 2387 0.00 0.00 20.1935 81 0.00 37.12 -25.2173
conv3 111 3745 0.00 0.00 15.5717 20534 -9.28 -4.64 -20.1754
conv3 112 794 0.00 -37.12 5.5868 20542 -9.28 -4.64 -33.4108
conv3 113 807 0.00 -18.56 13.0445 816 0.00 0.00 -33.2572
conv3 114 3925 9.28 0.00 6.1016 7954 18.56 -9.28 -30.2015
conv3 115 118 37.12 0.00 19.6213 22 -37.12 0.00 -43.7889
conv3 116 14673 23.20 4.64 7.8593 815 0.00 -18.56 -55.0821
conv3 117 11431 -18.56 23.20 5.4744 1600 0.00 0.00 -41.7058
conv3 118 12911 0.00 23.20 19.6373 1613 0.00 0.00 -17.9429
conv3 119 83 0.00 37.12 21.8162 265 37.12 0.00 -35.7918
conv3 120 1609 0.00 0.00 17.1907 2399 0.00 0.00 -28.6877
conv3 121 20798 -4.64 -37.12 0.2632 837 0.00 18.56 -41.8803
conv3 122 4322 27.84 27.84 7.4193 803 0.00 -18.56 -46.6129
conv3 123 13137 4.64 -13.92 21.9305 5163 -27.84 0.00 -17.7833
conv3 124 62 0.00 -37.12 9.5832 830 0.00 0.00 -26.5859
conv3 125 3748 0.00 0.00 14.4455 50 0.00 -37.12 -40.3019
conv3 126 208 0.00 0.00 14.0542 7627 0.00 0.00 -52.4189
conv3 127 81 0.00 37.12 11.2535 27 -37.12 0.00 -44.7503
conv3 128 1606 0.00 0.00 30.3217 7423 -9.28 -18.56 -17.8293
conv3 129 63 0.00 -37.12 13.5695 1601 0.00 0.00 -33.0576
conv3 130 7147 -27.84 27.84 5.3798 800 0.00 -18.56 -45.3650
conv3 131 18294 -37.12 -13.92 3.1219 83 0.00 37.12 -54.0771
conv3 132 209 0.00 0.00 8.1704 94 0.00 37.12 -38.4657
conv3 133 209 0.00 0.00 2.8614 13209 4.64 4.64 -32.9219
conv3 134 11793 -13.92 23.20 10.3262 830 0.00 0.00 -16.3414
conv3 135 12906 0.00 23.20 6.7999 66 0.00 0.00 -30.9364
conv3 136 3709 0.00 -27.84 5.0164 3774 0.00 9.28 -17.9454
conv3 137 7754 9.28 -27.84 -0.0460 12460 -4.64 0.00 -21.1553
conv3 138 13593 9.28 9.28 21.1951 3423 -18.56 9.28 -25.5978
conv3 139 93 0.00 37.12 16.5191 2381 0.00 -18.56 -40.2550
conv3 140 3937 9.28 9.28 20.9681 362 0.00 0.00 -49.5306
conv3 141 3705 0.00 -27.84 7.8549 5695 0.00 0.00 -36.3015
conv3 142 7569 0.00 -27.84 4.4511 3736 0.00 -9.28 -15.8286
conv3 143 12789 0.00 -9.28 20.0709 2387 0.00 0.00 -20.0001
conv3 144 2259 -18.56 -18.56 4.9923 74 0.00 0.00 -11.6288
conv3 145 820 0.00 0.00 19.7236 3761 0.00 9.28 -38.8469
conv3 146 7467 -9.28 9.28 13.1474 817 0.00 0.00 -29.0314
conv3 147 8139 27.84 -9.28 10.9575 7083 -27.84 -9.28 -47.8619
conv3 148 71 0.00 0.00 11.7219 13931 13.92 0.00 -23.6392
conv3 149 118 37.12 0.00 10.9177 3222 -27.84 0.00 -14.5747
conv3 150 1631 0.00 18.56 22.7292 50 0.00 -37.12 -39.7008
conv3 151 831 0.00 0.00 18.4558 828 0.00 0.00 -28.5890
conv3 152 12804 0.00 -4.64 11.3301 74 0.00 0.00 -20.1966
conv3 153 809 0.00 -18.56 7.6767 213 0.00 0.00 -56.2888
conv3 154 818 0.00 0.00 2.6055 825 0.00 0.00 -35.0975
conv3 155 590 -37.12 -18.56 7.0766 12809 0.00 -4.64 -40.5225
conv3 156 75 0.00 0.00 9.1075 12432 -4.64 -4.64 -49.4742
conv3 157 2409 0.00 18.56 8.4445 356 0.00 0.00 -33.6301
conv3 158 824 0.00 0.00 17.1074 829 0.00 0.00 -54.1782
conv3 159 3747 0.00 0.00 9.7890 816 0.00 0.00 -30.3097
conv3 160 1714 18.56 0.00 4.0923 218 0.00 0.00 -33.6509
conv3 161 12853 0.00 9.28 22.5520 2398 0.00 0.00 -32.4737
conv3 162 819 0.00 0.00 47.4327 222 0.00 0.00 -108.6234
conv3 163 13609 9.28 13.92 23.1236 825 0.00 0.00 -26.5886
conv3 164 958 18.56 18.56 7.1663 824 0.00 0.00 -41.4009
conv3 165 14300 18.56 0.00 5.0089 2395 0.00 0.00 -29.8710
conv3 166 3983 9.28 27.84 10.8305 1716 18.56 0.00 -28.1387
conv3 167 7627 0.00 0.00 19.9899 67 0.00 0.00 -28.4927
conv3 168 15689 37.12 -23.20 1.3827 2399 0.00 0.00 -37.7813
conv3 169 22443 13.92 13.92 8.3920 2399 0.00 0.00 -39.6789
conv3 170 4917 -37.12 -37.12 4.6027 824 0.00 0.00 -76.8520
conv3 171 15721 37.12 -13.92 6.1182 12111 -9.28 4.64 -51.3766
conv3 172 11285 -18.56 -18.56 8.7967 1600 0.00 0.00 -30.1741
conv3 173 362 0.00 0.00 15.6644 95 0.00 37.12 -81.6144
conv3 174 67 0.00 0.00 5.9501 2389 0.00 0.00 -21.9729
conv3 175 12493 -4.64 9.28 1.0145 824 0.00 0.00 -38.0542
conv3 176 4448 37.12 0.00 0.3311 3744 0.00 0.00 -42.0791
conv3 177 362 0.00 0.00 16.3611 822 0.00 0.00 -70.5006
conv3 178 18458 -37.12 32.48 3.8709 825 0.00 0.00 -72.6316
conv3 179 7759 9.28 -27.84 10.5933 1600 0.00 0.00 -24.9219
conv3 180 931 18.56 0.00 8.3583 3383 -18.56 -9.28 -30.9411
conv3 181 3745 0.00 0.00 9.3321 50 0.00 -37.12 -30.3545
conv3 182 360 0.00 0.00 9.5986 13185 4.64 0.00 -48.1125
conv3 183 716 -18.56 0.00 7.9518 12815 0.00 -4.64 -15.5738
conv3 184 7306 -18.56 18.56 2.9424 824 0.00 0.00 -50.4419
conv3 185 13198 4.64 0.00 5.3063 829 0.00 0.00 -31.7035
conv3 186 2393 0.00 0.00 12.1104 123 37.12 0.00 -67.9452
conv3 187 26 -37.12 0.00 14.1869 827 0.00 0.00 -30.1538
conv3 188 12845 0.00 4.64 16.6498 94 0.00 37.12 -40.0038
conv3 189 3749 0.00 0.00 27.1697 5475 -9.28 -18.56 -31.7122
conv3 190 3571 -9.28 0.00 10.9614 947 18.56 18.56 -57.4856
conv3 191 7675 0.00 27.84 13.2735 20897 -4.64 -4.64 -52.1858
conv3 192 73 0.00 0.00 7.7279 3751 0.00 0.00 -57.3622
conv3 193 5647 0.00 -27.84 2.7150 829 0.00 0.00 -35.8428
conv3 194 1601 0.00 0.00 25.3211 210 0.00 0.00 -64.8246
conv3 195 369 0.00 37.12 27.9733 837 0.00 18.56 -46.6373
conv3 196 12129 -9.28 13.92 12.5128 708 -18.56 0.00 -30.5371
conv3 197 22 -37.12 0.00 16.3701 122 37.12 0.00 -44.6921
conv3 198 13475 9.28 -23.20 6.0319 7467 -9.28 9.28 -54.6119
conv3 199 20534 -9.28 -4.64 5.4498 2387 0.00 0.00 -54.8675
conv3 200 73 0.00 0.00 6.0780 1709 18.56 -18.56 -32.9380
conv3 201 8038 18.56 37.12 -0.0006 3753 0.00 0.00 -64.6329
conv3 202 800 0.00 -18.56 7.4502 13141 4.64 -13.92 -31.4925
conv3 203 12401 -4.64 -13.92 25.4428 67 0.00 0.00 -31.6221
conv3 204 14665 23.20 0.00 12.7387 83 0.00 37.12 -62.4393
conv3 205 3602 -9.28 18.56 8.4787 337 0.00 -37.12 -33.9548
conv3 206 307 -37.12 0.00 7.7176 819 0.00 0.00 -39.8671
conv3 207 234 0.00 37.12 5.5649 3752 0.00 0.00 -48.3489
conv3 208 10952 -23.20 -9.28 6.1800 820 0.00 0.00 -74.1966
conv3 209 3951 9.28 9.28 13.7151 818 0.00 0.00 -31.1773
conv3 210 11389 -18.56 9.28 4.9559 1585 0.00 -18.56 -39.2296
conv3 211 13137 4.64 -13.92 13.3511 3785 0.00 18.56 -27.0574
conv3 212 1601 0.00 0.00 22.7217 222 0.00 0.00 -61.6005
conv3 213 12475 -4.64 4.64 41.1931 825 0.00 0.00 -36.4007
conv3 214 73 0.00 0.00 6.8793 20929 -4.64 4.64 -49.6349
conv3 215 938 18.56 0.00 22.3556 3412 -18.56 9.28 -29.5867
conv3 216 8443 46.41 -37.12 -0.1250 825 0.00 0.00 -50.6556
conv3 217 51 0.00 -37.12 16.6802 13524 9.28 -9.28 -20.3722
conv3 218 726 -18.56 18.56 9.0734 95 0.00 37.12 -31.6817
conv3 219 821 0.00 0.00 1.1105 816 0.00 0.00 -28.8225
conv3 220 22 -37.12 0.00 19.0322 811 0.00 -18.56 -32.5663
conv3 221 3945 9.28 9.28 21.2588 829 0.00 0.00 -38.8530
conv3 222 8135 27.84 -9.28 14.6307 312 -37.12 0.00 -29.4760
conv3 223 13193 4.64 0.00 23.1178 11001 -23.20 4.64 -21.7542
conv3 224 4115 18.56 9.28 0.7143 12037 -9.28 -13.92 -27.9821
conv3 225 20463 -9.28 -27.84 2.9539 7820 9.28 9.28 -41.1312
conv3 226 3761 0.00 9.28 21.9938 20606 -9.28 13.92 -20.5928
conv3 227 738 -18.56 37.12 9.2219 26 -37.12 0.00 -80.9077
conv3 228 929 18.56 0.00 17.5623 2387 0.00 0.00 -70.5838
conv3 229 1568 0.00 -37.12 9.5245 1601 0.00 0.00 -32.9021
conv3 230 336 0.00 -37.12 5.0016 12033 -9.28 -13.92 -32.6962
conv3 231 223 0.00 0.00 17.3867 7803 9.28 0.00 -64.2061
conv3 232 12806 0.00 -4.64 8.3885 362 0.00 0.00 -63.2325
conv3 233 76 0.00 0.00 7.3702 12809 0.00 -4.64 -26.8523
conv3 234 1737 18.56 18.56 12.8410 169 -37.12 0.00 -33.0516
conv3 235 7071 -27.84 -18.56 3.3113 94 0.00 37.12 -31.2749
conv3 236 49 0.00 -37.12 12.5982 5519 -9.28 0.00 -25.8343
conv3 237 955 18.56 18.56 9.2634 7455 -9.28 0.00 -26.2689
conv3 238 2487 18.56 -18.56 11.1348 835 0.00 18.56 -74.7731
conv3 239 12819 0.00 0.00 26.1388 22 -37.12 0.00 -41.3264
conv3 240 1063 37.12 18.56 8.1068 2399 0.00 0.00 -40.3423
conv3 241 18280 -37.12 -18.56 0.1311 824 0.00 0.00 -37.6207
conv3 242 817 0.00 0.00 35.1609 828 0.00 0.00 -38.0809
conv3 243 127 37.12 0.00 17.6432 820 0.00 0.00 -51.8120
conv3 244 3764 0.00 9.28 9.0517 63 0.00 -37.12 -21.2671
conv3 245 65 0.00 0.00 11.1549 710 -18.56 0.00 -80.7480
conv3 246 84 0.00 37.12 10.0061 812 0.00 -18.56 -24.6557
conv3 247 12425 -4.64 -9.28 25.9869 74 0.00 0.00 -30.1067
conv3 248 21385 0.00 27.84 8.4319 829 0.00 0.00 -79.8826
conv3 249 13269 4.64 23.20 12.0326 829 0.00 0.00 -33.2178
conv3 250 1633 0.00 37.12 12.3685 3751 0.00 0.00 -50.3721
conv3 251 20821 -4.64 -27.84 10.6461 3571 -9.28 0.00 -36.1177
conv3 252 1625 0.00 18.56 17.4171 2399 0.00 0.00 -63.1954
conv3 253 3779 0.00 18.56 9.8666 3731 0.00 -9.28 -39.8009
conv3 254 1825 37.12 0.00 14.0337 3577 -9.28 0.00 -36.3326
conv3 255 7463 -9.28 9.28 5.4463 1601 0.00 0.00 -50.6662
conv3 256 12828 0.00 0.00 23.3939 365 0.00 0.00 -23.3773
conv3 257 818 0.00 0.00 5.0974 3753 0.00 0.00 -23.3137
conv3 258 7618 0.00 0.00 16.6840 818 0.00 0.00 -32.9421
conv3 259 5865 9.28 0.00 10.2928 365 0.00 0.00 -34.0168
conv3 260 371 0.00 37.12 16.9689 935 18.56 0.00 -26.5787
conv3 261 798 0.00 -37.12 21.7750 2511 18.56 0.00 -22.4407
conv3 262 4085 18.56 -9.28 5.9669 2392 0.00 0.00 -39.0101
conv3 263 1026 37.12 -18.56 3.3268 337 0.00 -37.12 -61.8571
conv3 264 13959 13.92 9.28 18.5689 831 0.00 0.00 -18.1275
conv3 265 30 -37.12 0.00 10.1407 13177 4.64 -4.64 -59.9893
conv3 266 3745 0.00 0.00 15.1785 69 0.00 0.00 -33.8511
conv3 267 211 0.00 0.00 15.0861 118 37.12 0.00 -69.4992
conv3 268 2391 0.00 0.00 23.6433 2399 0.00 0.00 -50.7750
conv3 269 2168 -37.12 0.00 7.7446 828 0.00 0.00 -30.5589
conv3 270 222 0.00 0.00 10.0452 356 0.00 0.00 -36.0587
conv3 271 18 -37.12 0.00 14.9477 828 0.00 0.00 -45.9769
conv3 272 56 0.00 -37.12 9.1019 3752 0.00 0.00 -28.9966
conv3 273 12449 -4.64 0.00 15.7125 1608 0.00 0.00 -23.9668
conv3 274 9785 -37.12 -27.84 0.4350 824 0.00 0.00 -57.2162
conv3 275 23070 23.20 -18.56 2.3491 824 0.00 0.00 -37.8430
conv3 276 12335 -4.64 -37.12 8.0604 7807 9.28 0.00 -41.8352
conv3 277 365 0.00 0.00 12.5306 123 37.12 0.00 -62.0634
conv3 278 13159 4.64 -9.28 20.2584 368 0.00 37.12 -32.7429
conv3 279 49 0.00 -37.12 22.4576 1732 18.56 18.56 -35.2644
conv3 280 12795 0.00 -9.28 20.0239 2384 0.00 0.00 -23.3406
conv3 281 3705 0.00 -27.84 9.1100 2389 0.00 0.00 -51.4060
conv3 282 16 -37.12 0.00 5.9412 69 0.00 0.00 -45.4091
conv3 283 217 0.00 0.00 8.3053 95 0.00 37.12 -62.6191
conv3 284 7418 -9.28 -18.56 6.0550 2397 0.00 0.00 -31.7860
conv3 285 1584 0.00 -18.56 7.0234 1603 0.00 0.00 -25.0592
conv3 286 2286 -18.56 0.00 12.3138 936 18.56 0.00 -28.9708
conv3 287 20597 -9.28 13.92 9.1927 218 0.00 0.00 -90.5840
conv3 288 21776 4.64 37.12 -0.0252 7805 9.28 0.00 -53.3999
conv3 289 816 0.00 0.00 12.4885 21667 4.64 4.64 -35.1488
conv3 290 4299 27.84 9.28 4.7040 706 -18.56 0.00 -40.5935
conv3 291 115 37.12 0.00 11.2297 18 -37.12 0.00 -40.4432
conv3 292 6193 27.84 -9.28 14.6688 123 37.12 0.00 -29.0900
conv3 293 826 0.00 0.00 17.5444 130 37.12 37.12 -23.1096
conv3 294 118 37.12 0.00 8.2347 3400 -18.56 0.00 -31.2882
conv3 295 10537 -27.84 -23.20 8.6695 826 0.00 0.00 -29.0939
conv3 296 20939 -4.64 4.64 2.8761 832 0.00 18.56 -16.8522
conv3 297 828 0.00 0.00 8.0429 2387 0.00 0.00 -41.3396
conv3 298 1351 -37.12 -37.12 4.0220 3753 0.00 0.00 -68.6354
conv3 299 23418 27.84 -23.20 6.0752 817 0.00 0.00 -64.9261
conv3 300 722 -18.56 18.56 14.6964 109 37.12 -37.12 -54.2552
conv3 301 828 0.00 0.00 11.5030 20897 -4.64 -4.64 -8.6584
conv3 302 816 0.00 0.00 10.5864 2395 0.00 0.00 -26.3051
conv3 303 168 -37.12 0.00 16.3639 50 0.00 -37.12 -38.9286
conv3 304 1606 0.00 0.00 10.1479 803 0.00 -18.56 -71.7465
conv3 305 830 0.00 0.00 38.2773 819 0.00 0.00 -110.4786
conv3 306 849 0.00 37.12 9.6270 7795 9.28 0.00 -47.2476
conv3 307 78 0.00 0.00 16.9084 3745 0.00 0.00 -28.0008
conv3 308 7942 18.56 -18.56 8.0042 2399 0.00 0.00 -47.6723
conv3 309 7559 0.00 -37.12 8.7993 12440 -4.64 -4.64 -38.4591
conv3 310 2415 0.00 18.56 19.1618 2395 0.00 0.00 -57.7874
conv3 311 1606 0.00 0.00 39.9547 356 0.00 0.00 -40.2240
conv3 312 13157 4.64 -9.28 14.9982 94 0.00 37.12 -39.3008
conv3 313 816 0.00 0.00 7.3629 5853 9.28 -9.28 -12.0865
conv3 314 1606 0.00 0.00 1.8020 1601 0.00 0.00 -40.3252
conv3 315 16 -37.12 0.00 5.9018 369 0.00 37.12 -34.5768
conv3 316 12892 0.00 18.56 23.4373 3736 0.00 -9.28 -33.4876
conv3 317 7750 9.28 -27.84 4.8221 95 0.00 37.12 -33.9760
conv3 318 79 0.00 0.00 11.6932 7609 0.00 -9.28 -50.1785
conv3 319 83 0.00 37.12 13.9798 815 0.00 -18.56 -33.1718
conv3 320 4241 27.84 -18.56 5.3349 829 0.00 0.00 -46.3926
conv3 321 1714 18.56 0.00 5.2028 193 0.00 -37.12 -56.3033
conv3 322 7447 -9.28 0.00 19.1319 831 0.00 0.00 -18.4917
conv3 323 228 0.00 37.12 1.6532 13533 9.28 -9.28 -31.2081
conv3 324 82 0.00 37.12 32.0552 50 0.00 -37.12 -42.3586
conv3 325 13115 4.64 -23.20 13.0531 7445 -9.28 0.00 -37.5491
conv3 326 12795 0.00 -9.28 14.3264 121 37.12 0.00 -31.2264
conv3 327 12161 -9.28 23.20 14.1693 3718 0.00 -18.56 -16.1473
conv3 328 10943 -23.20 -13.92 9.6607 50 0.00 -37.12 -57.3706
conv3 329 12882 0.00 18.56 -2.5428 1601 0.00 0.00 -56.6161
conv3 330 7945 18.56 -18.56 7.9236 3731 0.00 -9.28 -28.3172
conv3 331 12789 0.00 -9.28 17.3263 208 0.00 0.00 -39.8092
conv3 332 7471 -9.28 9.28 13.6161 823 0.00 0.00 -25.1989
conv3 333 604 -37.12 0.00 13.3749 829 0.00 0.00 -32.1269
conv3 334 355 0.00 0.00 19.5356 67 0.00 0.00 -38.7021
conv3 335 7750 9.28 -27.84 4.5414 13177 4.64 -4.64 -42.6020
conv3 336 5883 9.28 9.28 14.2253 924 18.56 -18.56 -19.1565
conv3 337 7657 0.00 18.56 13.7909 819 0.00 0.00 -43.0659
conv3 338 23513 27.84 4.64 6.7745 2399 0.00 0.00 -84.5040
conv3 339 11337 -18.56 -4.64 32.1447 3923 9.28 0.00 -45.6959
conv3 340 936 18.56 0.00 12.0610 363 0.00 0.00 -20.2156
conv3 341 18460 -37.12 32.48 -0.7577 824 0.00 0.00 -35.7654
conv3 342 848 0.00 37.12 5.3947 117 37.12 0.00 -36.4893
conv3 343 602 -37.12 0.00 7.8829 3717 0.00 -18.56 -23.0731
conv3 344 20235 -13.92 13.92 16.5129 3738 0.00 -9.28 -20.8856
conv3 345 12826 0.00 0.00 8.0258 77 0.00 0.00 -13.7988
conv3 346 3736 0.00 -9.28 10.1321 69 0.00 0.00 -54.7568
conv3 347 708 -18.56 0.00 9.3757 1617 0.00 18.56 -27.1255
conv3 348 7103 -27.84 0.00 9.7800 2399 0.00 0.00 -30.7725
conv3 349 19 -37.12 0.00 12.0488 7807 9.28 0.00 -34.7603
conv3 350 408 37.12 0.00 31.2445 83 0.00 37.12 -36.6692
conv3 351 2377 0.00 -18.56 10.4064 829 0.00 0.00 -40.5452
conv3 352 218 0.00 0.00 12.0321 20914 -4.64 0.00 -14.1050
conv3 353 6955 -37.12 18.56 4.4044 1608 0.00 0.00 -18.9084
conv3 354 843 0.00 18.56 17.1074 337 0.00 -37.12 -34.9285
conv3 355 831 0.00 0.00 10.6774 832 0.00 18.56 -32.2375
conv3 356 1456 -18.56 -37.12 9.1970 2389 0.00 0.00 -32.8730
conv3 357 358 0.00 0.00 16.7423 2395 0.00 0.00 -70.0953
conv3 358 2286 -18.56 0.00 1.0147 945 18.56 18.56 -23.1974
conv3 359 3744 0.00 0.00 14.4177 118 37.12 0.00 -57.5389
conv3 360 933 18.56 0.00 14.9940 600 -37.12 0.00 -10.9565
conv3 361 3753 0.00 0.00 28.2155 828 0.00 0.00 -33.4671
conv3 362 31 -37.12 0.00 21.3058 7467 -9.28 9.28 -48.7454
conv3 363 13271 4.64 23.20 10.7179 3737 0.00 -9.28 -34.9489
conv3 364 3349 -18.56 -27.84 15.1085 3749 0.00 0.00 -38.4357
conv3 365 3741 0.00 -9.28 2.3082 3779 0.00 18.56 -21.9316
conv3 366 337 0.00 -37.12 22.9711 93 0.00 37.12 -36.1254
conv3 367 15779 37.12 4.64 8.6503 12441 -4.64 -4.64 -75.4737
conv3 368 223 0.00 0.00 19.1078 1608 0.00 0.00 -55.2937
conv3 369 5521 -9.28 9.28 8.8844 828 0.00 0.00 -12.7923
conv3 370 12095 -9.28 0.00 9.3207 62 0.00 -37.12 -40.7796
conv3 371 89 0.00 37.12 10.7989 12401 -4.64 -13.92 -25.5959
conv3 372 702 -18.56 -18.56 9.1048 833 0.00 18.56 -39.2054
conv3 373 12177 -9.28 27.84 1.4008 51 0.00 -37.12 -40.3103
conv3 374 3715 0.00 -18.56 21.0200 3777 0.00 18.56 -28.3706
conv3 375 14665 23.20 0.00 9.4183 7463 -9.28 9.28 -44.3783
conv3 376 12545 -4.64 27.84 2.7155 808 0.00 -18.56 -25.8087
conv3 377 342 0.00 -37.12 5.6429 27 -37.12 0.00 -33.5497
conv3 378 21282 0.00 0.00 16.4677 5693 0.00 0.00 -48.3330
conv3 379 210 0.00 0.00 11.0261 829 0.00 0.00 -43.8529
conv3 380 12825 0.00 0.00 8.7818 825 0.00 0.00 -16.3488
conv3 381 815 0.00 -18.56 26.5666 6051 18.56 9.28 -19.1464
conv3 382 8170 27.84 9.28 10.0938 3771 0.00 9.28 -29.5830
conv3 383 3742 0.00 -9.28 20.3629 2524 18.56 18.56 -20.3418
conv4 0 3736 0.00 -12.28 11.8590 13207 6.14 6.14 -17.4762
conv4 1 1616 0.00 24.56 13.7026 4065 24.56 -24.56 -14.3977
conv4 2 2394 0.00 0.00 2.6900 1600 0.00 0.00 -23.1811
conv4 3 1593 0.00 -24.56 3.5966 13571 12.28 6.14 -24.5472
conv4 4 1599 0.00 -24.56 4.2745 3377 -24.56 -12.28 -21.7613
conv4 5 32 -49.12 49.12 5.4324 51 0.00 -49.12 -14.1819
conv4 6 21675 6.14 6.14 8.2787 48 0.00 -49.12 -12.6149
conv4 7 352 0.00 0.00 8.6756 706 -24.56 0.00 -29.5251
conv4 8 1603 0.00 0.00 10.2539 3568 -12.28 0.00 -21.4229
conv4 9 7773 12.28 -24.56 17.1049 3761 0.00 12.28 -20.1114
conv4 10 3769 0.00 12.28 14.5698 807 0.00 -24.56 -19.2761
conv4 11 3741 0.00 -12.28 5.5138 12869 0.00 18.42 -17.1966
conv4 12 822 0.00 0.00 7.5341 5859 12.28 0.00 -13.9227
conv4 13 6917 -49.12 0.00 3.0449 12793 0.00 -12.28 -26.0163
conv4 14 3789 0.00 24.56 12.9677 827 0.00 0.00 -17.6069
conv4 15 12855 0.00 12.28 8.1472 359 0.00 0.00 -24.5511
conv4 16 19107 -36.84 12.28 3.2298 3729 0.00 -12.28 -21.9553
conv4 17 2391 0.00 0.00 4.0693 817 0.00 0.00 -25.4620
conv4 18 11345 -24.56 0.00 8.5809 81 0.00 49.12 -23.7774
conv4 19 829 0.00 0.00 6.1942 937 24.56 0.00 -26.2819
conv4 20 13191 6.14 0.00 19.9865 3377 -24.56 -12.28 -19.9295
conv4 21 792 0.00 -49.12 4.0086 12121 -12.28 12.28 -23.6430
conv4 22 8 -49.12 -49.12 1.4173 12449 -6.14 0.00 -26.9322
conv4 23 5671 0.00 -12.28 0.3645 3736 0.00 -12.28 -30.4498
conv4 24 13933 18.42 0.00 4.7438 817 0.00 0.00 -26.7275
conv4 25 1598 0.00 -24.56 11.4187 131 49.12 49.12 -12.2524
conv4 26 30439 12.28 -18.42 -1.1460 193 0.00 -49.12 -32.1955
conv4 27 830 0.00 0.00 11.1761 3745 0.00 0.00 -18.2627
conv4 28 835 0.00 24.56 18.9776 3729 0.00 -12.28 -28.0067
conv4 29 170 -49.12 0.00 9.0617 3761 0.00 12.28 -18.5699
conv4 30 3585 -12.28 12.28 12.8580 3737 0.00 -12.28 -16.6852
conv4 31 12819 0.00 0.00 0.1173 3736 0.00 -12.28 -27.4993
conv4 32 1607 0.00 0.00 13.8910 816 0.00 0.00 -22.4116
conv4 33 817 0.00 0.00 12.2869 2261 -24.56 -24.56 -11.7913
conv4 34 367 0.00 0.00 2.4598 826 0.00 0.00 -18.3770
conv4 35 1613 0.00 0.00 7.0454 3377 -24.56 -12.28 -12.8857
conv4 36 581 -49.12 -24.56 2.3529 5689 0.00 0.00 -25.2679
conv4 37 20913 -6.14 0.00 6.2896 699 -24.56 -24.56 -10.0868
conv4 38 948 24.56 24.56 4.5940 12409 -6.14 -18.42 -14.4222
conv4 39 13235 6.14 18.42 8.7006 13163 6.14 -12.28 -16.4677
conv4 40 13901 18.42 -12.28 4.4161 3904 12.28 -12.28 -22.1377
conv4 41 3923 12.28 0.00 8.9412 816 0.00 0.00 -17.0087
conv4 42 3400 -24.56 0.00 3.4706 818 0.00 0.00 -23.8705
conv4 43 946 24.56 24.56 14.1648 1600 0.00 0.00 -15.9773
conv4 44 817 0.00 0.00 8.3632 12091 -12.28 0.00 -22.6368
conv4 45 3780 0.00 24.56 1.5997 1600 0.00 0.00 -30.9194
conv4 46 960 24.56 49.12 5.7611 3744 0.00 0.00 -20.0953
conv4 47 822 0.00 0.00 7.3787 3585 -12.28 12.28 -16.9053
conv4 48 3761 0.00 12.28 8.7576 13533 12.28 -12.28 -12.7717
conv4 49 3939 12.28 12.28 14.2179 12083 -12.28 0.00 -15.6198
conv4 50 79 0.00 0.00 6.4120 3929 12.28 0.00 -23.0014
conv4 51 844 0.00 24.56 2.0363 3745 0.00 0.00 -27.6822
conv4 52 833 0.00 24.56 11.4036 13911 18.42 -6.14 -20.0419
conv4 53 2393 0.00 0.00 9.0329 2399 0.00 0.00 -28.9170
conv4 54 355 0.00 0.00 8.8681 12473 -6.14 6.14 -24.3178
conv4 55 382 0.00 49.12 6.9684 28 -49.12 0.00 -14.5540
conv4 56 8534 61.41 24.56 -0.1500 3913 12.28 -12.28 -31.3529
conv4 57 816 0.00 0.00 6.1668 13609 12.28 18.42 -15.2407
conv4 58 7383 -12.28 -49.12 3.7484 3753 0.00 0.00 -30.8935
conv4 59 7663 0.00 24.56 3.1257 3737 0.00 -12.28 -33.7895
conv4 60 368 0.00 49.12 11.5873 364 0.00 0.00 -26.4254
conv4 61 12451 -6.14 0.00 11.4517 1600 0.00 0.00 -23.4356
conv4 62 5382 -24.56 36.84 1.3871 3761 0.00 12.28 -31.0162
conv4 63 223 0.00 0.00 7.6660 12439 -6.14 -6.14 -22.8383
conv4 64 816 0.00 0.00 8.9996 12847 0.00 6.14 -15.8178
conv4 65 11977 -12.28 -42.98 2.2729 12793 0.00 -12.28 -25.3713
conv4 66 383 0.00 49.12 10.7395 3760 0.00 12.28 -17.6204
conv4 67 831 0.00 0.00 8.8106 81 0.00 49.12 -20.4394
conv4 68 12452 -6.14 0.00 3.5975 3937 12.28 12.28 -26.2041
conv4 69 804 0.00 -24.56 13.3946 11357 -24.56 0.00 -13.8602
conv4 70 8349 49.12 12.28 1.9847 825 0.00 0.00 -29.7071
conv4 71 12513 -6.14 24.56 8.5471 367 0.00 0.00 -18.0785
conv4 72 829 0.00 0.00 6.0295 12793 0.00 -12.28 -25.5217
conv4 73 3050 -49.12 0.00 2.2796 12847 0.00 6.14 -18.5243
conv4 74 3748 0.00 0.00 4.5149 718 -24.56 0.00 -18.1347
conv4 75 6746 -61.41 0.00 1.4395 3753 0.00 0.00 -35.3620
conv4 76 12449 -6.14 0.00 8.1007 818 0.00 0.00 -22.0267
conv4 77 11690 -18.42 -12.28 4.4027 817 0.00 0.00 -27.4711
conv4 78 2316 -24.56 49.12 2.2018 3761 0.00 12.28 -34.6831
conv4 79 12807 0.00 -6.14 14.1083 825 0.00 0.00 -24.9874
conv4 80 5683 0.00 0.00 5.8240 817 0.00 0.00 -31.6675
conv4 81 817 0.00 0.00 9.4694 13207 6.14 6.14 -16.4211
conv4 82 3576 -12.28 0.00 7.5266 2505 24.56 0.00 -12.2682
conv4 83 836 0.00 24.56 9.7309 12805 0.00 -6.14 -22.0172
conv4 84 711 -24.56 0.00 8.6012 12813 0.00 -6.14 -14.8723
conv4 85 1632 0.00 49.12 3.9855 3913 12.28 -12.28 -22.1545
conv4 86 2395 0.00 0.00 2.5755 3729 0.00 -12.28 -19.8205
conv4 87 64 0.00 0.00 3.2337 3736 0.00 -12.28 -18.0597
conv4 88 1613 0.00 0.00 7.5514 3393 -24.56 0.00 -18.2215
conv4 89 1603 0.00 0.00 7.0514 11339 -24.56 -6.14 -14.9057
conv4 90 366 0.00 0.00 13.4318 3377 -24.56 -12.28 -23.9203
conv4 91 826 0.00 0.00 10.6458 12089 -12.28 0.00 -23.4046
conv4 92 3729 0.00 -12.28 11.1714 11369 -24.56 6.14 -13.8895
conv4 93 3759 0.00 0.00 2.1821 363 0.00 0.00 -24.2583
conv4 94 66 0.00 0.00 7.3966 3553 -12.28 -12.28 -21.6771
conv4 95 3755 0.00 0.00 -0.5085 3393 -24.56 0.00 -34.9081
conv4 96 14353 24.56 24.56 4.3494 947 24.56 24.56 -18.0740
conv4 97 815 0.00 -24.56 9.2941 833 0.00 24.56 -20.0530
conv4 98 13897 18.42 -12.28 17.4514 7442 -12.28 0.00 -8.5481
conv4 99 3749 0.00 0.00 3.7742 3728 0.00 -12.28 -21.3312
conv4 100 219 0.00 0.00 11.7400 13529 12.28 -12.28 -16.5717
conv4 101 3753 0.00 0.00 13.5935 3409 -24.56 12.28 -14.8528
conv4 102 293 -49.12 -49.12 13.4689 3761 0.00 12.28 -20.4269
conv4 103 1600 0.00 0.00 9.9522 2415 0.00 24.56 -15.5675
conv4 104 11747 -18.42 12.28 11.7259 121 49.12 0.00 -13.1010
conv4 105 5683 0.00 0.00 5.0487 3945 12.28 12.28 -24.2142
conv4 106 3785 0.00 24.56 9.0811 355 0.00 0.00 -25.0481
conv4 107 5861 12.28 0.00 10.0838 816 0.00 0.00 -26.5384
conv4 108 816 0.00 0.00 3.9015 49 0.00 -49.12 -16.7579
conv4 109 13167 6.14 -12.28 4.7540 3753 0.00 0.00 -25.4273
conv4 110 63 0.00 -49.12 5.0312 3937 12.28 12.28 -22.4627
conv4 111 3749 0.00 0.00 1.8213 801 0.00 -24.56 -26.9290
conv4 112 13550 12.28 -6.14 4.3832 817 0.00 0.00 -31.1112
conv4 113 257 49.12 0.00 4.3288 3753 0.00 0.00 -31.1922
conv4 114 2866 -61.41 0.00 1.4607 1584 0.00 -24.56 -24.5513
conv4 115 1604 0.00 0.00 4.2068 7591 0.00 -24.56 -17.9242
conv4 116 29733 0.00 -6.14 5.2514 3393 -24.56 0.00 -24.0789
conv4 117 1712 24.56 0.00 10.0258 1613 0.00 0.00 -19.6015
conv4 118 823 0.00 0.00 2.3958 12813 0.00 -6.14 -16.2513
conv4 119 219 0.00 0.00 6.1826 1601 0.00 0.00 -18.7934
conv4 120 21990 12.28 -12.28 1.6842 13257 6.14 24.56 -17.9414
conv4 121 3762 0.00 12.28 4.4297 3937 12.28 12.28 -18.0806
conv4 122 12120 -12.28 12.28 11.2803 2401 0.00 24.56 -10.8159
conv4 123 6041 24.56 0.00 8.3331 214 0.00 0.00 -19.7839
conv4 124 824 0.00 0.00 6.9612 359 0.00 0.00 -14.8252
conv4 125 3761 0.00 12.28 15.5506 211 0.00 0.00 -15.3256
conv4 126 7620 0.00 0.00 1.5747 3728 0.00 -12.28 -29.1811
conv4 127 5695 0.00 0.00 4.1385 833 0.00 24.56 -35.5680
conv4 128 12476 -6.14 6.14 3.1183 817 0.00 0.00 -32.9428
conv4 129 13143 6.14 -18.42 10.0087 937 24.56 0.00 -17.5989
conv4 130 827 0.00 0.00 10.0147 12419 -6.14 -12.28 -18.6113
conv4 131 3745 0.00 0.00 8.8328 2369 0.00 -24.56 -11.0785
conv4 132 20941 -6.14 6.14 2.4350 833 0.00 24.56 -32.0976
conv4 133 816 0.00 0.00 5.9799 13135 6.14 -24.56 -22.1314
conv4 134 1599 0.00 -24.56 3.3325 825 0.00 0.00 -24.7899
conv4 135 13197 6.14 0.00 6.7992 833 0.00 24.56 -27.2778
conv4 136 1610 0.00 0.00 13.4088 937 24.56 0.00 -22.5558
conv4 137 5865 12.28 0.00 13.5576 1592 0.00 -24.56 -14.3945
conv4 138 1607 0.00 0.00 10.1719 225 0.00 49.12 -21.2203
conv4 139 944 24.56 24.56 6.8463 1584 0.00 -24.56 -20.4227
conv4 140 7619 0.00 0.00 8.9386 219 0.00 0.00 -14.6984
conv4 141 713 -24.56 0.00 4.1670 13911 18.42 -6.14 -21.9790
conv4 142 13199 6.14 0.00 8.3766 5503 -12.28 -12.28 -14.7986
conv4 143 12840 0.00 6.14 14.8484 14313 24.56 6.14 -20.1439
conv4 144 829 0.00 0.00 4.0705 12827 0.00 0.00 -16.8038
conv4 145 3276 -36.84 36.84 2.6144 3753 0.00 0.00 -33.4216
conv4 146 794 0.00 -49.12 4.6146 714 -24.56 0.00 -19.0971
conv4 147 5692 0.00 0.00 14.8088 3720 0.00 -24.56 -23.7089
conv4 148 1603 0.00 0.00 7.5131 825 0.00 0.00 -30.5091
conv4 149 1602 0.00 0.00 15.2767 825 0.00 0.00 -14.5186
conv4 150 355 0.00 0.00 13.3985 3736 0.00 -12.28 -20.7240
conv4 151 3738 0.00 -12.28 11.1342 3409 -24.56 12.28 -18.0145
conv4 152 12848 0.00 12.28 8.3185 12793 0.00 -12.28 -24.0506
conv4 153 691 -24.56 -24.56 6.3668 21623 6.14 -12.28 -17.0107
conv4 154 20875 -6.14 -18.42 5.2199 825 0.00 0.00 -24.5984
conv4 155 3743 0.00 -12.28 10.7136 847 0.00 24.56 -14.5185
conv4 156 7 -49.12 -49.12 6.4308 3761 0.00 12.28 -32.5353
conv4 157 358 0.00 0.00 5.6429 12427 -6.14 -12.28 -15.0518
conv4 158 3540 -12.28 -24.56 11.0088 12103 -12.28 6.14 -17.8318
conv4 159 2505 24.56 0.00 12.7073 311 -49.12 0.00 -17.0529
conv4 160 11656 -18.42 -24.56 6.0398 207 0.00 -49.12 -17.5897
conv4 161 3961 12.28 24.56 9.1499 11681 -18.42 -12.28 -13.2369
conv4 162 12489 -6.14 12.28 11.0275 359 0.00 0.00 -18.1006
conv4 163 13201 6.14 6.14 19.7648 2395 0.00 0.00 -10.7770
conv4 164 817 0.00 0.00 15.9219 13945 18.42 6.14 -22.5879
conv4 165 1614 0.00 0.00 11.3141 12811 0.00 -6.14 -21.5257
conv4 166 7456 -12.28 12.28 3.3689 12813 0.00 -6.14 -22.0826
conv4 167 49 0.00 -49.12 5.8212 1617 0.00 24.56 -19.7106
conv4 168 95 0.00 49.12 4.5114 12811 0.00 -6.14 -23.3735
conv4 169 805 0.00 -24.56 5.0476 600 -49.12 0.00 -19.7209
conv4 170 208 0.00 0.00 6.5194 825 0.00 0.00 -18.8708
conv4 171 71 0.00 0.00 5.5678 6041 24.56 0.00 -17.6238
conv4 172 12805 0.00 -6.14 15.8716 82 0.00 49.12 -16.7088
conv4 173 11719 -18.42 0.00 3.5304 82 0.00 49.12 -28.0950
conv4 174 21295 0.00 0.00 4.5079 3729 0.00 -12.28 -22.0062
conv4 175 7590 0.00 -24.56 3.8324 2400 0.00 24.56 -21.7075
conv4 176 1615 0.00 0.00 3.4459 5689 0.00 0.00 -28.8201
conv4 177 21284 0.00 0.00 4.8936 816 0.00 0.00 -21.5687
conv4 178 1607 0.00 0.00 7.0189 3761 0.00 12.28 -28.6598
conv4 179 2390 0.00 0.00 4.3651 171 -49.12 0.00 -20.8152
conv4 180 71 0.00 0.00 6.8772 12449 -6.14 0.00 -24.1735
conv4 181 12817 0.00 0.00 13.4976 2511 24.56 0.00 -17.6812
conv4 182 13573 12.28 6.14 8.6543 3761 0.00 12.28 -25.3748
conv4 183 2369 0.00 -24.56 11.7231 833 0.00 24.56 -16.7746
conv4 184 1604 0.00 0.00 6.9749 12793 0.00 -12.28 -24.2107
conv4 185 409 49.12 0.00 7.0365 3772 0.00 12.28 -22.5818
conv4 186 3579 -12.28 0.00 8.7539 5897 12.28 24.56 -14.3459
conv4 187 356 0.00 0.00 9.3112 3553 -12.28 -12.28 -26.1960
conv4 188 3761 0.00 12.28 19.2428 343 0.00 -49.12 -12.4067
conv4 189 359 0.00 0.00 7.1572 192 0.00 -49.12 -16.7278
conv4 190 12080 -12.28 0.00 6.7489 819 0.00 0.00 -15.1735
conv4 191 20235 -18.42 18.42 5.5234 225 0.00 49.12 -27.5937
conv4 192 2518 24.56 24.56 1.9540 12813 0.00 -6.14 -20.4217
conv4 193 5689 0.00 0.00 18.0124 12895 0.00 24.56 -18.5597
conv4 194 1609 0.00 0.00 12.6255 845 0.00 24.56 -17.2064
conv4 195 817 0.00 0.00 11.0210 26 -49.12 0.00 -16.6088
conv4 196 2386 0.00 0.00 2.2045 263 49.12 0.00 -20.6291
conv4 197 5312 -24.56 -12.28 5.9166 359 0.00 0.00 -24.3538
conv4 198 12771 0.00 -18.42 1.5889 192 0.00 -49.12 -28.3645
conv4 199 12827 0.00 0.00 1.5195 3729 0.00 -12.28 -33.4278
conv4 200 2369 0.00 -24.56 6.1364 21259 0.00 -12.28 -19.2800
conv4 201 160 -49.12 0.00 5.1936 3729 0.00 -12.28 -25.9549
conv4 202 213 0.00 0.00 4.4730 3393 -24.56 0.00 -25.0457
conv4 203 829 0.00 0.00 -0.6927 2400 0.00 24.56 -26.3220
conv4 204 21925 12.28 -36.84 6.0009 2505 24.56 0.00 -24.1559
conv4 205 1609 0.00 0.00 6.0233 12805 0.00 -6.14 -19.0089
conv4 206 146 -49.12 -49.12 2.1653 1600 0.00 0.00 -22.2684
conv4 207 121 49.12 0.00 11.9359 830 0.00 0.00 -25.6825
conv4 208 3748 0.00 0.00 -1.5174 3937 12.28 12.28 -26.3265
conv4 209 18010 -55.27 12.28 -0.4998 225 0.00 49.12 -39.2368
conv4 210 21279 0.00 -6.14 9.1947 833 0.00 24.56 -31.8051
conv4 211 356 0.00 0.00 5.9959 1600 0.00 0.00 -22.5035
conv4 212 134 49.12 49.12 5.5752 5841 12.28 -12.28 -27.3835
conv4 213 12017 -12.28 -24.56 11.6742 12813 0.00 -6.14 -18.6829
conv4 214 95 0.00 49.12 4.3375 7435 -12.28 -12.28 -20.7730
conv4 215 2404 0.00 24.56 4.4539 800 0.00 -24.56 -13.9128
conv4 216 3779 0.00 24.56 15.9300 210 0.00 0.00 -11.9791
conv4 217 367 0.00 0.00 4.1655 13209 6.14 6.14 -26.1392
conv4 218 2387 0.00 0.00 14.8249 225 0.00 49.12 -35.4393
conv4 219 1612 0.00 0.00 3.4175 3745 0.00 0.00 -19.1203
conv4 220 5762 0.00 61.41 2.9652 13185 6.14 0.00 -19.5047
conv4 221 12811 0.00 -6.14 16.0023 4113 24.56 12.28 -17.8062
conv4 222 225 0.00 49.12 6.7296 2505 24.56 0.00 -15.6225
conv4 223 713 -24.56 0.00 10.7840 3377 -24.56 -12.28 -16.5905
conv4 224 3568 -12.28 0.00 8.5305 171 -49.12 0.00 -20.0695
conv4 225 192 0.00 -49.12 7.8088 12805 0.00 -6.14 -15.6184
conv4 226 3593 -12.28 12.28 16.2129 214 0.00 0.00 -12.5484
conv4 227 172 -49.12 0.00 12.8404 3745 0.00 0.00 -21.4015
conv4 228 12840 0.00 6.14 8.8348 62 0.00 -49.12 -14.7159
conv4 229 13204 6.14 6.14 7.1888 3743 0.00 -12.28 -16.0934
conv4 230 13192 6.14 0.00 4.5239 356 0.00 0.00 -30.5632
conv4 231 7117 -36.84 12.28 5.7151 1723 24.56 0.00 -18.5339
conv4 232 12799 0.00 -12.28 5.6282 3937 12.28 12.28 -30.7307
conv4 233 707 -24.56 0.00 7.1059 12855 0.00 12.28 -14.5623
conv4 234 168 -49.12 0.00 2.9089 1489 -24.56 0.00 -13.6840
conv4 235 3552 -12.28 -12.28 13.5771 3785 0.00 24.56 -21.2275
conv4 236 1600 0.00 0.00 16.9443 920 24.56 -24.56 -12.3668
conv4 237 830 0.00 0.00 7.0281 7455 -12.28 0.00 -13.2885
conv4 238 2389 0.00 0.00 3.4155 1592 0.00 -24.56 -18.1706
conv4 239 5682 0.00 0.00 5.1510 3553 -12.28 -12.28 -22.9752
conv4 240 6746 -61.41 0.00 2.6134 731 -24.56 24.56 -19.7885
conv4 241 223 0.00 0.00 10.8963 5689 0.00 0.00 -22.9421
conv4 242 812 0.00 -24.56 13.0936 825 0.00 0.00 -26.6902
conv4 243 2385 0.00 0.00 7.1498 802 0.00 -24.56 -11.7641
conv4 244 20560 -12.28 6.14 5.0472 4097 24.56 0.00 -13.5068
conv4 245 5885 12.28 12.28 10.8970 2505 24.56 0.00 -17.1144
conv4 246 12791 0.00 -12.28 8.7779 365 0.00 0.00 -18.9496
conv4 247 358 0.00 0.00 3.3140 3729 0.00 -12.28 -28.8522
conv4 248 7601 0.00 -12.28 13.5358 13871 18.42 -24.56 -8.1053
conv4 249 3753 0.00 0.00 13.9941 12439 -6.14 -6.14 -17.4706
conv4 250 3459 -24.56 49.12 3.6576 1600 0.00 0.00 -26.0855
conv4 251 3745 0.00 0.00 12.7634 127 49.12 0.00 -14.9105
conv4 252 810 0.00 -24.56 7.7119 336 0.00 -49.12 -20.5538
conv4 253 5301 -24.56 -24.56 9.1836 3907 12.28 -12.28 -18.3901
conv4 254 5508 -12.28 0.00 7.5631 1600 0.00 0.00 -16.5316
conv4 255 1602 0.00 0.00 8.4858 12793 0.00 -12.28 -25.4673
conv5 0 14291 30.56 0.00 2.2125 3761 0.00 15.28 -10.0419
conv5 1 821 0.00 0.00 2.1608 12433 -7.64 -7.64 -10.9900
conv5 2 1618 0.00 30.56 4.5869 12433 -7.64 -7.64 -10.8987
conv5 3 338 0.00 -61.12 0.1786 3761 0.00 15.28 -18.1551
conv5 4 95 0.00 61.12 1.5807 12433 -7.64 -7.64 -9.9808
conv5 5 951 30.56 30.56 5.3288 816 0.00 0.00 -7.4177
conv5 6 11753 -22.92 15.28 1.5401 3745 0.00 0.00 -16.9626
conv5 7 838 0.00 30.56 0.8613 3745 0.00 0.00 -17.9058
conv5 8 29770 0.00 7.64 1.9292 3745 0.00 0.00 -11.0465
conv5 9 7640 0.00 15.28 6.8508 835 0.00 30.56 -10.4963
conv5 10 3777 0.00 30.56 0.2018 3752 0.00 0.00 -12.8479
conv5 11 30459 15.28 -15.28 2.6549 3745 0.00 0.00 -13.4364
conv5 12 363 0.00 0.00 4.8810 3745 0.00 0.00 -17.5716
conv5 13 13259 7.64 30.56 0.5345 3761 0.00 15.28 -15.2581
conv5 14 833 0.00 30.56 2.9457 3736 0.00 -15.28 -13.0183
conv5 15 12525 -7.64 30.56 0.4467 3752 0.00 0.00 -10.9336
conv5 16 837 0.00 30.56 0.8100 3761 0.00 15.28 -14.4210
conv5 17 850 0.00 61.12 0.1761 3761 0.00 15.28 -17.5142
conv5 18 355 0.00 0.00 2.6867 12824 0.00 0.00 -12.5476
conv5 19 30471 15.28 -7.64 1.6118 3761 0.00 15.28 -16.0948
conv5 20 3609 -15.28 30.56 2.3836 3745 0.00 0.00 -13.8927
conv5 21 2409 0.00 30.56 -0.2097 7801 15.28 0.00 -11.8244
conv5 22 5713 0.00 30.56 4.5662 355 0.00 0.00 -4.8090
conv5 23 821 0.00 0.00 9.6255 3761 0.00 15.28 -15.7449
conv5 24 29759 0.00 0.00 2.6920 5705 0.00 15.28 -10.5950
conv5 25 95 0.00 61.12 1.5346 3745 0.00 0.00 -13.9353
conv5 26 30103 7.64 -7.64 1.7578 3745 0.00 0.00 -19.3180
conv5 27 3587 -15.28 15.28 1.4511 3729 0.00 -15.28 -11.9907
conv5 28 357 0.00 0.00 6.0494 3761 0.00 15.28 -14.6437
conv5 29 30482 15.28 0.00 0.5042 3761 0.00 15.28 -19.2027
conv5 30 278 61.12 61.12 2.1012 3761 0.00 15.28 -18.0827
conv5 31 357 0.00 0.00 1.7400 3745 0.00 0.00 -7.5028
conv5 32 3766 0.00 15.28 2.9890 3745 0.00 0.00 -7.9036
conv5 33 2399 0.00 0.00 5.4325 356 0.00 0.00 -7.4643
conv5 34 1732 30.56 30.56 0.2827 3745 0.00 0.00 -13.7469
conv5 35 7789 15.28 -15.28 2.7207 3761 0.00 15.28 -16.4193
conv5 36 3727 0.00 -30.56 6.9522 3761 0.00 15.28 -10.9104
conv5 37 801 0.00 -30.56 2.7785 211 0.00 0.00 -11.1848
conv5 38 1607 0.00 0.00 1.8665 3728 0.00 -15.28 -11.7329
conv5 39 4130 30.56 30.56 4.1688 5683 0.00 0.00 -7.5172
conv5 40 834 0.00 30.56 8.7508 3752 0.00 0.00 -7.9677
conv5 41 7936 30.56 -30.56 2.4354 3761 0.00 15.28 -13.4120
conv5 42 12385 -7.64 -30.56 6.8897 3745 0.00 0.00 -9.9192
conv5 43 7620 0.00 0.00 1.9127 3745 0.00 0.00 -19.5872
conv5 44 13993 22.92 30.56 1.0893 20933 -7.64 7.64 -13.6034
conv5 45 951 30.56 30.56 4.4260 1603 0.00 0.00 -9.4318
conv5 46 11733 -22.92 7.64 1.5829 3745 0.00 0.00 -7.8468
conv5 47 813 0.00 -30.56 0.6282 3761 0.00 15.28 -12.5133
conv5 48 55 0.00 -61.12 4.1543 1600 0.00 0.00 -10.5658
conv5 49 1613 0.00 0.00 7.2482 3745 0.00 0.00 -13.7308
conv5 50 1734 30.56 30.56 2.8601 3745 0.00 0.00 -15.3889
conv5 51 3792 0.00 45.84 0.7887 3745 0.00 0.00 -16.6642
conv5 52 843 0.00 30.56 3.4358 12824 0.00 0.00 -12.3075
conv5 53 718 -30.56 0.00 2.2352 3745 0.00 0.00 -11.3092
conv5 54 1586 0.00 -30.56 2.2770 3745 0.00 0.00 -7.1991
conv5 55 13235 7.64 22.92 2.9948 3745 0.00 0.00 -17.1242
conv5 56 821 0.00 0.00 6.9668 2369 0.00 -30.56 -10.2700
conv5 57 26 -61.12 0.00 1.6672 1603 0.00 0.00 -10.3675
conv5 58 6047 30.56 0.00 0.4234 3761 0.00 15.28 -13.8450
conv5 59 30075 7.64 -22.92 0.5014 3761 0.00 15.28 -21.6250
conv5 60 12137 -15.28 22.92 7.1288 12824 0.00 0.00 -5.1178
conv5 61 95 0.00 61.12 7.2854 3760 0.00 15.28 -8.9528
conv5 62 815 0.00 -30.56 4.4966 3761 0.00 15.28 -11.6418
conv5 63 847 0.00 30.56 -0.7203 213 0.00 0.00 -13.2159
conv5 64 3763 0.00 15.28 0.4662 3761 0.00 15.28 -16.5864
conv5 65 823 0.00 0.00 6.4264 3761 0.00 15.28 -6.6727
conv5 66 4264 45.84 -15.28 -1.2492 3745 0.00 0.00 -24.8883
conv5 67 1618 0.00 30.56 4.7428 3745 0.00 0.00 -15.4753
conv5 68 3781 0.00 30.56 5.8746 121 61.12 0.00 -7.9931
conv5 69 29371 -7.64 -7.64 5.1856 3744 0.00 0.00 -10.2040
conv5 70 1602 0.00 0.00 0.6700 3752 0.00 0.00 -9.0131
conv5 71 13215 7.64 7.64 8.5188 1604 0.00 0.00 -6.1255
conv5 72 3585 -15.28 15.28 4.2154 21636 7.64 -7.64 -8.1503
conv5 73 29768 0.00 7.64 4.5919 366 0.00 0.00 -9.6882
conv5 74 79 0.00 0.00 2.6166 3761 0.00 15.28 -13.0099
conv5 75 123 61.12 0.00 0.4413 3744 0.00 0.00 -13.9798
conv5 76 3395 -30.56 0.00 2.0935 355 0.00 0.00 -7.6500
conv5 77 29005 -15.28 -7.64 1.1056 5881 15.28 15.28 -11.5430
conv5 78 1599 0.00 -30.56 1.9388 3769 0.00 15.28 -12.9986
conv5 79 22006 15.28 -7.64 5.5716 3569 -15.28 0.00 -8.0649
conv5 80 356 0.00 0.00 8.6013 12433 -7.64 -7.64 -9.1027
conv5 81 939 30.56 0.00 7.1330 357 0.00 0.00 -10.7945
conv5 82 935 30.56 0.00 4.1824 366 0.00 0.00 -9.9894
conv5 83 3704 0.00 -45.84 6.1725 3745 0.00 0.00 -13.8693
conv5 84 2396 0.00 0.00 5.3043 3753 0.00 0.00 -8.6657
conv5 85 941 30.56 0.00 1.2978 3745 0.00 0.00 -13.7541
conv5 86 827 0.00 0.00 1.3061 3744 0.00 0.00 -11.0426
conv5 87 810 0.00 -30.56 3.6379 3745 0.00 0.00 -14.0783
conv5 88 1598 0.00 -30.56 3.8476 3745 0.00 0.00 -11.9196
conv5 89 1577 0.00 -61.12 0.7336 12825 0.00 0.00 -12.9003
conv5 90 220 0.00 0.00 2.1595 3752 0.00 0.00 -12.1400
conv5 91 843 0.00 30.56 7.2357 817 0.00 0.00 -10.0117
conv5 92 12484 -7.64 15.28 1.5275 1617 0.00 30.56 -12.2560
conv5 93 1046 61.12 0.00 -0.6079 3761 0.00 15.28 -17.4395
conv5 94 723 -30.56 30.56 3.0144 3728 0.00 -15.28 -10.2712
conv5 95 21558 7.64 -45.84 0.7454 3745 0.00 0.00 -15.1591
conv5 96 3927 15.28 0.00 3.5171 355 0.00 0.00 -11.2991
conv5 97 834 0.00 30.56 1.8397 3745 0.00 0.00 -14.6531
conv5 98 3935 15.28 0.00 5.2438 3744 0.00 0.00 -14.7504
conv5 99 361 0.00 0.00 0.4726 3744 0.00 0.00 -12.5682
conv5 100 1631 0.00 30.56 4.8165 3729 0.00 -15.28 -10.1340
conv5 101 7749 15.28 -45.84 0.6333 3745 0.00 0.00 -13.1493
conv5 102 5701 0.00 15.28 4.8110 3745 0.00 0.00 -12.5875
conv5 103 2373 0.00 -30.56 3.0958 3761 0.00 15.28 -13.7176
conv5 104 30089 7.64 -15.28 1.9049 3761 0.00 15.28 -13.1868
conv5 105 1721 30.56 0.00 4.7928 1603 0.00 0.00 -8.3029
conv5 106 1484 -30.56 -30.56 5.5558 3752 0.00 0.00 -12.5123
conv5 107 353 0.00 0.00 2.9800 3745 0.00 0.00 -13.8639
conv5 108 210 0.00 0.00 5.7917 12065 -15.28 -7.64 -7.8972
conv5 109 2501 30.56 0.00 -0.5619 3745 0.00 0.00 -17.9014
conv5 110 3875 15.28 -45.84 4.1777 3761 0.00 15.28 -9.5029
conv5 111 63 0.00 -61.12 6.6830 3585 -15.28 15.28 -9.1620
conv5 112 3755 0.00 0.00 10.0681 352 0.00 0.00 -7.2381
conv5 113 24 -61.12 0.00 2.9020 367 0.00 0.00 -10.5143
conv5 114 13229 7.64 15.28 2.0990 3761 0.00 15.28 -16.2861
conv5 115 2507 30.56 0.00 0.6476 3752 0.00 0.00 -13.5525
conv5 116 1613 0.00 0.00 2.5544 3728 0.00 -15.28 -10.9568
conv5 117 13913 22.92 -7.64 1.6338 3761 0.00 15.28 -12.7595
conv5 118 822 0.00 0.00 2.4423 13189 7.64 0.00 -12.8372
conv5 119 95 0.00 61.12 -0.8981 12856 0.00 15.28 -14.0974
conv5 120 1602 0.00 0.00 2.6853 3745 0.00 0.00 -15.3624
conv5 121 12893 0.00 30.56 0.9168 3745 0.00 0.00 -11.9800
conv5 122 29739 0.00 -7.64 4.7115 3745 0.00 0.00 -11.3053
conv5 123 29402 -7.64 7.64 2.5051 3745 0.00 0.00 -8.6014
conv5 124 7842 15.28 45.84 0.4528 3745 0.00 0.00 -16.7109
conv5 125 3583 -15.28 0.00 2.6590 817 0.00 0.00 -8.0709
conv5 126 3367 -30.56 -30.56 5.7805 3745 0.00 0.00 -8.0763
conv5 127 711 -30.56 0.00 0.5517 1600 0.00 0.00 -12.7455
conv5 128 14319 30.56 7.64 0.7453 3761 0.00 15.28 -18.4659
conv5 129 66 0.00 0.00 1.1556 3745 0.00 0.00 -14.4159
conv5 130 3775 0.00 15.28 2.2170 12824 0.00 0.00 -13.5940
conv5 131 3791 0.00 30.56 0.4922 3761 0.00 15.28 -13.8733
conv5 132 32402 53.48 38.20 1.4994 3777 0.00 30.56 -8.6613
conv5 133 29371 -7.64 -7.64 5.9192 1615 0.00 0.00 -8.0398
conv5 134 80 0.00 61.12 5.7249 13192 7.64 0.00 -10.6804
conv5 135 2386 0.00 0.00 0.4875 3745 0.00 0.00 -20.7889
conv5 136 5667 0.00 -15.28 9.8538 356 0.00 0.00 -7.0942
conv5 137 7625 0.00 0.00 6.9643 816 0.00 0.00 -7.5071
conv5 138 21969 15.28 -22.92 1.9022 3745 0.00 0.00 -15.9348
conv5 139 29082 -15.28 30.56 0.4613 3745 0.00 0.00 -12.8452
conv5 140 14654 38.20 -7.64 -0.7976 3761 0.00 15.28 -22.1070
conv5 141 7429 -15.28 -15.28 2.8205 3745 0.00 0.00 -13.5626
conv5 142 13224 7.64 15.28 2.5195 3745 0.00 0.00 -11.0184
conv5 143 1713 30.56 0.00 4.2332 358 0.00 0.00 -8.9023
conv5 144 1607 0.00 0.00 3.5959 3777 0.00 30.56 -14.5941
conv5 145 20938 -7.64 7.64 5.3543 3745 0.00 0.00 -10.2642
conv5 146 823 0.00 0.00 2.4016 12824 0.00 0.00 -10.6758
conv5 147 5694 0.00 0.00 -0.6673 3752 0.00 0.00 -15.4594
conv5 148 1609 0.00 0.00 4.4138 801 0.00 -30.56 -8.6949
conv5 149 11715 -22.92 0.00 3.0905 3745 0.00 0.00 -13.3472
conv5 150 20181 -22.92 0.00 1.6595 1617 0.00 30.56 -12.7062
conv5 151 3751 0.00 0.00 2.3012 3745 0.00 0.00 -11.4040
conv5 152 62 0.00 -61.12 5.4245 7625 0.00 0.00 -10.1399
conv5 153 834 0.00 30.56 3.0879 3729 0.00 -15.28 -9.9275
conv5 154 79 0.00 0.00 -0.1439 3745 0.00 0.00 -18.0821
conv5 155 3745 0.00 0.00 13.5148 367 0.00 0.00 -7.6678
conv5 156 3594 -15.28 15.28 4.4509 20917 -7.64 0.00 -9.3115
conv5 157 1605 0.00 0.00 15.4342 121 61.12 0.00 -8.2873
conv5 158 953 30.56 30.56 4.0656 3745 0.00 0.00 -12.9885
conv5 159 11373 -30.56 7.64 1.3159 3761 0.00 15.28 -17.0979
conv5 160 12086 -15.28 0.00 1.3121 13201 7.64 7.64 -12.7702
conv5 161 13560 15.28 0.00 4.8220 7637 0.00 15.28 -7.7072
conv5 162 12417 -7.64 -15.28 5.0568 3761 0.00 15.28 -10.4057
conv5 163 3672 0.00 -76.41 -1.0519 3745 0.00 0.00 -13.6133
conv5 164 2300 -30.56 30.56 4.2799 3745 0.00 0.00 -9.5525
conv5 165 31191 30.56 -15.28 1.4725 3745 0.00 0.00 -18.2882
conv5 166 13933 22.92 0.00 2.7750 3761 0.00 15.28 -11.3332
conv5 167 7457 -15.28 15.28 2.6309 3746 0.00 0.00 -9.3559
conv5 168 30111 7.64 -7.64 9.5689 225 0.00 61.12 -8.8200
conv5 169 48 0.00 -61.12 1.4667 3745 0.00 0.00 -13.0660
conv5 170 827 0.00 0.00 1.5119 817 0.00 0.00 -9.1553
conv5 171 239 0.00 61.12 -0.1146 3761 0.00 15.28 -19.2887
conv5 172 801 0.00 -30.56 2.7483 7637 0.00 15.28 -10.1299
conv5 173 3788 0.00 30.56 -0.5871 3745 0.00 0.00 -14.7317
conv5 174 3791 0.00 30.56 1.7196 3744 0.00 0.00 -16.2977
conv5 175 1631 0.00 30.56 1.8826 209 0.00 0.00 -12.4663
conv5 176 5694 0.00 0.00 0.3219 3752 0.00 0.00 -12.2111
conv5 177 29363 -7.64 -7.64 1.2320 3745 0.00 0.00 -14.0164
conv5 178 30118 7.64 0.00 0.3533 366 0.00 0.00 -12.0199
conv5 179 2300 -30.56 30.56 1.4025 3728 0.00 -15.28 -8.4306
conv5 180 12525 -7.64 30.56 2.0832 355 0.00 0.00 -12.1586
conv5 181 81 0.00 61.12 2.2388 5669 0.00 -15.28 -13.2623
conv5 182 30107 7.64 -7.64 11.0373 1601 0.00 0.00 -10.4902
conv5 183 1727 30.56 0.00 2.3343 3761 0.00 15.28 -14.8982
conv5 184 1598 0.00 -30.56 0.3384 3745 0.00 0.00 -19.0146
conv5 185 5854 15.28 -15.28 1.8818 3761 0.00 15.28 -15.1308
conv5 186 11347 -30.56 0.00 0.4116 833 0.00 30.56 -14.6892
conv5 187 7921 30.56 -45.84 1.3973 3761 0.00 15.28 -14.5970
conv5 188 30144 7.64 15.28 2.7619 3761 0.00 15.28 -10.5642
conv5 189 827 0.00 0.00 7.6005 357 0.00 0.00 -7.5544
conv5 190 11699 -22.92 -7.64 1.2828 12841 0.00 7.64 -8.2698
conv5 191 1602 0.00 0.00 4.2732 3745 0.00 0.00 -11.3187
conv5 192 62 0.00 -61.12 6.7550 1600 0.00 0.00 -11.9059
conv5 193 5507 -15.28 0.00 0.6080 3745 0.00 0.00 -16.9122
conv5 194 29403 -7.64 7.64 13.0299 364 0.00 0.00 -12.2254
conv5 195 5710 0.00 15.28 1.4821 3745 0.00 0.00 -13.6513
conv5 196 30510 15.28 7.64 -0.4516 3745 0.00 0.00 -19.4554
conv5 197 3554 -15.28 -15.28 1.2972 3745 0.00 0.00 -13.6767
conv5 198 803 0.00 -30.56 0.9947 3761 0.00 15.28 -13.1202
conv5 199 170 -61.12 0.00 0.2456 3745 0.00 0.00 -15.1008
conv5 200 29742 0.00 -7.64 2.2314 3761 0.00 15.28 -21.3885
conv5 201 14341 30.56 22.92 1.6718 3745 0.00 0.00 -15.1208
conv5 202 825 0.00 0.00 1.9752 355 0.00 0.00 -9.8588
conv5 203 26 -61.12 0.00 0.3375 3745 0.00 0.00 -14.4530
conv5 204 7623 0.00 0.00 6.2689 364 0.00 0.00 -10.5127
conv5 205 365 0.00 0.00 10.5371 3769 0.00 15.28 -8.0586
conv5 206 5507 -15.28 0.00 6.1214 357 0.00 0.00 -7.6773
conv5 207 21977 15.28 -22.92 0.5094 3745 0.00 0.00 -15.9261
conv5 208 831 0.00 0.00 3.2842 358 0.00 0.00 -9.3771
conv5 209 931 30.56 0.00 1.3410 3745 0.00 0.00 -13.2403
conv5 210 4293 45.84 15.28 1.9669 817 0.00 0.00 -12.2499
conv5 211 2386 0.00 0.00 5.2174 3745 0.00 0.00 -11.3870
conv5 212 13900 22.92 -15.28 1.7968 3745 0.00 0.00 -11.6542
conv5 213 829 0.00 0.00 2.4765 355 0.00 0.00 -9.2421
conv5 214 12433 -7.64 -7.64 7.5573 360 0.00 0.00 -6.0942
conv5 215 30460 15.28 -15.28 0.5194 3761 0.00 15.28 -19.9750
conv5 216 825 0.00 0.00 4.2983 3761 0.00 15.28 -10.2746
conv5 217 840 0.00 30.56 -0.7845 3752 0.00 0.00 -19.1544
conv5 218 29085 -15.28 30.56 2.3006 3752 0.00 0.00 -15.0600
conv5 219 821 0.00 0.00 1.9574 3745 0.00 0.00 -12.2260
conv5 220 210 0.00 0.00 0.4138 3761 0.00 15.28 -14.7363
conv5 221 80 0.00 61.12 1.3026 3729 0.00 -15.28 -11.1207
conv5 222 839 0.00 30.56 3.6339 357 0.00 0.00 -11.8951
conv5 223 219 0.00 0.00 1.5544 3745 0.00 0.00 -16.0347
conv5 224 3791 0.00 30.56 0.2489 3745 0.00 0.00 -17.1899
conv5 225 938 30.56 0.00 1.1047 355 0.00 0.00 -12.7956
conv5 226 20913 -7.64 0.00 3.7868 225 0.00 61.12 -11.4463
conv5 227 21641 7.64 -7.64 8.2842 225 0.00 61.12 -13.8049
conv5 228 7786 15.28 -15.28 1.6356 3761 0.00 15.28 -11.5921
conv5 229 3757 0.00 0.00 3.2797 817 0.00 0.00 -8.7461
conv5 230 602 -61.12 0.00 1.5756 3761 0.00 15.28 -13.1875
conv5 231 3933 15.28 0.00 0.6040 3736 0.00 -15.28 -10.3773
conv5 232 12097 -15.28 7.64 6.7143 357 0.00 0.00 -13.3989
conv5 233 3767 0.00 15.28 2.2734 12824 0.00 0.00 -10.2426
conv5 234 721 -30.56 30.56 0.7534 13187 7.64 0.00 -10.3173
conv5 235 30486 15.28 0.00 -0.7427 3745 0.00 0.00 -24.1425
conv5 236 6047 30.56 0.00 1.6667 3761 0.00 15.28 -13.4040
conv5 237 3933 15.28 0.00 3.1247 352 0.00 0.00 -8.4611
conv5 238 361 0.00 0.00 2.8760 3745 0.00 0.00 -12.7361
conv5 239 1612 0.00 0.00 6.0615 3745 0.00 0.00 -10.8264
conv5 240 124 61.12 0.00 1.9563 3745 0.00 0.00 -10.8511
conv5 241 366 0.00 0.00 4.8035 12433 -7.64 -7.64 -14.5736
conv5 242 95 0.00 61.12 -0.1276 225 0.00 61.12 -12.1993
conv5 243 831 0.00 0.00 2.9534 3729 0.00 -15.28 -8.6907
conv5 244 83 0.00 61.12 7.2335 12821 0.00 0.00 -9.0103
conv5 245 3571 -15.28 0.00 3.2839 213 0.00 0.00 -10.5582
conv5 246 2391 0.00 0.00 1.1305 12433 -7.64 -7.64 -11.0912
conv5 247 13590 15.28 15.28 1.0108 3729 0.00 -15.28 -13.5900
conv5 248 30446 15.28 -22.92 1.6361 3745 0.00 0.00 -18.9516
conv5 249 1495 -30.56 0.00 3.2249 3744 0.00 0.00 -9.0991
conv5 250 12105 -15.28 7.64 3.7657 355 0.00 0.00 -10.7375
conv5 251 3790 0.00 30.56 2.0219 367 0.00 0.00 -12.4621
conv5 252 3379 -30.56 -15.28 1.7838 3745 0.00 0.00 -9.3452
conv5 253 220 0.00 0.00 6.1942 3761 0.00 15.28 -18.4319
conv5 254 13229 7.64 15.28 6.2370 3761 0.00 15.28 -12.3618
conv5 255 3751 0.00 0.00 2.9382 12833 0.00 7.64 -8.7925
