conv1 0 244 21092
conv1 1 13578 18396
conv1 2 401 3958
conv1 3 2185 2842
conv1 4 103 35118
conv1 5 627 569
conv1 6 433 525
conv1 7 147 34830
conv1 8 36189 10
conv1 9 2553 3774
conv1 10 1038 1111
conv1 11 462 694
conv1 12 1119 1366
conv1 13 866 963
conv1 14 613 776
conv1 15 23 35903
conv1 16 2868 3321
conv1 17 568 537
conv1 18 1195 1570
conv1 19 34 36086
conv1 20 290 4643
conv1 21 17941 18163
conv1 22 2338 3477
conv1 23 493 552
conv1 24 619 793
conv1 25 1358 1579
conv1 26 117 35489
conv1 27 3138 4160
conv1 28 1557 2737
conv1 29 839 2837
conv1 30 891 1383
conv1 31 153 34710
conv1 32 936 1127
conv1 33 2035 2469
conv1 34 1842 2072
conv1 35 256 32746
conv1 36 15710 18255
conv1 37 36217 8
conv1 38 448 1821
conv1 39 160 33715
conv1 40 16239 9878
conv1 41 1070 1156
conv1 42 337 1419
conv1 43 499 602
conv1 44 270 8660
conv1 45 189 34896
conv1 46 253 19283
conv1 47 639 586
conv1 48 1206 1815
conv1 49 545 4233
conv1 50 412 581
conv1 51 17567 18195
conv1 52 17744 18050
conv1 53 18095 18098
conv1 54 1004 1195
conv1 55 1386 1669
conv1 56 537 741
conv1 57 578 694
conv1 58 1496 18389
conv1 59 443 1053
conv1 60 3132 4065
conv1 61 893 4604
conv1 62 639 520
conv1 63 3505 3692
conv2 0 2557 8171
conv2 1 191 1416
conv2 2 2378 4102
conv2 3 602 31716
conv2 4 2548 8374
conv2 5 14518 1177
conv2 6 0 33982
conv2 7 3264 16690
conv2 8 549 1444
conv2 9 594 29142
conv2 10 2913 4821
conv2 11 718 30985
conv2 12 288 2531
conv2 13 6469 1280
conv2 14 5113 9824
conv2 15 6433 2707
conv2 16 1425 1128
conv2 17 10467 3294
conv2 18 11818 6236
conv2 19 9817 3698
conv2 20 28332 1580
conv2 21 4814 7428
conv2 22 2965 1719
conv2 23 2715 3052
conv2 24 3613 4884
conv2 25 4837 2147
conv2 26 3921 7246
conv2 27 2145 2915
conv2 28 134 29506
conv2 29 2283 1359
conv2 30 501 3773
conv2 31 1232 2797
conv2 32 1766 8972
conv2 33 81 33603
conv2 34 4163 1437
conv2 35 309 2767
conv2 36 630 5830
conv2 37 452 5190
conv2 38 10694 2215
conv2 39 1585 23825
conv2 40 1420 2435
conv2 41 15578 3680
conv2 42 3610 2148
conv2 43 498 1810
conv2 44 2075 14720
conv2 45 22036 3478
conv2 46 1952 2499
conv2 47 2682 3418
conv2 48 1455 3003
conv2 49 1107 2765
conv2 50 1282 5645
conv2 51 10666 4085
conv2 52 1113 2577
conv2 53 6123 2856
conv2 54 1288 14701
conv2 55 15347 1226
conv2 56 518 10824
conv2 57 3497 8835
conv2 58 1808 2186
conv2 59 18068 4538
conv2 60 2351 2763
conv2 61 351 5609
conv2 62 8604 6236
conv2 63 10778 4935
conv2 64 8847 3953
conv2 65 1174 3738
conv2 66 687 3172
conv2 67 16865 2808
conv2 68 5749 2884
conv2 69 1749 4590
conv2 70 9266 1977
conv2 71 2721 4421
conv2 72 1473 2800
conv2 73 8966 5433
conv2 74 179 32541
conv2 75 3603 4153
conv2 76 5173 2800
conv2 77 2339 3968
conv2 78 4079 3883
conv2 79 8604 3379
conv2 80 3773 5384
conv2 81 298 24059
conv2 82 5776 3513
conv2 83 3322 2563
conv2 84 283 3084
conv2 85 151 1680
conv2 86 6991 3279
conv2 87 5777 7637
conv2 88 2278 4260
conv2 89 3361 4387
conv2 90 141 1786
conv2 91 1098 1872
conv2 92 10419 3876
conv2 93 172 30897
conv2 94 1900 6281
conv2 95 2078 3840
conv2 96 1896 1775
conv2 97 416 2721
conv2 98 1161 3472
conv2 99 3080 5680
conv2 100 1614 1869
conv2 101 1005 30776
conv2 102 1000 2512
conv2 103 3864 4382
conv2 104 745 1972
conv2 105 7968 8687
conv2 106 1211 3468
conv2 107 1761 4282
conv2 108 453 31536
conv2 109 3114 3885
conv2 110 29 33772
conv2 111 602 1816
conv2 112 642 18977
conv2 113 1497 3127
conv2 114 4827 1568
conv2 115 9026 3188
conv2 116 342 1090
conv2 117 924 31761
conv2 118 2024 4074
conv2 119 1147 3007
conv2 120 928 1618
conv2 121 19274 5245
conv2 122 812 30866
conv2 123 22247 2667
conv2 124 2761 4616
conv2 125 9811 1386
conv2 126 1659 8364
conv2 127 1074 2059
conv2 128 3712 21938
conv2 129 6726 3162
conv2 130 18669 901
conv2 131 2577 3128
conv2 132 5155 7079
conv2 133 2447 7599
conv2 134 18796 971
conv2 135 1276 3354
conv2 136 2067 2997
conv2 137 1634 2213
conv2 138 12438 2833
conv2 139 10720 3272
conv2 140 333 2071
conv2 141 2056 4041
conv2 142 8171 3918
conv2 143 887 2054
conv2 144 3985 3980
conv2 145 7618 3796
conv2 146 162 32411
conv2 147 3078 2130
conv2 148 2005 3297
conv2 149 2257 17663
conv2 150 2680 2615
conv2 151 6119 2943
conv2 152 1281 3012
conv2 153 986 2857
conv2 154 6572 12141
conv2 155 2089 3414
conv2 156 23068 1536
conv2 157 2674 1673
conv2 158 5185 3664
conv2 159 497 2449
conv2 160 18132 4943
conv2 161 1431 26248
conv2 162 7275 2660
conv2 163 2783 3313
conv2 164 18089 3389
conv2 165 11404 2951
conv2 166 8062 3867
conv2 167 1572 3101
conv2 168 1716 5000
conv2 169 989 2248
conv2 170 2461 3259
conv2 171 19592 3371
conv2 172 3844 2459
conv2 173 12329 3639
conv2 174 386 19639
conv2 175 13621 3130
conv2 176 2046 15928
conv2 177 4456 6013
conv2 178 3759 3993
conv2 179 4977 5519
conv2 180 750 5879
conv2 181 1100 5500
conv2 182 2916 3342
conv2 183 7735 825
conv2 184 2407 5160
conv2 185 5754 6018
conv2 186 2501 1762
conv2 187 4512 4735
conv2 188 4333 3602
conv2 189 2820 5773
conv2 190 4261 2733
conv2 191 7870 11805
conv3 0 1130 10011
conv3 1 913 15893
conv3 2 549 32188
conv3 3 12121 4826
conv3 4 40 12740
conv3 5 438 5823
conv3 6 327 21264
conv3 7 2046 11403
conv3 8 317 10672
conv3 9 177 20756
conv3 10 199 9856
conv3 11 1441 7018
conv3 12 27 24283
conv3 13 1814 8017
conv3 14 400 16044
conv3 15 627 8271
conv3 16 2084 7661
conv3 17 233 11565
conv3 18 339 9037
conv3 19 2444 18209
conv3 20 11582 2490
conv3 21 6359 7545
conv3 22 469 5903
conv3 23 303 10620
conv3 24 8621 3363
conv3 25 3979 3769
conv3 26 11196 661
conv3 27 1040 5241
conv3 28 10901 10470
conv3 29 2414 8093
conv3 30 573 15751
conv3 31 8031 7853
conv3 32 62 27211
conv3 33 49 15298
conv3 34 481 9774
conv3 35 6750 6943
conv3 36 6981 4690
conv3 37 8504 5083
conv3 38 140 29002
conv3 39 1799 6659
conv3 40 3 33594
conv3 41 40 10304
conv3 42 140 8947
conv3 43 520 10336
conv3 44 530 2482
conv3 45 1594 9278
conv3 46 1294 8477
conv3 47 50 16309
conv3 48 473 14584
conv3 49 4312 3613
conv3 50 1054 15908
conv3 51 1406 9191
conv3 52 1758 8157
conv3 53 1884 8848
conv3 54 691 9768
conv3 55 303 9053
conv3 56 879 15385
conv3 57 441 12797
conv3 58 803 7076
conv3 59 10601 7759
conv3 60 2817 7756
conv3 61 2561 14322
conv3 62 288 15024
conv3 63 13 22585
conv3 64 6879 2334
conv3 65 70 33524
conv3 66 2291 7067
conv3 67 131 23094
conv3 68 1045 13017
conv3 69 22 30258
conv3 70 425 8686
conv3 71 6544 8169
conv3 72 1919 9935
conv3 73 751 4646
conv3 74 740 8017
conv3 75 2454 8050
conv3 76 2640 9008
conv3 77 1373 8021
conv3 78 21802 3231
conv3 79 1314 10817
conv3 80 50 10601
conv3 81 326 10514
conv3 82 1089 24233
conv3 83 11195 7744
conv3 84 5889 6829
conv3 85 2 10945
conv3 86 181 19794
conv3 87 11768 9850
conv3 88 166 15505
conv3 89 7669 6456
conv3 90 1164 7979
conv3 91 1594 9675
conv3 92 3273 7999
conv3 93 140 13251
conv3 94 4498 6494
conv3 95 2424 6603
conv3 96 5313 6004
conv3 97 44 30074
conv3 98 0 33509
conv3 99 382 31570
conv3 100 2716 4104
conv3 101 840 11184
conv3 102 538 6301
conv3 103 11335 2073
conv3 104 79 30083
conv3 105 3104 7395
conv3 106 2013 7524
conv3 107 4517 12142
conv3 108 933 22074
conv3 109 1877 7355
conv3 110 571 20687
conv3 111 161 14289
conv3 112 590 8270
conv3 113 1543 9873
conv3 114 318 17060
conv3 115 248 8240
conv3 116 4608 6199
conv3 117 6591 6218
conv3 118 10254 1133
conv3 119 296 7089
conv3 120 1576 6332
conv3 121 1 16571
conv3 122 25194 4196
conv3 123 3371 14814
conv3 124 171 9229
conv3 125 348 8591
conv3 126 477 5330
conv3 127 267 10183
conv3 128 575 18949
conv3 129 316 8596
conv3 130 14062 8605
conv3 131 213 10467
conv3 132 427 13586
conv3 133 49 20840
conv3 134 4657 8684
conv3 135 1899 7288
conv3 136 2893 8098
conv3 137 0 31774
conv3 138 1024 10656
conv3 139 586 7971
conv3 140 960 5174
conv3 141 1325 8841
conv3 142 2718 9066
conv3 143 1129 12465
conv3 144 3224 7641
conv3 145 366 5561
conv3 146 257 25022
conv3 147 13019 10421
conv3 148 1165 9962
conv3 149 3136 10879
conv3 150 1055 6543
conv3 151 344 9504
conv3 152 1304 19171
conv3 153 233 6332
conv3 154 1 19927
conv3 155 811 9613
conv3 156 1520 9368
conv3 157 7383 5136
conv3 158 821 8222
conv3 159 88 21951
conv3 160 228 10375
conv3 161 1496 7180
conv3 162 469 2096
conv3 163 2213 9204
conv3 164 1659 8198
conv3 165 86 33258
conv3 166 2987 5106
conv3 167 1373 6467
conv3 168 49 17403
conv3 169 13930 5217
conv3 170 12069 12357
conv3 171 7463 9056
conv3 172 2433 7824
conv3 173 2600 4768
conv3 174 6159 7160
conv3 175 5 14438
conv3 176 1 15913
conv3 177 3735 5939
conv3 178 11440 10290
conv3 179 7172 4756
conv3 180 91 27082
conv3 181 676 7107
conv3 182 28 12613
conv3 183 1919 12183
conv3 184 20 13654
conv3 185 36 12714
conv3 186 1163 5909
conv3 187 2185 5528
conv3 188 2350 2929
conv3 189 169 17381
conv3 190 1199 4637
conv3 191 2127 10021
conv3 192 19207 8203
conv3 193 27 13800
conv3 194 855 3617
conv3 195 726 4182
conv3 196 786 11641
conv3 197 360 7094
conv3 198 2920 6421
conv3 199 3399 4653
conv3 200 40 18546
conv3 201 0 11521
conv3 202 5 19564
conv3 203 2104 7155
conv3 204 24867 3644
conv3 205 8559 8514
conv3 206 18380 3940
conv3 207 752 10267
conv3 208 2027 7291
conv3 209 2497 7407
conv3 210 1699 7147
conv3 211 1276 8796
conv3 212 1753 2927
conv3 213 747 10827
conv3 214 419 7661
conv3 215 231 10849
conv3 216 0 14187
conv3 217 167 12181
conv3 218 898 6242
conv3 219 7 31070
conv3 220 504 11568
conv3 221 2334 5427
conv3 222 3628 12128
conv3 223 2099 10305
conv3 224 2 33576
conv3 225 59 10448
conv3 226 342 22668
conv3 227 2035 5203
conv3 228 1343 4210
conv3 229 1407 7938
conv3 230 25 24150
conv3 231 666 5076
conv3 232 21978 5296
conv3 233 847 8386
conv3 234 1129 10270
conv3 235 127 18101
conv3 236 526 21151
conv3 237 2563 5342
conv3 238 9094 6230
conv3 239 244 9910
conv3 240 2520 6155
conv3 241 4 13427
conv3 242 295 7632
conv3 243 2961 9004
conv3 244 1503 7121
conv3 245 19619 8004
conv3 246 1733 7660
conv3 247 1402 14636
conv3 248 14685 5184
conv3 249 6670 8555
conv3 250 3281 5129
conv3 251 2475 9769
conv3 252 1707 7650
conv3 253 207 11898
conv3 254 11665 8198
conv3 255 77 9140
conv3 256 2530 5138
conv3 257 177 20458
conv3 258 357 9946
conv3 259 264 15787
conv3 260 1256 10751
conv3 261 2346 5759
conv3 262 351 11098
conv3 263 167 8744
conv3 264 3263 9051
conv3 265 6538 10306
conv3 266 51 31156
conv3 267 3763 5473
conv3 268 981 6899
conv3 269 9518 4376
conv3 270 760 9308
conv3 271 489 6963
conv3 272 4222 7479
conv3 273 1523 8049
conv3 274 4 14187
conv3 275 742 8333
conv3 276 5284 11539
conv3 277 7219 4947
conv3 278 1894 6934
conv3 279 255 5981
conv3 280 1517 5159
conv3 281 893 7099
conv3 282 14747 9811
conv3 283 4776 6148
conv3 284 10723 5243
conv3 285 1269 10571
conv3 286 6002 6053
conv3 287 7155 3337
conv3 288 0 14194
conv3 289 1829 10437
conv3 290 465 9520
conv3 291 1265 9410
conv3 292 4995 9467
conv3 293 53 26595
conv3 294 1317 10308
conv3 295 15285 5353
conv3 296 618 8113
conv3 297 448 6001
conv3 298 5048 9003
conv3 299 1156 8575
conv3 300 1318 5971
conv3 301 6424 7752
conv3 302 2333 5087
conv3 303 329 8103
conv3 304 4230 4782
conv3 305 329 2565
conv3 306 6651 4789
conv3 307 4232 2624
conv3 308 9296 6973
conv3 309 5065 12304
conv3 310 2396 6535
conv3 311 281 4412
conv3 312 3056 8719
conv3 313 438 29465
conv3 314 3 18366
conv3 315 179 12231
conv3 316 1486 12990
conv3 317 6536 6288
conv3 318 38 10462
conv3 319 1022 6558
conv3 320 814 8671
conv3 321 410 7063
conv3 322 2709 5691
conv3 323 12 14411
conv3 324 272 4010
conv3 325 2175 5373
conv3 326 774 9749
conv3 327 5916 11939
conv3 328 870 9582
conv3 329 0 23376
conv3 330 3019 13747
conv3 331 574 13213
conv3 332 5532 7933
conv3 333 8465 8090
conv3 334 401 7546
conv3 335 547 9052
conv3 336 1075 20236
conv3 337 6745 8728
conv3 338 17224 5872
conv3 339 2383 6985
conv3 340 194 31969
conv3 341 0 17615
conv3 342 29 19145
conv3 343 686 15341
conv3 344 5208 2497
conv3 345 1525 20540
conv3 346 42 13293
conv3 347 674 13228
conv3 348 8590 7845
conv3 349 5272 12822
conv3 350 169 5171
conv3 351 810 4901
conv3 352 1395 23680
conv3 353 5040 7255
conv3 354 7243 6136
conv3 355 8 33186
conv3 356 3503 5559
conv3 357 722 5545
conv3 358 4 29677
conv3 359 66 10978
conv3 360 2477 10151
conv3 361 1303 3405
conv3 362 1007 8038
conv3 363 3221 8367
conv3 364 11145 3326
conv3 365 12 32316
conv3 366 545 9461
conv3 367 8539 7007
conv3 368 73 7964
conv3 369 2072 15864
conv3 370 71 20124
conv3 371 2550 11579
conv3 372 4669 6379
conv3 373 72 11808
conv3 374 472 8314
conv3 375 5609 11408
conv3 376 76 12484
conv3 377 54 15431
conv3 378 1580 4521
conv3 379 34 11781
conv3 380 1384 25512
conv3 381 828 19331
conv3 382 10441 4168
conv3 383 1033 7985
conv4 0 1756 8456
conv4 1 375 32568
conv4 2 8 20993
conv4 3 1526 6199
conv4 4 195 24795
conv4 5 2504 8619
conv4 6 1126 13539
conv4 7 276 17064
conv4 8 3129 8467
conv4 9 8345 568
conv4 10 260 32426
conv4 11 84 32747
conv4 12 1770 17749
conv4 13 208 15744
conv4 14 1402 27624
conv4 15 332 32514
conv4 16 1587 11829
conv4 17 73 33470
conv4 18 2782 2287
conv4 19 888 10146
conv4 20 2922 12276
conv4 21 588 12867
conv4 22 20 19390
conv4 23 1 25398
conv4 24 656 9934
conv4 25 278 31770
conv4 26 0 27992
conv4 27 137 27019
conv4 28 301 6714
conv4 29 460 14352
conv4 30 170 19652
conv4 31 1 33947
conv4 32 152 25384
conv4 33 201 13653
conv4 34 180 13294
conv4 35 427 22827
conv4 36 47 30922
conv4 37 2396 27879
conv4 38 80 33414
conv4 39 275 29314
conv4 40 862 8782
conv4 41 1662 20547
conv4 42 692 17168
conv4 43 877 26737
conv4 44 128 12349
conv4 45 41 8988
conv4 46 820 9363
conv4 47 4907 4639
conv4 48 4786 5602
conv4 49 392 31691
conv4 50 15340 3809
conv4 51 10 24301
conv4 52 12366 5348
conv4 53 423 14066
conv4 54 144 6264
conv4 55 1364 10602
conv4 56 0 16757
conv4 57 2215 12355
conv4 58 3082 7958
conv4 59 1473 7304
conv4 60 117 17696
conv4 61 1763 5260
conv4 62 99 10668
conv4 63 132 10553
conv4 64 389 30029
conv4 65 952 8563
conv4 66 3484 7558
conv4 67 6278 6096
conv4 68 81 22866
conv4 69 1294 5174
conv4 70 846 10138
conv4 71 12558 5395
conv4 72 44 23648
conv4 73 1418 10856
conv4 74 17 33411
conv4 75 508 11276
conv4 76 205 10733
conv4 77 2014 5164
conv4 78 216 10459
conv4 79 2190 5322
conv4 80 55 12526
conv4 81 15168 3865
conv4 82 112 33127
conv4 83 345 20826
conv4 84 1863 8224
conv4 85 194 11249
conv4 86 19 24137
conv4 87 115 14606
conv4 88 88 33025
conv4 89 449 14366
conv4 90 525 12839
conv4 91 3600 2394
conv4 92 583 11158
conv4 93 30 24084
conv4 94 5790 6018
conv4 95 0 33893
conv4 96 9509 7051
conv4 97 1481 9413
conv4 98 3074 4784
conv4 99 32 22915
conv4 100 65 33444
conv4 101 230 33279
conv4 102 6084 2140
conv4 103 8240 3121
conv4 104 3454 13273
conv4 105 76 33400
conv4 106 2178 5723
conv4 107 164 32484
conv4 108 2402 7473
conv4 109 907 5051
conv4 110 121 29144
conv4 111 4 23280
conv4 112 205 10543
conv4 113 7541 5653
conv4 114 279 12105
conv4 115 51 33492
conv4 116 286 13448
conv4 117 1035 5241
conv4 118 19 33799
conv4 119 8666 5602
conv4 120 112 11658
conv4 121 47 33430
conv4 122 2665 22510
conv4 123 3126 4879
conv4 124 311 16916
conv4 125 23275 2223
conv4 126 27 15147
conv4 127 168 12403
conv4 128 159 24743
conv4 129 2523 6989
conv4 130 136 19414
conv4 131 5741 4684
conv4 132 827 10197
conv4 133 15 32687
conv4 134 495 9258
conv4 135 72 33237
conv4 136 1499 1905
conv4 137 1096 29285
conv4 138 411 6988
conv4 139 15056 3682
conv4 140 1514 24619
conv4 141 16 31658
conv4 142 267 23305
conv4 143 452 29096
conv4 144 639 8653
conv4 145 864 7455
conv4 146 1037 10237
conv4 147 1014 8248
conv4 148 25 28143
conv4 149 569 28021
conv4 150 144 9076
conv4 151 1774 11379
conv4 152 226 30072
conv4 153 1358 11583
conv4 154 928 9219
conv4 155 1841 23390
conv4 156 510 4704
conv4 157 656 11576
conv4 158 2453 5826
conv4 159 564 12202
conv4 160 6425 6770
conv4 161 1130 20044
conv4 162 2672 3918
conv4 163 12086 2908
conv4 164 126 11177
conv4 165 72 29158
conv4 166 1254 8931
conv4 167 299 25779
conv4 168 236 8448
conv4 169 67 24748
conv4 170 17145 5557
conv4 171 126 28296
conv4 172 1900 5167
conv4 173 83 12045
conv4 174 142 31828
conv4 175 4033 4473
conv4 176 142 9392
conv4 177 21665 4076
conv4 178 341 8628
conv4 179 51 25271
conv4 180 1536 7751
conv4 181 403 28220
conv4 182 457 29425
conv4 183 1712 20714
conv4 184 61 14728
conv4 185 72 25188
conv4 186 334 32550
conv4 187 960 10527
conv4 188 1645 29741
conv4 189 969 9530
conv4 190 527 20776
conv4 191 3884 3558
conv4 192 78 27173
conv4 193 96 33599
conv4 194 66 26708
conv4 195 110 17047
conv4 196 2 29016
conv4 197 1377 7522
conv4 198 4 29128
conv4 199 9 16004
conv4 200 73 12738
conv4 201 10585 9224
conv4 202 438 8458
conv4 203 0 32959
conv4 204 22055 6464
conv4 205 34 31545
conv4 206 234 12825
conv4 207 1038 4174
conv4 208 0 33901
conv4 209 0 17389
conv4 210 1649 4486
conv4 211 3705 7334
conv4 212 159 19155
conv4 213 2170 5810
conv4 214 153 14433
conv4 215 9764 5573
conv4 216 1483 24712
conv4 217 78 8712
conv4 218 80 4851
conv4 219 726 8185
conv4 220 7377 7102
conv4 221 902 32314
conv4 222 17660 7791
conv4 223 74 29609
conv4 224 1296 6418
conv4 225 988 7843
conv4 226 664 30753
conv4 227 7231 3823
conv4 228 23207 2620
conv4 229 274 24861
conv4 230 8596 4571
conv4 231 2944 7472
conv4 232 12857 3408
conv4 233 754 28808
conv4 234 43 24992
conv4 235 171 33095
conv4 236 1686 20230
conv4 237 622 14770
conv4 238 19 30079
conv4 239 109 29601
conv4 240 1068 16885
conv4 241 2903 6075
conv4 242 1570 5756
conv4 243 4927 3319
conv4 244 22785 3892
conv4 245 1171 9584
conv4 246 230 12851
conv4 247 19 20277
conv4 248 3341 5855
conv4 249 248 18846
conv4 250 2312 7707
conv4 251 597 32565
conv4 252 145 28359
conv4 253 28197 2698
conv4 254 1516 9582
conv4 255 64 12186
conv5 0 85 33376
conv5 1 10 33948
conv5 2 173 33416
conv5 3 2 32645
conv5 4 25 33879
conv5 5 323 30479
conv5 6 30 19081
conv5 7 4 33123
conv5 8 217 32525
conv5 9 1198 30343
conv5 10 2 33795
conv5 11 424 29811
conv5 12 961 23923
conv5 13 6 33246
conv5 14 29 20499
conv5 15 8 33266
conv5 16 5 33849
conv5 17 1 33478
conv5 18 19 18637
conv5 19 22 33121
conv5 20 24 32348
conv5 21 0 33937
conv5 22 16709 2281
conv5 23 782 28784
conv5 24 695 23784
conv5 25 32 9981
conv5 26 32 32718
conv5 27 15 33521
conv5 28 748 6510
conv5 29 7 33787
conv5 30 235 8169
conv5 31 27 33787
conv5 32 17 33861
conv5 33 651 23116
conv5 34 2 31145
conv5 35 433 12606
conv5 36 975 29235
conv5 37 21 33854
conv5 38 6 33824
conv5 39 7361 2895
conv5 40 733 30860
conv5 41 824 6697
conv5 42 4486 3673
conv5 43 25 14837
conv5 44 33 14286
conv5 45 183 23137
conv5 46 116 33247
conv5 47 2 33738
conv5 48 111 32606
conv5 49 55 25201
conv5 50 70 32162
conv5 51 1 26675
conv5 52 81 25010
conv5 53 506 12083
conv5 54 928 8480
conv5 55 722 28561
conv5 56 141 33356
conv5 57 20 31156
conv5 58 3 33625
conv5 59 2 31464
conv5 60 3281 3478
conv5 61 1295 26355
conv5 62 1887 22104
conv5 63 0 33977
conv5 64 2 33925
conv5 65 1744 29360
conv5 66 0 24810
conv5 67 975 7379
conv5 68 1269 29272
conv5 69 1279 29983
conv5 70 17 33800
conv5 71 1295 30772
conv5 72 91 33690
conv5 73 696 31034
conv5 74 398 7400
conv5 75 1 33954
conv5 76 132 32943
conv5 77 46 33229
conv5 78 59 33086
conv5 79 3610 7446
conv5 80 100 33481
conv5 81 444 31353
conv5 82 815 29751
conv5 83 25125 1628
conv5 84 309 9625
conv5 85 2 33872
conv5 86 6 33778
conv5 87 92 25057
conv5 88 248 29131
conv5 89 42 15758
conv5 90 11 25280
conv5 91 1520 4549
conv5 92 64 33126
conv5 93 0 33719
conv5 94 112 30483
conv5 95 16 32379
conv5 96 52 33602
conv5 97 26 33657
conv5 98 134 33067
conv5 99 1 33360
conv5 100 940 26764
conv5 101 2 32891
conv5 102 730 21161
conv5 103 279 6542
conv5 104 59 32832
conv5 105 362 13532
conv5 106 29626 2180
conv5 107 173 8185
conv5 108 38 25570
conv5 109 0 32787
conv5 110 2731 20880
conv5 111 3696 4502
conv5 112 1173 30868
conv5 113 145 24914
conv5 114 306 29574
conv5 115 11 33146
conv5 116 35 33855
conv5 117 60 32512
conv5 118 15 21834
conv5 119 0 33980
conv5 120 33 32081
conv5 121 14 33584
conv5 122 1696 4142
conv5 123 851 27347
conv5 124 6 30377
conv5 125 10322 1831
conv5 126 8797 1362
conv5 127 9 33676
conv5 128 4 29514
conv5 129 5 33870
conv5 130 18 33908
conv5 131 3 33915
conv5 132 2925 13486
conv5 133 772 31692
conv5 134 140 33088
conv5 135 3 28556
conv5 136 2068 26399
conv5 137 1049 31260
conv5 138 961 2855
conv5 139 9 25673
conv5 140 0 25072
conv5 141 345 7239
conv5 142 149 32409
conv5 143 13695 2053
conv5 144 183 32809
conv5 145 2429 6990
conv5 146 316 29814
conv5 147 0 33885
conv5 148 81 33685
conv5 149 3264 1580
conv5 150 102 32868
conv5 151 67 27515
conv5 152 177 26348
conv5 153 81 33655
conv5 154 0 19185
conv5 155 603 31374
conv5 156 157 22461
conv5 157 774 30782
conv5 158 24719 3527
conv5 159 43 26833
conv5 160 18 33639
conv5 161 5990 4251
conv5 162 5536 1657
conv5 163 0 29957
conv5 164 2137 2921
conv5 165 302 4380
conv5 166 767 30425
conv5 167 305 9179
conv5 168 2386 19616
conv5 169 9 33734
conv5 170 11 33778
conv5 171 0 25541
conv5 172 19 33340
conv5 173 0 33926
conv5 174 19 29375
conv5 175 31 33794
conv5 176 6 33769
conv5 177 32 32742
conv5 178 4 33814
conv5 179 980 10093
conv5 180 65 33482
conv5 181 13 33879
conv5 182 2273 28410
conv5 183 205 20477
conv5 184 1 33799
conv5 185 113 11399
conv5 186 6 33701
conv5 187 523 7804
conv5 188 132 33230
conv5 189 538 29217
conv5 190 24 33790
conv5 191 217 28065
conv5 192 123 31468
conv5 193 3 33876
conv5 194 5108 2823
conv5 195 32 23571
conv5 196 0 33893
conv5 197 66 30789
conv5 198 20 28916
conv5 199 4 31252
conv5 200 99 31282
conv5 201 301 20802
conv5 202 10 22881
conv5 203 4 32340
conv5 204 3824 25916
conv5 205 142 33149
conv5 206 1301 30542
conv5 207 15 26131
conv5 208 41 33686
conv5 209 25 33166
conv5 210 16276 3367
conv5 211 172 32790
conv5 212 282 13272
conv5 213 232 31735
conv5 214 1086 30198
conv5 215 40 10836
conv5 216 652 10133
conv5 217 0 26675
conv5 218 1549 2707
conv5 219 23 33093
conv5 220 5 25821
conv5 221 13 22799
conv5 222 84 32763
conv5 223 25 19191
conv5 224 1 33836
conv5 225 29 33152
conv5 226 465 30120
conv5 227 2414 26871
conv5 228 56 31637
conv5 229 127 29053
conv5 230 548 12375
conv5 231 11 25947
conv5 232 750 27855
conv5 233 39 33866
conv5 234 68 26506
conv5 235 0 33877
conv5 236 421 14392
conv5 237 885 31821
conv5 238 11 33907
conv5 239 258 33052
conv5 240 27 16493
conv5 241 57 24135
conv5 242 0 33891
conv5 243 135 33417
conv5 244 626 20046
conv5 245 277 32669
conv5 246 10 33853
conv5 247 48 33230
conv5 248 156 7839
conv5 249 265 32907
conv5 250 246 32693
conv5 251 50 25138
conv5 252 17 22114
conv5 253 149 5688
conv5 254 2450 22367
conv5 255 34 31258
