conv1 0 2 159
conv1 1 147 186
conv1 2 3 26
conv1 3 15 17
conv1 4 2 242
conv1 5 3 3
conv1 6 3 4
conv1 7 3 248
conv1 8 271 2
conv1 9 21 39
conv1 10 6 7
conv1 11 3 4
conv1 12 9 10
conv1 13 5 5
conv1 14 2 3
conv1 15 2 255
conv1 16 18 23
conv1 17 2 2
conv1 18 6 10
conv1 19 2 229
conv1 20 2 15
conv1 21 138 138
conv1 22 10 17
conv1 23 4 4
conv1 24 3 4
conv1 25 13 16
conv1 26 3 226
conv1 27 31 45
conv1 28 9 19
conv1 29 6 12
conv1 30 4 6
conv1 31 2 222
conv1 32 6 6
conv1 33 15 20
conv1 34 11 11
conv1 35 6 232
conv1 36 186 193
conv1 37 223 1
conv1 38 4 6
conv1 39 3 230
conv1 40 165 117
conv1 41 10 10
conv1 42 3 5
conv1 43 4 4
conv1 44 3 76
conv1 45 3 234
conv1 46 2 160
conv1 47 3 3
conv1 48 6 7
conv1 49 5 24
conv1 50 3 3
conv1 51 192 191
conv1 52 159 159
conv1 53 194 194
conv1 54 13 13
conv1 55 8 10
conv1 56 3 4
conv1 57 4 5
conv1 58 11 166
conv1 59 4 5
conv1 60 26 32
conv1 61 6 24
conv1 62 3 3
conv1 63 32 32
conv2 0 19 53
conv2 1 4 12
conv2 2 11 12
conv2 3 4 145
conv2 4 12 37
conv2 5 82 13
conv2 6 0 101
conv2 7 35 72
conv2 8 11 8
conv2 9 10 114
conv2 10 23 17
conv2 11 12 103
conv2 12 13 9
conv2 13 47 12
conv2 14 24 54
conv2 15 38 11
conv2 16 16 6
conv2 17 61 11
conv2 18 169 9
conv2 19 50 12
conv2 20 157 9
conv2 21 29 41
conv2 22 27 22
conv2 23 11 29
conv2 24 16 12
conv2 25 80 23
conv2 26 39 10
conv2 27 36 16
conv2 28 4 151
conv2 29 18 8
conv2 30 11 20
conv2 31 33 17
conv2 32 13 73
conv2 33 2 87
conv2 34 55 10
conv2 35 7 23
conv2 36 10 14
conv2 37 17 38
conv2 38 47 8
conv2 39 9 104
conv2 40 11 11
conv2 41 85 9
conv2 42 17 18
conv2 43 7 10
conv2 44 17 102
conv2 45 120 10
conv2 46 5 6
conv2 47 49 39
conv2 48 6 12
conv2 49 16 14
conv2 50 9 31
conv2 51 31 8
conv2 52 9 14
conv2 53 39 12
conv2 54 14 128
conv2 55 51 16
conv2 56 17 95
conv2 57 15 20
conv2 58 23 8
conv2 59 107 10
conv2 60 12 12
conv2 61 8 33
conv2 62 36 52
conv2 63 41 13
conv2 64 27 11
conv2 65 27 48
conv2 66 14 21
conv2 67 138 10
conv2 68 35 35
conv2 69 32 32
conv2 70 81 6
conv2 71 13 20
conv2 72 28 23
conv2 73 37 13
conv2 74 3 78
conv2 75 34 18
conv2 76 39 20
conv2 77 34 26
conv2 78 40 17
conv2 79 47 9
conv2 80 48 47
conv2 81 7 93
conv2 82 34 12
conv2 83 32 8
conv2 84 9 15
conv2 85 3 5
conv2 86 36 12
conv2 87 44 45
conv2 88 30 31
conv2 89 33 12
conv2 90 5 7
conv2 91 17 11
conv2 92 56 22
conv2 93 12 88
conv2 94 14 27
conv2 95 17 14
conv2 96 11 4
conv2 97 6 16
conv2 98 7 13
conv2 99 13 29
conv2 100 11 11
conv2 101 11 111
conv2 102 9 9
conv2 103 15 15
conv2 104 13 7
conv2 105 56 43
conv2 106 10 29
conv2 107 16 21
conv2 108 4 174
conv2 109 37 19
conv2 110 2 62
conv2 111 13 5
conv2 112 26 81
conv2 113 24 18
conv2 114 49 19
conv2 115 73 17
conv2 116 8 11
conv2 117 6 70
conv2 118 15 8
conv2 119 16 24
conv2 120 10 4
conv2 121 96 16
conv2 122 11 124
conv2 123 92 8
conv2 124 13 26
conv2 125 53 16
conv2 126 18 38
conv2 127 8 9
conv2 128 20 129
conv2 129 69 23
conv2 130 119 10
conv2 131 30 15
conv2 132 25 6
conv2 133 8 21
conv2 134 122 16
conv2 135 6 16
conv2 136 35 31
conv2 137 17 14
conv2 138 59 12
conv2 139 108 8
conv2 140 11 10
conv2 141 28 20
conv2 142 40 16
conv2 143 13 10
conv2 144 27 14
conv2 145 80 12
conv2 146 6 104
conv2 147 24 15
conv2 148 51 15
conv2 149 33 146
conv2 150 12 13
conv2 151 68 9
conv2 152 14 8
conv2 153 19 11
conv2 154 32 63
conv2 155 35 22
conv2 156 108 16
conv2 157 16 7
conv2 158 39 17
conv2 159 12 14
conv2 160 121 13
conv2 161 14 78
conv2 162 54 9
conv2 163 22 14
conv2 164 91 11
conv2 165 71 9
conv2 166 43 28
conv2 167 24 12
conv2 168 23 35
conv2 169 14 9
conv2 170 44 35
conv2 171 96 8
conv2 172 46 18
conv2 173 168 10
conv2 174 13 100
conv2 175 84 8
conv2 176 21 78
conv2 177 23 36
conv2 178 8 16
conv2 179 15 13
conv2 180 8 30
conv2 181 23 16
conv2 182 27 16
conv2 183 75 11
conv2 184 28 27
conv2 185 37 12
conv2 186 30 10
conv2 187 28 9
conv2 188 24 19
conv2 189 14 28
conv2 190 29 7
conv2 191 65 50
conv3 0 26 56
conv3 1 19 66
conv3 2 16 175
conv3 3 107 45
conv3 4 8 54
conv3 5 16 33
conv3 6 19 97
conv3 7 38 25
conv3 8 9 27
conv3 9 20 113
conv3 10 28 33
conv3 11 20 14
conv3 12 1 123
conv3 13 19 45
conv3 14 5 97
conv3 15 44 56
conv3 16 123 77
conv3 17 15 37
conv3 18 28 81
conv3 19 36 130
conv3 20 67 23
conv3 21 51 34
conv3 22 15 24
conv3 23 11 54
conv3 24 67 29
conv3 25 51 23
conv3 26 109 9
conv3 27 37 22
conv3 28 127 35
conv3 29 44 41
conv3 30 12 79
conv3 31 51 46
conv3 32 6 162
conv3 33 8 84
conv3 34 9 51
conv3 35 38 44
conv3 36 76 18
conv3 37 109 21
conv3 38 10 162
conv3 39 38 40
conv3 40 2 191
conv3 41 5 61
conv3 42 8 94
conv3 43 8 48
conv3 44 13 20
conv3 45 46 83
conv3 46 46 42
conv3 47 9 66
conv3 48 15 88
conv3 49 66 34
conv3 50 32 103
conv3 51 61 52
conv3 52 17 28
conv3 53 35 88
conv3 54 13 41
conv3 55 37 52
conv3 56 18 97
conv3 57 24 93
conv3 58 18 21
conv3 59 107 24
conv3 60 38 51
conv3 61 25 103
conv3 62 6 97
conv3 63 3 93
conv3 64 45 6
conv3 65 5 159
conv3 66 30 51
conv3 67 4 89
conv3 68 36 58
conv3 69 1 106
conv3 70 15 56
conv3 71 40 85
conv3 72 34 38
conv3 73 16 28
conv3 74 10 27
conv3 75 67 52
conv3 76 47 30
conv3 77 34 30
conv3 78 183 11
conv3 79 18 64
conv3 80 3 78
conv3 81 22 30
conv3 82 28 141
conv3 83 81 46
conv3 84 43 25
conv3 85 1 77
conv3 86 13 78
conv3 87 77 56
conv3 88 8 67
conv3 89 72 22
conv3 90 11 46
conv3 91 36 62
conv3 92 44 52
conv3 93 16 68
conv3 94 20 31
conv3 95 15 68
conv3 96 39 37
conv3 97 4 154
conv3 98 0 117
conv3 99 4 128
conv3 100 39 15
conv3 101 35 20
conv3 102 25 20
conv3 103 116 10
conv3 104 3 164
conv3 105 33 21
conv3 106 27 48
conv3 107 33 86
conv3 108 14 147
conv3 109 49 18
conv3 110 12 105
conv3 111 5 127
conv3 112 17 72
conv3 113 20 38
conv3 114 12 99
conv3 115 7 42
conv3 116 67 31
conv3 117 91 45
conv3 118 66 28
conv3 119 15 34
conv3 120 41 42
conv3 121 1 63
conv3 122 149 11
conv3 123 28 114
conv3 124 10 38
conv3 125 20 23
conv3 126 22 42
conv3 127 7 35
conv3 128 7 184
conv3 129 10 51
conv3 130 152 26
conv3 131 19 33
conv3 132 11 43
conv3 133 1 114
conv3 134 45 46
conv3 135 42 18
conv3 136 50 56
conv3 137 0 140
conv3 138 14 51
conv3 139 11 51
conv3 140 31 63
conv3 141 26 45
conv3 142 41 59
conv3 143 24 78
conv3 144 68 40
conv3 145 11 44
conv3 146 9 127
conv3 147 83 62
conv3 148 8 115
conv3 149 11 90
conv3 150 31 38
conv3 151 3 40
conv3 152 26 74
conv3 153 18 30
conv3 154 1 116
conv3 155 13 62
conv3 156 29 67
conv3 157 94 19
conv3 158 32 25
conv3 159 4 100
conv3 160 16 45
conv3 161 41 53
conv3 162 16 17
conv3 163 17 52
conv3 164 26 47
conv3 165 6 136
conv3 166 55 19
conv3 167 33 17
conv3 168 6 70
conv3 169 104 24
conv3 170 121 49
conv3 171 77 43
conv3 172 15 49
conv3 173 41 19
conv3 174 49 38
conv3 175 3 35
conv3 176 1 70
conv3 177 32 17
conv3 178 111 32
conv3 179 107 30
conv3 180 4 119
conv3 181 21 24
conv3 182 4 80
conv3 183 22 74
conv3 184 10 58
conv3 185 5 58
conv3 186 45 20
conv3 187 20 28
conv3 188 49 12
conv3 189 4 82
conv3 190 42 27
conv3 191 24 86
conv3 192 89 31
conv3 193 2 35
conv3 194 29 15
conv3 195 27 17
conv3 196 26 49
conv3 197 16 23
conv3 198 74 36
conv3 199 97 36
conv3 200 3 107
conv3 201 0 55
conv3 202 1 90
conv3 203 36 24
conv3 204 152 12
conv3 205 74 67
conv3 206 125 20
conv3 207 34 43
conv3 208 33 15
conv3 209 46 45
conv3 210 75 70
conv3 211 16 82
conv3 212 38 18
conv3 213 14 80
conv3 214 14 43
conv3 215 5 41
conv3 216 0 48
conv3 217 7 90
conv3 218 33 29
conv3 219 1 178
conv3 220 3 58
conv3 221 27 27
conv3 222 32 64
conv3 223 25 47
conv3 224 1 181
conv3 225 13 78
conv3 226 6 195
conv3 227 31 25
conv3 228 31 26
conv3 229 39 77
conv3 230 3 104
conv3 231 24 45
conv3 232 122 33
conv3 233 12 109
conv3 234 23 49
conv3 235 9 72
conv3 236 9 142
conv3 237 31 48
conv3 238 66 17
conv3 239 8 36
conv3 240 62 30
conv3 241 2 43
conv3 242 7 30
conv3 243 10 37
conv3 244 60 35
conv3 245 55 36
conv3 246 34 41
conv3 247 16 84
conv3 248 121 12
conv3 249 66 37
conv3 250 43 30
conv3 251 38 45
conv3 252 32 51
conv3 253 7 48
conv3 254 48 44
conv3 255 18 43
conv3 256 60 26
conv3 257 12 99
conv3 258 22 44
conv3 259 12 43
conv3 260 13 63
conv3 261 21 44
conv3 262 18 72
conv3 263 18 48
conv3 264 34 57
conv3 265 65 68
conv3 266 3 104
conv3 267 36 14
conv3 268 18 56
conv3 269 143 30
conv3 270 23 22
conv3 271 7 32
conv3 272 34 40
conv3 273 39 59
conv3 274 2 45
conv3 275 48 20
conv3 276 54 53
conv3 277 60 22
conv3 278 29 52
conv3 279 15 42
conv3 280 42 48
conv3 281 21 31
conv3 282 78 10
conv3 283 66 24
conv3 284 200 34
conv3 285 26 79
conv3 286 81 27
conv3 287 57 38
conv3 288 0 70
conv3 289 14 109
conv3 290 27 59
conv3 291 6 38
conv3 292 42 59
conv3 293 4 88
conv3 294 12 65
conv3 295 174 37
conv3 296 42 44
conv3 297 41 54
conv3 298 66 48
conv3 299 38 31
conv3 300 28 23
conv3 301 39 104
conv3 302 39 41
conv3 303 14 29
conv3 304 62 17
conv3 305 12 19
conv3 306 47 39
conv3 307 20 33
conv3 308 106 50
conv3 309 48 58
conv3 310 52 44
conv3 311 10 40
conv3 312 31 21
conv3 313 17 147
conv3 314 1 64
conv3 315 5 101
conv3 316 13 63
conv3 317 146 17
conv3 318 4 67
conv3 319 22 29
conv3 320 30 38
conv3 321 23 43
conv3 322 53 47
conv3 323 1 90
conv3 324 3 25
conv3 325 37 47
conv3 326 35 38
conv3 327 51 72
conv3 328 34 15
conv3 329 0 90
conv3 330 24 84
conv3 331 12 59
conv3 332 72 23
conv3 333 65 38
conv3 334 12 16
conv3 335 35 55
conv3 336 27 174
conv3 337 72 55
conv3 338 165 49
conv3 339 17 49
conv3 340 4 139
conv3 341 0 84
conv3 342 4 71
conv3 343 38 114
conv3 344 68 23
conv3 345 42 90
conv3 346 5 32
conv3 347 16 94
conv3 348 66 27
conv3 349 13 75
conv3 350 10 23
conv3 351 34 11
conv3 352 21 166
conv3 353 109 39
conv3 354 71 26
conv3 355 2 100
conv3 356 35 44
conv3 357 16 26
conv3 358 1 124
conv3 359 5 42
conv3 360 38 73
conv3 361 34 30
conv3 362 8 43
conv3 363 26 49
conv3 364 73 19
conv3 365 3 144
conv3 366 9 62
conv3 367 62 50
conv3 368 4 48
conv3 369 40 90
conv3 370 5 71
conv3 371 10 66
conv3 372 38 45
conv3 373 10 44
conv3 374 9 43
conv3 375 46 48
conv3 376 11 49
conv3 377 13 58
conv3 378 38 46
conv3 379 4 27
conv3 380 24 185
conv3 381 9 73
conv3 382 79 26
conv3 383 17 66
conv4 0 39 92
conv4 1 5 182
conv4 2 2 142
conv4 3 76 51
conv4 4 11 157
conv4 5 49 96
conv4 6 28 77
conv4 7 11 109
conv4 8 50 44
conv4 9 84 10
conv4 10 6 130
conv4 11 3 113
conv4 12 31 199
conv4 13 14 150
conv4 14 19 121
conv4 15 8 169
conv4 16 32 44
conv4 17 4 121
conv4 18 59 19
conv4 19 29 67
conv4 20 32 114
conv4 21 17 72
conv4 22 5 136
conv4 23 1 129
conv4 24 26 38
conv4 25 8 131
conv4 26 0 135
conv4 27 8 117
conv4 28 5 42
conv4 29 14 69
conv4 30 11 132
conv4 31 1 104
conv4 32 6 129
conv4 33 14 95
conv4 34 15 71
conv4 35 12 157
conv4 36 7 134
conv4 37 38 148
conv4 38 4 177
conv4 39 8 151
conv4 40 42 59
conv4 41 28 137
conv4 42 33 140
conv4 43 8 116
conv4 44 8 100
conv4 45 13 45
conv4 46 19 64
conv4 47 56 45
conv4 48 75 42
conv4 49 3 148
conv4 50 84 36
conv4 51 2 166
conv4 52 80 42
conv4 53 17 92
conv4 54 10 44
conv4 55 37 58
conv4 56 0 68
conv4 57 40 151
conv4 58 73 30
conv4 59 43 43
conv4 60 7 132
conv4 61 46 39
conv4 62 11 58
conv4 63 10 67
conv4 64 8 170
conv4 65 29 41
conv4 66 36 54
conv4 67 90 32
conv4 68 3 140
conv4 69 29 40
conv4 70 47 33
conv4 71 108 43
conv4 72 2 184
conv4 73 35 66
conv4 74 3 135
conv4 75 29 57
conv4 76 5 50
conv4 77 65 28
conv4 78 19 44
conv4 79 32 25
conv4 80 2 47
conv4 81 112 30
conv4 82 7 167
conv4 83 13 160
conv4 84 66 57
conv4 85 19 48
conv4 86 5 175
conv4 87 11 83
conv4 88 1 172
conv4 89 29 95
conv4 90 3 88
conv4 91 44 43
conv4 92 16 89
conv4 93 5 127
conv4 94 44 29
conv4 95 0 150
conv4 96 87 35
conv4 97 22 71
conv4 98 39 43
conv4 99 4 153
conv4 100 1 132
conv4 101 4 207
conv4 102 47 36
conv4 103 84 18
conv4 104 62 79
conv4 105 2 166
conv4 106 27 59
conv4 107 10 163
conv4 108 62 29
conv4 109 53 38
conv4 110 1 186
conv4 111 1 107
conv4 112 10 59
conv4 113 102 35
conv4 114 15 70
conv4 115 1 158
conv4 116 25 49
conv4 117 24 66
conv4 118 1 103
conv4 119 110 31
conv4 120 29 67
conv4 121 5 150
conv4 122 32 213
conv4 123 57 29
conv4 124 6 83
conv4 125 129 12
conv4 126 6 66
conv4 127 14 64
conv4 128 9 113
conv4 129 30 47
conv4 130 7 150
conv4 131 72 44
conv4 132 30 48
conv4 133 1 213
conv4 134 33 49
conv4 135 3 150
conv4 136 31 38
conv4 137 12 130
conv4 138 27 29
conv4 139 125 20
conv4 140 36 124
conv4 141 1 176
conv4 142 18 138
conv4 143 11 188
conv4 144 28 49
conv4 145 40 37
conv4 146 24 59
conv4 147 17 45
conv4 148 1 131
conv4 149 11 181
conv4 150 6 52
conv4 151 28 78
conv4 152 6 185
conv4 153 26 104
conv4 154 28 62
conv4 155 26 123
conv4 156 10 47
conv4 157 18 72
conv4 158 33 66
conv4 159 11 72
conv4 160 81 39
conv4 161 27 185
conv4 162 43 44
conv4 163 101 32
conv4 164 15 81
conv4 165 3 183
conv4 166 68 62
conv4 167 11 176
conv4 168 18 66
conv4 169 4 133
conv4 170 185 30
conv4 171 9 176
conv4 172 32 25
conv4 173 17 43
conv4 174 6 140
conv4 175 72 32
conv4 176 22 50
conv4 177 188 23
conv4 178 21 56
conv4 179 3 133
conv4 180 39 53
conv4 181 5 134
conv4 182 14 147
conv4 183 22 110
conv4 184 4 101
conv4 185 7 163
conv4 186 6 163
conv4 187 26 61
conv4 188 8 141
conv4 189 29 62
conv4 190 17 91
conv4 191 112 29
conv4 192 15 187
conv4 193 2 176
conv4 194 4 148
conv4 195 10 92
conv4 196 1 152
conv4 197 48 46
conv4 198 2 137
conv4 199 4 84
conv4 200 9 77
conv4 201 83 33
conv4 202 28 72
conv4 203 0 152
conv4 204 145 25
conv4 205 4 158
conv4 206 17 90
conv4 207 14 31
conv4 208 0 169
conv4 209 0 69
conv4 210 43 38
conv4 211 76 54
conv4 212 10 163
conv4 213 31 69
conv4 214 9 114
conv4 215 148 32
conv4 216 20 131
conv4 217 11 66
conv4 218 11 33
conv4 219 33 36
conv4 220 136 73
conv4 221 9 186
conv4 222 178 45
conv4 223 5 137
conv4 224 43 32
conv4 225 33 47
conv4 226 9 165
conv4 227 43 37
conv4 228 158 21
conv4 229 13 171
conv4 230 144 18
conv4 231 54 50
conv4 232 160 27
conv4 233 13 205
conv4 234 2 119
conv4 235 5 139
conv4 236 7 77
conv4 237 28 144
conv4 238 2 147
conv4 239 4 133
conv4 240 43 154
conv4 241 57 18
conv4 242 30 65
conv4 243 78 57
conv4 244 184 26
conv4 245 25 65
conv4 246 11 60
conv4 247 4 152
conv4 248 65 77
conv4 249 8 146
conv4 250 49 51
conv4 251 3 114
conv4 252 4 124
conv4 253 156 17
conv4 254 39 58
conv4 255 6 68
conv5 0 8 143
conv5 1 1 185
conv5 2 3 148
conv5 3 1 169
conv5 4 1 155
conv5 5 10 116
conv5 6 3 86
conv5 7 1 120
conv5 8 15 146
conv5 9 31 123
conv5 10 1 159
conv5 11 34 146
conv5 12 32 152
conv5 13 1 132
conv5 14 2 112
conv5 15 2 184
conv5 16 1 164
conv5 17 1 183
conv5 18 2 96
conv5 19 11 124
conv5 20 2 141
conv5 21 0 153
conv5 22 156 66
conv5 23 6 129
conv5 24 32 151
conv5 25 4 51
conv5 26 13 140
conv5 27 1 154
conv5 28 40 57
conv5 29 3 159
conv5 30 22 56
conv5 31 4 159
conv5 32 2 166
conv5 33 29 182
conv5 34 2 158
conv5 35 46 97
conv5 36 12 164
conv5 37 3 162
conv5 38 1 137
conv5 39 88 55
conv5 40 8 159
conv5 41 21 60
conv5 42 50 32
conv5 43 6 85
conv5 44 8 126
conv5 45 4 183
conv5 46 10 135
conv5 47 1 162
conv5 48 3 174
conv5 49 5 194
conv5 50 6 157
conv5 51 1 156
conv5 52 3 175
conv5 53 14 92
conv5 54 29 88
conv5 55 25 126
conv5 56 2 162
conv5 57 3 171
conv5 58 1 164
conv5 59 1 152
conv5 60 56 74
conv5 61 10 174
conv5 62 16 178
conv5 63 0 146
conv5 64 1 130
conv5 65 16 156
conv5 66 0 86
conv5 67 51 70
conv5 68 21 134
conv5 69 50 142
conv5 70 3 141
conv5 71 23 155
conv5 72 4 150
conv5 73 21 134
conv5 74 12 53
conv5 75 1 162
conv5 76 8 119
conv5 77 9 129
conv5 78 8 176
conv5 79 68 72
conv5 80 3 172
conv5 81 6 161
conv5 82 15 176
conv5 83 186 16
conv5 84 12 66
conv5 85 1 147
conv5 86 1 161
conv5 87 2 176
conv5 88 3 150
conv5 89 2 90
conv5 90 1 104
conv5 91 18 53
conv5 92 8 125
conv5 93 0 151
conv5 94 6 155
conv5 95 3 192
conv5 96 4 160
conv5 97 1 150
conv5 98 8 154
conv5 99 1 163
conv5 100 16 129
conv5 101 2 179
conv5 102 13 100
conv5 103 24 35
conv5 104 5 185
conv5 105 17 84
conv5 106 132 21
conv5 107 10 55
conv5 108 2 160
conv5 109 0 142
conv5 110 29 165
conv5 111 23 44
conv5 112 7 164
conv5 113 10 147
conv5 114 20 180
conv5 115 4 139
conv5 116 2 188
conv5 117 5 160
conv5 118 1 137
conv5 119 0 166
conv5 120 4 226
conv5 121 4 171
conv5 122 70 30
conv5 123 59 143
conv5 124 3 151
conv5 125 157 22
conv5 126 94 32
conv5 127 3 161
conv5 128 2 146
conv5 129 1 145
conv5 130 2 146
conv5 131 3 140
conv5 132 96 66
conv5 133 47 119
conv5 134 2 164
conv5 135 1 152
conv5 136 43 124
conv5 137 16 121
conv5 138 56 33
conv5 139 6 132
conv5 140 0 172
conv5 141 28 53
conv5 142 9 144
conv5 143 120 19
conv5 144 3 156
conv5 145 54 59
conv5 146 21 168
conv5 147 0 167
conv5 148 2 171
conv5 149 60 19
conv5 150 9 139
conv5 151 5 115
conv5 152 4 158
conv5 153 2 163
conv5 154 0 147
conv5 155 7 179
conv5 156 5 138
conv5 157 9 145
conv5 158 212 28
conv5 159 7 130
conv5 160 3 148
conv5 161 104 91
conv5 162 66 26
conv5 163 0 187
conv5 164 39 42
conv5 165 60 41
conv5 166 20 155
conv5 167 26 50
conv5 168 60 117
conv5 169 2 170
conv5 170 1 167
conv5 171 0 150
conv5 172 3 172
conv5 173 0 168
conv5 174 4 161
conv5 175 3 147
conv5 176 3 122
conv5 177 17 160
conv5 178 3 113
conv5 179 88 75
conv5 180 5 131
conv5 181 1 154
conv5 182 62 177
conv5 183 8 183
conv5 184 1 167
conv5 185 11 81
conv5 186 1 161
conv5 187 40 49
conv5 188 10 159
conv5 189 10 156
conv5 190 4 176
conv5 191 7 120
conv5 192 4 147
conv5 193 2 133
conv5 194 89 45
conv5 195 7 151
conv5 196 0 149
conv5 197 8 161
conv5 198 3 199
conv5 199 1 130
conv5 200 18 119
conv5 201 22 156
conv5 202 2 152
conv5 203 2 143
conv5 204 56 149
conv5 205 5 164
conv5 206 25 140
conv5 207 6 168
conv5 208 2 163
conv5 209 4 149
conv5 210 174 32
conv5 211 8 140
conv5 212 24 84
conv5 213 5 167
conv5 214 19 135
conv5 215 12 81
conv5 216 34 47
conv5 217 0 150
conv5 218 84 24
conv5 219 2 145
conv5 220 1 166
conv5 221 2 116
conv5 222 3 162
conv5 223 2 118
conv5 224 1 210
conv5 225 3 147
conv5 226 20 128
conv5 227 35 136
conv5 228 9 170
conv5 229 4 171
conv5 230 38 85
conv5 231 2 129
conv5 232 16 144
conv5 233 2 176
conv5 234 10 169
conv5 235 0 174
conv5 236 27 86
conv5 237 22 177
conv5 238 3 159
conv5 239 3 148
conv5 240 3 80
conv5 241 4 156
conv5 242 0 131
conv5 243 4 168
conv5 244 10 156
conv5 245 8 121
conv5 246 2 184
conv5 247 5 142
conv5 248 39 57
conv5 249 13 151
conv5 250 9 169
conv5 251 4 173
conv5 252 3 118
conv5 253 4 59
conv5 254 28 128
conv5 255 2 178
