conv1 0 2.27 2.89 2.27 2.89
conv1 1 5.26 -0.10 5.26 -0.10
conv1 2 1.13 0.41 1.13 0.41
conv1 3 -0.72 -0.31 -0.72 -0.31
conv1 4 -1.03 0.82 -1.03 0.82
conv1 5 0.41 0.41 0.41 0.41
conv1 6 0.82 0.00 0.82 0.00
conv1 7 0.41 -0.10 0.41 -0.10
conv1 8 -2.94 -2.89 -2.94 -2.89
conv1 9 0.67 0.62 0.67 0.62
conv1 10 0.31 -1.86 0.31 -1.86
conv1 11 1.03 0.00 1.03 0.00
conv1 12 -1.55 0.62 -1.55 0.62
conv1 13 0.83 0.62 0.83 0.62
conv1 14 0.62 0.41 0.62 0.41
conv1 15 -2.27 1.34 -2.27 1.34
conv1 16 0.72 -0.31 0.72 -0.31
conv1 17 -0.41 0.82 -0.41 0.82
conv1 18 0.57 0.41 0.57 0.41
conv1 19 2.27 -2.37 2.27 -2.37
conv1 20 0.21 1.03 0.21 1.03
conv1 21 2.06 0.62 2.06 0.62
conv1 22 0.52 1.34 0.52 1.34
conv1 23 0.21 -0.72 0.21 -0.72
conv1 24 -0.10 0.21 -0.10 0.21
conv1 25 -1.65 1.03 -1.65 1.03
conv1 26 -1.96 -1.55 -1.96 -1.55
conv1 27 1.13 1.03 1.13 1.03
conv1 28 -0.31 1.08 -0.31 1.08
conv1 29 -0.72 -0.00 -0.72 -0.00
conv1 30 0.00 -0.72 0.00 -0.72
conv1 31 -2.06 0.36 -2.06 0.36
conv1 32 -1.44 -1.03 -1.44 -1.03
conv1 33 1.91 1.65 1.91 1.65
conv1 34 1.65 0.93 1.65 0.93
conv1 35 1.86 0.93 1.86 0.93
conv1 36 -3.71 -0.10 -3.71 -0.10
conv1 37 1.24 -0.62 1.24 -0.62
conv1 38 -0.21 -0.21 -0.21 -0.21
conv1 39 0.93 -1.75 0.93 -1.75
conv1 40 -2.06 0.00 -2.06 0.00
conv1 41 0.57 1.03 0.57 1.03
conv1 42 0.41 0.82 0.41 0.82
conv1 43 -0.62 -0.62 -0.62 -0.62
conv1 44 1.44 1.24 1.44 1.24
conv1 45 0.00 0.21 0.00 0.21
conv1 46 -4.12 -0.10 -4.12 -0.10
conv1 47 -0.41 0.41 -0.41 0.41
conv1 48 1.13 2.73 1.13 2.73
conv1 49 -0.41 1.24 -0.41 1.24
conv1 50 0.10 -0.31 0.10 -0.31
conv1 51 -0.15 -3.61 -0.15 -3.61
conv1 52 -1.24 -0.82 -1.24 -0.82
conv1 53 -2.68 -0.62 -2.68 -0.62
conv1 54 -0.36 0.31 -0.36 0.31
conv1 55 -0.72 -1.65 -0.72 -1.65
conv1 56 -1.65 -1.65 -1.65 -1.65
conv1 57 -0.21 0.00 -0.21 0.00
conv1 58 -0.10 -3.09 -0.10 -3.09
conv1 59 1.03 -0.62 1.03 -0.62
conv1 60 0.72 -0.31 0.72 -0.31
conv1 61 1.96 1.75 1.96 1.75
conv1 62 -0.21 0.00 -0.21 0.00
conv1 63 -0.82 1.60 -0.82 1.60
conv2 0 1.91 -0.12 7.89 -9.56
conv2 1 2.15 1.43 -1.43 -0.72
conv2 2 -20.08 -5.74 -0.48 -5.50
conv2 3 2.39 -11.48 -8.37 5.62
conv2 4 -8.13 -13.15 2.87 11.95
conv2 5 8.13 12.91 -8.13 -10.04
conv2 6 1.31 -0.12 0.48 4.30
conv2 7 5.14 -14.46 9.08 6.69
conv2 8 -1.91 -3.82 -5.74 -3.35
conv2 9 -1.91 -4.78 2.63 -1.79
conv2 10 5.74 -12.91 -4.78 7.65
conv2 11 0.24 -3.47 0.00 0.00
conv2 12 0.96 -3.11 -0.72 -3.82
conv2 13 3.59 -5.14 -3.35 -0.96
conv2 14 -9.56 -15.30 3.11 4.78
conv2 15 16.73 -6.22 2.63 -1.20
conv2 16 0.24 -9.32 -3.35 -2.39
conv2 17 12.43 -18.17 -2.87 -1.43
conv2 18 -24.74 21.99 0.00 0.00
conv2 19 -13.39 -16.26 0.24 4.78
conv2 20 8.37 -5.74 0.00 0.48
conv2 21 13.87 -1.20 -6.10 -1.31
conv2 22 -0.96 7.41 -0.48 -2.63
conv2 23 -8.61 -3.11 0.00 -0.48
conv2 24 -6.69 19.13 -2.39 0.96
conv2 25 5.26 0.96 4.78 0.72
conv2 26 -16.38 -6.81 0.00 -3.83
conv2 27 4.06 6.22 2.15 6.45
conv2 28 15.54 3.82 -2.39 5.50
conv2 29 0.24 -11.24 0.96 10.04
conv2 30 0.48 13.15 0.96 -8.13
conv2 31 -3.82 -2.87 -3.35 0.00
conv2 32 6.22 10.04 -0.96 1.43
conv2 33 4.30 -1.43 1.67 -3.11
conv2 34 -0.24 -1.55 0.00 0.00
conv2 35 -4.06 -3.82 -1.91 3.35
conv2 36 -12.07 1.67 7.41 -0.96
conv2 37 6.93 -3.35 2.87 4.78
conv2 38 8.25 12.55 0.96 -3.35
conv2 39 8.13 -9.08 -2.39 3.35
conv2 40 3.59 16.50 -2.15 -4.78
conv2 41 -7.17 -5.26 1.20 1.20
conv2 42 7.65 -5.98 -5.74 0.00
conv2 43 2.87 -19.13 1.91 -3.83
conv2 44 0.36 -8.13 3.47 5.50
conv2 45 -13.39 -12.19 0.00 1.43
conv2 46 19.13 2.39 2.63 -2.63
conv2 47 2.39 2.15 -1.67 0.96
conv2 48 17.21 0.24 -6.69 -1.43
conv2 49 3.35 -2.87 -4.30 4.78
conv2 50 8.61 10.04 -4.54 -0.48
conv2 51 -9.32 -3.11 4.30 0.00
conv2 52 -5.98 -6.69 11.24 -7.17
conv2 53 17.69 7.17 -8.13 -0.48
conv2 54 -7.41 2.15 2.63 -0.24
conv2 55 -3.59 0.48 7.17 -5.14
conv2 56 -2.39 -3.11 -2.99 -0.96
conv2 57 2.15 11.95 1.43 -13.87
conv2 58 -8.37 -1.91 0.96 4.78
conv2 59 -13.51 -14.46 3.35 0.00
conv2 60 -0.48 -9.56 5.02 0.00
conv2 61 0.48 3.35 -0.48 -1.91
conv2 62 -10.52 1.91 17.45 0.24
conv2 63 10.76 13.87 -6.69 0.00
conv2 64 0.24 -11.95 -2.15 4.06
conv2 65 0.00 -2.15 4.30 -0.36
conv2 66 1.43 -3.35 2.87 -2.39
conv2 67 5.50 -13.63 0.00 0.00
conv2 68 2.15 7.17 -1.43 0.00
conv2 69 -7.65 -2.51 -1.20 -2.99
conv2 70 9.32 -0.00 1.43 0.00
conv2 71 -6.45 -17.57 -4.06 -2.87
conv2 72 0.48 -2.39 0.00 -0.96
conv2 73 -13.39 -12.43 0.96 0.00
conv2 74 5.02 -1.91 7.41 -5.26
conv2 75 -11.95 14.82 -0.96 -2.39
conv2 76 12.55 -0.24 0.24 -0.96
conv2 77 5.98 1.43 0.48 -1.43
conv2 78 -16.26 0.00 0.00 1.91
conv2 79 -12.19 12.43 0.96 -1.43
conv2 80 0.72 -13.63 -1.43 7.65
conv2 81 1.91 9.08 -4.06 -7.89
conv2 82 10.04 2.15 0.00 -12.43
conv2 83 -4.42 -0.60 0.00 -1.43
conv2 84 0.48 -4.30 2.87 0.00
conv2 85 -11.48 4.78 0.96 1.91
conv2 86 -2.39 9.92 0.48 -5.98
conv2 87 0.48 -12.91 -0.60 7.17
conv2 88 -15.06 0.72 9.56 -1.20
conv2 89 4.78 17.93 0.48 -0.96
conv2 90 9.56 1.91 2.39 0.00
conv2 91 10.76 -1.43 5.98 -2.87
conv2 92 -3.11 -8.25 -0.96 6.45
conv2 93 -7.89 4.54 -7.17 4.78
conv2 94 6.57 8.37 4.78 8.13
conv2 95 17.69 2.39 -7.41 3.35
conv2 96 -14.10 10.28 -2.39 -2.39
conv2 97 -0.00 5.26 -1.43 2.87
conv2 98 0.48 11.24 -2.15 2.39
conv2 99 -17.21 0.00 -0.72 -7.41
conv2 100 10.28 9.08 2.87 2.87
conv2 101 -2.03 0.48 0.72 -1.43
conv2 102 -0.48 5.02 -1.43 2.39
conv2 103 7.17 -12.91 0.00 5.50
conv2 104 -0.96 0.48 0.00 -1.43
conv2 105 -9.68 5.86 12.31 -0.12
conv2 106 -10.52 6.22 6.69 1.43
conv2 107 3.59 -2.63 0.00 -0.48
conv2 108 3.59 1.67 -4.78 -13.15
conv2 109 -5.98 -1.67 2.39 0.48
conv2 110 0.24 3.11 -7.89 0.72
conv2 111 -0.00 -3.83 -2.39 -5.26
conv2 112 -2.51 -1.55 0.00 3.83
conv2 113 7.89 -1.43 6.69 -2.87
conv2 114 18.89 3.35 -1.20 0.24
conv2 115 8.61 3.35 0.00 0.00
conv2 116 3.83 -0.96 1.91 0.96
conv2 117 -2.15 -2.39 13.15 0.48
conv2 118 7.89 13.39 0.00 -7.89
conv2 119 -4.06 3.11 -3.59 0.24
conv2 120 -1.43 -1.91 1.43 2.39
conv2 121 16.26 14.58 -1.91 -0.48
conv2 122 -10.28 -8.37 10.76 2.39
conv2 123 -7.05 11.12 0.00 -2.87
conv2 124 18.41 5.74 3.59 -2.87
conv2 125 0.24 -1.67 2.87 -5.26
conv2 126 14.10 10.76 -4.78 -9.08
conv2 127 -11.24 -8.85 6.22 0.48
conv2 128 3.82 -2.39 -14.82 16.14
conv2 129 -1.91 -0.48 0.00 -0.96
conv2 130 -1.31 -0.12 -0.96 0.00
conv2 131 3.35 16.26 2.63 -9.56
conv2 132 -12.43 0.48 16.26 0.00
conv2 133 11.24 -8.85 -15.30 11.24
conv2 134 -12.67 -9.80 4.30 -0.48
conv2 135 11.48 -12.91 -7.65 2.87
conv2 136 0.48 11.00 1.91 -8.61
conv2 137 -1.91 -2.39 -9.56 5.50
conv2 138 0.84 1.91 3.11 -0.48
conv2 139 13.27 -17.57 -4.30 1.43
conv2 140 0.96 0.96 0.72 -1.20
conv2 141 4.66 3.23 -8.13 1.67
conv2 142 -13.15 10.52 8.85 -4.54
conv2 143 -9.56 4.54 -4.78 4.30
conv2 144 0.48 -10.76 0.48 7.17
conv2 145 -10.76 -3.11 5.02 4.06
conv2 146 -7.17 6.69 3.82 -8.37
conv2 147 -3.82 11.71 1.43 0.00
conv2 148 -19.60 -0.48 0.48 0.48
conv2 149 5.74 -2.27 -2.39 7.17
conv2 150 10.28 -12.19 -4.30 2.63
conv2 151 -11.95 -2.39 0.00 -4.30
conv2 152 3.35 2.87 0.48 -3.82
conv2 153 1.91 4.06 0.00 8.13
conv2 154 0.48 -2.15 -11.24 13.99
conv2 155 -4.78 1.91 -0.96 -4.54
conv2 156 -0.48 1.31 3.35 -2.87
conv2 157 -17.21 9.08 1.91 -6.22
conv2 158 3.94 13.39 -0.96 -9.56
conv2 159 -0.72 -2.63 -4.06 -0.72
conv2 160 17.69 -4.30 -1.43 0.00
conv2 161 -0.48 7.41 9.08 6.22
conv2 162 10.28 6.93 -1.91 -1.43
conv2 163 -1.31 -14.70 -1.43 8.61
conv2 164 0.48 13.63 -2.15 -0.72
conv2 165 -10.52 4.30 4.78 -0.96
conv2 166 11.00 0.72 -0.48 0.00
conv2 167 3.11 8.13 12.91 3.35
conv2 168 -0.36 6.22 -0.00 -8.61
conv2 169 6.69 -1.91 -0.24 6.69
conv2 170 -1.91 -0.48 0.72 -0.72
conv2 171 10.04 0.48 -4.30 -7.65
conv2 172 -1.20 -4.78 -0.48 2.39
conv2 173 3.71 18.89 0.48 0.96
conv2 174 -5.98 -0.72 2.39 -1.91
conv2 175 -9.80 -5.26 3.35 1.43
conv2 176 0.48 2.39 0.96 -10.52
conv2 177 -5.50 16.73 -1.67 -3.59
conv2 178 6.69 -16.97 -1.91 -0.48
conv2 179 -13.63 14.58 0.96 -5.26
conv2 180 1.20 -0.36 0.00 -1.91
conv2 181 1.43 -6.69 0.48 -0.48
conv2 182 -14.34 4.06 0.48 5.98
conv2 183 -0.48 3.23 -0.96 -1.91
conv2 184 12.19 8.85 -1.91 -0.96
conv2 185 -6.45 -7.89 0.96 8.13
conv2 186 6.81 -10.40 -1.91 5.74
conv2 187 -6.69 -17.21 0.00 1.91
conv2 188 -16.26 -1.20 6.93 1.43
conv2 189 15.78 -6.22 -14.34 -3.83
conv2 190 -16.26 8.61 1.67 -1.43
conv2 191 -11.48 14.34 0.48 -3.82
conv3 0 -1.16 13.46 -3.25 -13.46
conv3 1 12.99 -30.86 -3.02 12.30
conv3 2 6.26 10.21 3.25 -8.59
conv3 3 -2.78 25.99 0.93 1.39
conv3 4 -0.93 -3.25 0.00 2.32
conv3 5 0.00 -3.25 3.25 -5.57
conv3 6 -9.05 25.76 -2.32 6.26
conv3 7 -1.39 -14.39 -3.71 -16.71
conv3 8 -5.34 -0.46 4.64 -8.35
conv3 9 2.78 12.99 6.03 -1.62
conv3 10 -0.23 15.08 3.25 -13.92
conv3 11 -15.78 2.78 -13.46 -1.86
conv3 12 -2.78 8.82 -2.09 -5.80
conv3 13 27.61 -18.79 0.70 -0.70
conv3 14 -1.39 -2.78 12.53 0.93
conv3 15 -1.16 0.46 -1.16 10.67
conv3 16 11.60 3.94 -8.12 -5.80
conv3 17 0.93 1.86 2.32 18.56
conv3 18 -0.70 23.90 -2.78 -4.87
conv3 19 3.02 -30.40 -8.82 0.00
conv3 20 18.56 13.69 -5.34 -5.34
conv3 21 -1.62 10.21 0.93 -24.60
conv3 22 11.14 7.89 2.32 3.25
conv3 23 -19.26 6.03 5.10 0.70
conv3 24 11.60 -13.69 0.00 -16.71
conv3 25 9.28 4.18 2.78 0.00
conv3 26 1.86 -4.64 2.78 9.28
conv3 27 -11.14 9.28 -9.28 9.75
conv3 28 -26.45 29.47 -1.39 0.93
conv3 29 -2.09 18.56 -0.70 6.73
conv3 30 11.60 -3.25 -0.93 -3.71
conv3 31 -12.07 -28.31 1.62 3.94
conv3 32 1.39 0.93 3.25 0.46
conv3 33 26.45 4.64 -0.23 1.39
conv3 34 2.78 9.28 0.46 6.50
conv3 35 -28.77 -11.60 19.49 7.19
conv3 36 -0.93 12.07 4.64 -7.42
conv3 37 -3.71 4.64 0.93 -0.46
conv3 38 -0.23 -28.31 -0.46 6.96
conv3 39 20.88 4.18 -13.92 -8.35
conv3 40 -10.21 15.78 11.83 10.91
conv3 41 0.00 6.50 -1.16 -1.16
conv3 42 -6.73 -18.10 0.00 11.14
conv3 43 -19.49 2.32 17.17 4.64
conv3 44 -2.78 1.86 1.86 0.93
conv3 45 27.38 4.64 1.86 0.00
conv3 46 -27.84 -19.49 0.00 -9.28
conv3 47 -13.92 2.09 4.64 1.16
conv3 48 -6.03 4.41 -1.39 0.23
conv3 49 -0.46 -6.50 6.96 14.85
conv3 50 16.01 7.19 -6.50 -11.60
conv3 51 -3.71 3.02 5.80 2.78
conv3 52 3.02 4.41 3.71 8.35
conv3 53 -12.07 -15.55 -4.87 17.17
conv3 54 -1.39 2.78 0.93 0.93
conv3 55 1.16 -4.64 10.21 4.64
conv3 56 -27.61 4.18 15.78 3.25
conv3 57 -1.16 -5.10 4.87 1.16
conv3 58 12.99 -14.85 -0.46 -2.32
conv3 59 -19.72 20.65 5.57 -4.64
conv3 60 -11.83 -12.76 5.10 6.50
conv3 61 6.50 2.78 2.55 13.92
conv3 62 28.08 -30.63 -0.00 -2.09
conv3 63 15.08 -11.14 -6.96 6.50
conv3 64 -21.35 0.00 -1.86 0.00
conv3 65 1.62 7.66 6.26 -6.03
conv3 66 16.71 4.87 -3.48 3.02
conv3 67 -1.86 -0.93 2.78 22.74
conv3 68 -9.51 14.85 -0.70 -11.60
conv3 69 18.33 18.56 11.60 0.70
conv3 70 -24.60 -5.34 1.62 0.00
conv3 71 -4.41 -28.31 -2.55 -0.00
conv3 72 5.34 40.84 1.86 0.93
conv3 73 -7.42 4.64 4.18 -8.35
conv3 74 -21.81 4.64 19.49 2.78
conv3 75 8.12 -6.50 -1.39 4.64
conv3 76 27.38 -20.65 -0.46 8.35
conv3 77 -8.82 -1.62 2.32 0.46
conv3 78 -5.80 11.14 -1.86 -0.46
conv3 79 0.23 -12.07 -2.55 19.72
conv3 80 -2.78 -15.31 -0.23 0.46
conv3 81 -11.83 11.37 1.39 -18.10
conv3 82 -1.86 0.23 -7.89 -16.71
conv3 83 -7.89 1.86 -0.46 -4.41
conv3 84 -29.93 -3.94 10.67 -2.32
conv3 85 -16.24 4.64 2.78 -6.03
conv3 86 2.09 -34.80 4.18 -1.39
conv3 87 -24.83 -4.64 23.67 10.21
conv3 88 7.89 6.50 -8.12 -13.46
conv3 89 8.82 -22.51 0.00 13.92
conv3 90 4.18 8.35 -8.12 -6.50
conv3 91 -1.39 -14.15 -6.26 4.41
conv3 92 -15.78 -0.93 13.69 -1.16
conv3 93 -4.18 6.26 3.02 -4.41
conv3 94 -0.93 -28.31 -1.16 13.23
conv3 95 8.35 12.99 -8.82 0.23
conv3 96 3.48 29.24 6.26 4.87
conv3 97 5.34 3.48 -7.66 -1.16
conv3 98 -16.24 45.94 1.39 -13.46
conv3 99 -12.53 -1.16 8.82 9.75
conv3 100 14.85 -10.21 -16.24 13.46
conv3 101 10.21 -17.63 -0.93 7.66
conv3 102 -9.05 -3.02 -0.93 5.57
conv3 103 3.94 -12.07 -0.93 8.35
conv3 104 -0.93 12.07 5.34 -4.64
conv3 105 36.66 6.26 -2.32 3.25
conv3 106 -3.48 0.46 -22.74 8.35
conv3 107 -27.15 2.78 10.67 0.00
conv3 108 6.03 -22.04 12.99 3.71
conv3 109 -1.86 -25.29 5.10 0.93
conv3 110 6.50 0.00 0.46 -0.93
conv3 111 -1.16 2.09 -7.66 1.86
conv3 112 9.51 -28.08 -4.41 -3.25
conv3 113 3.71 -15.78 -0.93 4.64
conv3 114 -30.16 -6.50 14.85 -17.17
conv3 115 16.24 -4.64 -9.28 3.71
conv3 116 25.29 8.35 -14.85 -8.35
conv3 117 -16.47 21.11 -5.10 -0.93
conv3 118 -1.39 16.94 0.23 -1.39
conv3 119 -9.28 7.42 20.42 -7.42
conv3 120 -0.93 -1.62 -8.82 -0.93
conv3 121 -6.50 -25.99 1.39 5.10
conv3 122 12.99 9.28 -1.86 -9.28
conv3 123 4.87 -13.69 -24.36 -1.16
conv3 124 -3.02 -22.51 -1.86 2.78
conv3 125 -2.09 4.64 -1.86 -5.57
conv3 126 -13.23 4.87 -1.39 -0.46
conv3 127 6.50 20.88 -8.35 -6.50
conv3 128 -0.46 1.86 -3.02 -1.86
conv3 129 -0.00 -12.07 2.09 -6.96
conv3 130 -29.70 26.92 2.32 -6.03
conv3 131 -19.03 -12.53 1.39 1.39
conv3 132 -3.48 -25.76 0.93 8.12
conv3 133 -2.78 -22.27 3.94 5.10
conv3 134 -9.51 20.19 -4.41 -9.75
conv3 135 2.32 22.27 -2.32 -4.18
conv3 136 -1.86 -27.84 -1.39 13.69
conv3 137 14.39 -7.43 -3.48 -6.50
conv3 138 10.21 10.44 -17.63 6.26
conv3 139 6.96 8.35 3.25 -6.96
conv3 140 3.02 -0.46 -0.46 -1.86
conv3 141 7.19 -30.86 1.62 -6.03
conv3 142 2.78 -36.20 -1.86 -8.82
conv3 143 -1.16 -12.07 -2.78 3.48
conv3 144 -17.40 -7.42 0.46 4.18
conv3 145 0.00 4.64 -0.93 7.42
conv3 146 -8.59 8.82 11.83 4.64
conv3 147 26.68 -1.86 -23.44 -12.99
conv3 148 -1.86 0.93 9.98 -1.39
conv3 149 12.53 1.39 -26.45 0.93
conv3 150 -0.23 23.20 -2.78 -24.60
conv3 151 -0.46 -0.46 0.00 -2.78
conv3 152 5.10 -8.59 -4.64 -9.28
conv3 153 -18.10 -10.44 1.86 0.00
conv3 154 -0.00 18.33 -2.32 3.94
conv3 155 -32.48 0.23 0.00 -2.32
conv3 156 -4.64 8.35 -0.93 -7.19
conv3 157 -1.62 -1.62 -1.86 1.86
conv3 158 0.00 -8.35 0.93 0.46
conv3 159 1.39 4.64 2.32 -6.50
conv3 160 14.39 -4.87 0.00 -1.39
conv3 161 -0.46 4.87 12.07 5.57
conv3 162 -2.78 0.00 0.00 -2.78
conv3 163 4.41 22.51 -1.86 -6.03
conv3 164 5.80 13.23 -5.10 -11.14
conv3 165 12.76 -3.94 12.53 -11.60
conv3 166 5.57 25.76 7.42 0.00
conv3 167 3.25 1.16 2.09 -4.18
conv3 168 37.82 -18.33 6.03 9.28
conv3 169 13.23 14.15 -2.78 -1.86
conv3 170 -37.59 -32.02 5.10 4.18
conv3 171 20.65 -32.25 -8.59 7.42
conv3 172 -14.39 -22.27 -5.10 -0.46
conv3 173 -3.25 -12.07 2.78 9.75
conv3 174 -14.85 -23.67 2.32 6.03
conv3 175 -5.80 22.51 1.62 -4.64
conv3 176 32.02 -1.62 -1.62 -2.55
conv3 177 6.03 -3.94 0.46 -0.46
conv3 178 -28.77 34.80 10.21 -1.39
conv3 179 8.59 -26.45 4.18 -0.23
conv3 180 13.92 -1.16 -18.56 -17.17
conv3 181 4.87 -3.71 -0.93 -9.28
conv3 182 16.24 10.21 -0.46 3.25
conv3 183 -26.45 -0.46 3.94 -9.05
conv3 184 -17.63 17.40 3.25 -6.03
conv3 185 6.26 1.16 -0.46 3.25
conv3 186 -0.93 0.93 -0.46 -11.14
conv3 187 -26.22 -12.53 15.31 0.00
conv3 188 -3.48 4.41 4.64 9.28
conv3 189 0.46 0.23 -19.26 -13.46
conv3 190 -1.62 -4.64 16.71 5.57
conv3 191 5.10 27.38 2.09 -6.50
conv3 192 2.32 -19.95 -3.02 -0.46
conv3 193 1.39 -31.09 -0.93 -0.46
conv3 194 -0.93 0.00 3.25 0.00
conv3 195 0.46 17.63 -0.93 5.57
conv3 196 -5.57 6.03 -2.78 1.86
conv3 197 -0.70 0.00 7.42 2.78
conv3 198 6.50 -18.10 -2.78 19.49
conv3 199 -7.42 -16.94 2.78 9.28
conv3 200 -6.73 17.63 2.32 -10.21
conv3 201 19.72 36.20 -3.48 6.26
conv3 202 -3.71 12.53 5.34 -15.55
conv3 203 -7.43 -9.98 2.09 -4.87
conv3 204 15.55 -13.23 -5.10 11.14
conv3 205 -8.59 18.10 1.62 -6.73
conv3 206 -19.95 15.31 0.46 -1.86
conv3 207 -18.33 27.84 -4.64 2.32
conv3 208 -4.64 -18.79 0.00 11.14
conv3 209 7.42 4.64 -3.71 -0.46
conv3 210 -13.69 -11.83 6.26 -12.30
conv3 211 5.80 -12.76 0.93 16.24
conv3 212 0.93 6.03 -5.10 2.78
conv3 213 -5.80 4.64 11.60 3.48
conv3 214 -4.87 2.55 -1.86 1.62
conv3 215 19.49 1.39 -19.49 3.71
conv3 216 36.66 -22.04 -0.93 -12.76
conv3 217 2.78 -19.49 9.51 -2.55
conv3 218 -2.78 32.48 -0.93 12.99
conv3 219 15.31 9.28 -3.02 13.46
conv3 220 -26.92 6.50 4.18 -15.78
conv3 221 14.85 5.10 -5.57 0.46
conv3 222 31.09 -13.92 -9.05 3.94
conv3 223 6.73 3.02 -18.79 7.89
conv3 224 8.59 5.80 -7.89 -12.07
conv3 225 -2.55 -18.10 4.41 3.94
conv3 226 0.00 15.31 -5.57 5.34
conv3 227 17.17 5.57 -17.17 -8.82
conv3 228 18.10 1.86 -4.18 7.42
conv3 229 -2.78 -5.10 4.18 -0.46
conv3 230 -3.25 -7.89 -5.57 -12.53
conv3 231 -1.39 5.57 6.50 -5.10
conv3 232 7.42 3.48 -1.39 8.82
conv3 233 -1.39 -12.99 -3.25 -2.32
conv3 234 15.78 21.81 -16.94 -3.94
conv3 235 -21.11 -22.51 -0.93 7.19
conv3 236 3.71 -15.78 -1.39 0.00
conv3 237 23.20 13.92 -9.75 -4.41
conv3 238 16.24 -17.87 9.28 12.99
conv3 239 1.16 -1.16 -0.93 5.57
conv3 240 26.92 11.83 -5.34 0.70
conv3 241 22.97 -16.94 3.71 -5.10
conv3 242 -0.46 12.53 -1.39 1.86
conv3 243 27.15 15.78 -4.64 -2.78
conv3 244 -5.34 4.18 -6.03 -14.39
conv3 245 24.13 -12.07 -5.34 0.00
conv3 246 -20.19 4.87 0.00 -14.85
conv3 247 0.00 -6.73 -0.46 7.42
conv3 248 0.46 19.72 0.00 -2.78
conv3 249 11.60 24.60 -4.64 -8.82
conv3 250 4.64 32.02 -0.46 -9.75
conv3 251 -0.46 -25.76 -1.86 15.55
conv3 252 0.46 5.10 1.86 7.42
conv3 253 5.80 15.08 -0.93 -11.60
conv3 254 34.80 6.03 -8.59 -2.09
conv3 255 1.16 5.34 0.00 5.57
conv3 256 -1.86 0.23 7.19 -4.41
conv3 257 -15.55 2.32 3.71 0.93
conv3 258 1.16 5.57 -2.09 -3.48
conv3 259 5.34 0.46 -1.86 1.86
conv3 260 -11.14 20.65 -3.71 -15.31
conv3 261 -7.89 -24.13 2.78 12.99
conv3 262 6.73 -18.10 3.94 6.73
conv3 263 -1.16 -8.35 2.32 -15.31
conv3 264 16.94 9.75 -3.71 -6.03
conv3 265 -3.71 3.71 0.23 -1.86
conv3 266 2.32 -2.09 0.46 3.25
conv3 267 -16.94 -3.94 7.89 -5.57
conv3 268 -2.09 -0.93 4.18 0.00
conv3 269 -22.97 -1.62 -0.70 -0.70
conv3 270 -19.03 -9.28 0.93 0.46
conv3 271 -17.17 20.19 -4.64 0.00
conv3 272 -14.85 -29.24 0.00 -6.96
conv3 273 -5.34 2.32 0.70 -0.70
conv3 274 -38.52 -24.36 3.71 -1.86
conv3 275 16.71 -18.10 0.00 -6.96
conv3 276 -5.57 -35.73 -5.34 -2.55
conv3 277 -19.03 -5.57 6.96 10.67
conv3 278 4.64 -9.98 -3.71 16.71
conv3 279 -1.86 -24.13 0.46 13.92
conv3 280 0.70 0.23 0.00 -12.99
conv3 281 -2.32 -14.39 1.86 3.71
conv3 282 -19.49 -31.09 -11.60 2.32
conv3 283 16.71 -6.96 0.93 12.07
conv3 284 -4.18 7.19 -0.46 4.64
conv3 285 -12.53 -15.78 0.93 2.32
conv3 286 -4.18 4.18 2.32 6.03
conv3 287 3.02 -14.15 0.46 0.00
conv3 288 -8.35 32.72 4.87 -3.48
conv3 289 -4.64 13.92 2.09 -0.46
conv3 290 26.22 -0.23 -9.75 3.48
conv3 291 28.08 9.51 -9.75 -3.94
conv3 292 25.29 -12.30 13.92 14.39
conv3 293 -0.46 2.32 10.21 -3.71
conv3 294 8.82 -0.23 -19.03 0.93
conv3 295 1.39 -29.00 3.02 -0.93
conv3 296 -7.66 2.55 6.03 11.60
conv3 297 3.71 4.64 -0.70 0.23
conv3 298 -25.99 -35.50 2.55 -3.71
conv3 299 25.06 -20.65 -4.18 -5.10
conv3 300 -9.75 27.84 9.75 -7.89
conv3 301 -2.32 -2.09 -0.23 -5.10
conv3 302 4.87 -4.41 2.78 -10.67
conv3 303 -21.11 -0.93 3.25 -2.32
conv3 304 -12.76 2.09 11.14 -13.46
conv3 305 0.00 -0.46 0.00 1.86
conv3 306 0.93 25.76 3.71 0.93
conv3 307 -2.32 11.83 -0.23 6.03
conv3 308 19.95 -28.31 0.23 2.09
conv3 309 13.46 -28.31 0.23 5.57
conv3 310 -1.39 14.39 0.93 -3.71
conv3 311 0.00 -2.78 0.00 -3.71
conv3 312 2.78 -14.39 -3.71 24.60
conv3 313 -3.25 10.21 7.89 -24.13
conv3 314 -9.98 29.93 0.70 0.00
conv3 315 -12.99 17.63 2.32 7.19
conv3 316 -1.62 19.95 0.70 -13.92
conv3 317 -0.93 -11.14 12.99 7.42
conv3 318 10.67 -2.32 0.00 -3.25
conv3 319 -2.78 27.38 0.00 -15.31
conv3 320 33.18 -23.20 2.32 -10.67
conv3 321 7.66 -25.06 1.39 -9.51
conv3 322 -9.05 2.55 3.71 -5.57
conv3 323 -21.11 22.51 6.50 -5.10
conv3 324 0.00 17.17 0.93 -11.14
conv3 325 6.96 -25.06 -2.32 -5.34
conv3 326 0.70 -5.34 8.35 1.86
conv3 327 -20.88 18.56 2.32 -5.57
conv3 328 -22.28 -16.01 2.78 -8.35
conv3 329 15.55 -31.32 -0.46 -5.10
conv3 330 12.99 -21.35 -3.25 -9.75
conv3 331 -0.70 -13.46 0.00 5.10
conv3 332 -7.89 12.30 -1.86 -7.43
conv3 333 -30.16 -1.86 7.42 2.32
conv3 334 -0.46 -4.18 0.46 13.46
conv3 335 8.35 -21.35 1.39 -3.02
conv3 336 4.18 9.75 10.21 -11.60
conv3 337 0.93 22.97 -9.98 -2.78
conv3 338 16.47 2.55 1.39 -1.86
conv3 339 -20.19 -1.86 13.92 -1.39
conv3 340 7.66 -4.18 -9.98 4.41
conv3 341 -17.87 -3.25 -1.62 -12.99
conv3 342 7.89 24.36 -0.70 -11.83
conv3 343 -22.27 0.23 3.71 -10.44
conv3 344 -11.37 7.89 -0.46 -6.03
conv3 345 1.39 0.70 1.39 -16.01
conv3 346 2.32 1.86 6.50 -5.57
conv3 347 -5.80 1.16 -4.41 10.44
conv3 348 -36.66 -3.02 1.86 1.39
conv3 349 -28.77 8.35 7.42 2.09
conv3 350 19.95 -4.18 -14.85 2.78
conv3 351 2.32 -18.56 4.64 -1.86
conv3 352 10.44 6.03 -7.19 2.32
conv3 353 -36.20 15.31 -2.32 -7.19
conv3 354 0.46 4.64 -0.23 -14.15
conv3 355 13.69 3.25 -3.71 9.28
conv3 356 -5.57 -6.73 2.78 0.46
conv3 357 16.24 -2.78 3.71 0.00
conv3 358 -10.91 -18.56 4.64 10.21
conv3 359 -0.70 7.89 5.57 -11.14
conv3 360 5.34 -0.93 -17.40 -7.66
conv3 361 5.80 2.09 2.78 -3.71
conv3 362 -5.80 -18.33 -7.89 3.25
conv3 363 13.69 26.45 0.70 -16.01
conv3 364 -7.89 -29.24 3.71 0.93
conv3 365 19.03 -3.71 -2.55 10.67
conv3 366 -1.86 -20.42 7.89 23.67
conv3 367 35.27 10.91 -2.55 -3.25
conv3 368 0.00 -1.86 0.46 0.00
conv3 369 -2.32 5.57 -4.64 0.00
conv3 370 -4.64 1.86 -13.92 -21.35
conv3 371 7.43 31.56 3.48 -8.82
conv3 372 12.07 -24.60 0.00 15.31
conv3 373 -9.75 1.16 -3.48 -18.79
conv3 374 0.00 -18.33 1.62 14.62
conv3 375 13.92 -9.75 -15.08 14.39
conv3 376 1.62 26.45 1.39 -19.03
conv3 377 3.94 -26.68 -0.93 -2.78
conv3 378 0.00 -0.23 0.70 1.39
conv3 379 -0.46 2.78 -1.86 -7.42
conv3 380 -0.70 0.70 -0.93 -17.63
conv3 381 -0.46 -18.10 12.53 9.75
conv3 382 24.60 9.75 -2.78 13.46
conv3 383 -0.23 -14.62 4.18 17.63
conv4 0 -4.30 -28.25 8.29 6.45
conv4 1 1.23 10.44 11.97 -13.51
conv4 2 0.61 17.19 -8.60 -1.84
conv4 3 -9.82 -7.37 3.68 5.22
conv4 4 -0.31 -4.61 -6.14 7.68
conv4 5 -11.67 -1.54 0.00 -14.12
conv4 6 5.53 7.98 0.61 -6.14
conv4 7 0.92 10.44 -13.51 8.60
conv4 8 0.00 0.00 -1.84 -5.53
conv4 9 0.31 -22.11 0.00 16.58
conv4 10 2.46 8.60 3.68 -15.35
conv4 11 0.61 -7.98 -9.21 23.64
conv4 12 -9.21 -1.23 4.30 -1.54
conv4 13 -38.38 7.06 3.68 1.23
conv4 14 -0.61 20.88 7.06 -6.75
conv4 15 1.84 12.28 -9.52 -11.36
conv4 16 -40.53 7.68 3.38 -17.81
conv4 17 0.00 -3.07 -4.30 -4.30
conv4 18 -0.31 0.31 0.00 4.30
conv4 19 0.61 24.26 20.88 0.00
conv4 20 7.06 0.92 -18.42 -16.89
conv4 21 4.91 -39.91 -5.83 10.44
conv4 22 -2.15 -21.19 -1.54 -1.23
conv4 23 4.61 22.41 1.23 0.61
conv4 24 9.21 -16.27 3.68 3.07
conv4 25 -1.23 -13.51 19.04 20.88
conv4 26 21.49 -25.79 0.31 -9.52
conv4 27 0.00 0.00 -3.38 -9.21
conv4 28 0.00 22.11 -2.15 -9.82
conv4 29 -15.97 -22.11 -7.37 2.15
conv4 30 -5.53 14.74 0.31 -19.65
conv4 31 1.54 10.75 -2.46 -7.98
conv4 32 0.00 0.00 -1.23 17.81
conv4 33 -1.23 -0.61 2.15 -18.42
conv4 34 5.83 -38.99 1.54 -2.46
conv4 35 -12.28 -6.45 4.61 8.90
conv4 36 8.60 3.68 -2.76 -1.84
conv4 37 -8.29 2.76 -1.84 -12.28
conv4 38 5.53 9.82 -2.15 -6.14
conv4 39 4.30 16.27 2.46 -7.37
conv4 40 9.83 -15.04 4.91 -5.83
conv4 41 17.81 1.54 0.00 -4.30
conv4 42 11.67 7.68 0.31 -3.68
conv4 43 20.88 0.00 2.15 -13.51
conv4 44 -10.44 16.58 -7.37 6.75
conv4 45 -2.76 -0.92 2.46 1.84
conv4 46 19.04 40.53 -1.54 -4.61
conv4 47 -5.53 -9.21 -0.92 10.44
conv4 48 -0.61 12.28 15.66 -13.20
conv4 49 9.21 6.14 -12.90 7.37
conv4 50 -2.46 -3.68 6.75 3.99
conv4 51 3.07 10.44 -0.92 -4.30
conv4 52 -1.84 17.81 12.28 -7.98
conv4 53 6.45 2.15 1.23 2.46
conv4 54 -2.46 2.46 -6.45 3.07
conv4 55 11.67 14.74 -10.44 -9.21
conv4 56 54.04 23.03 -0.31 -2.46
conv4 57 19.65 8.60 3.68 1.54
conv4 58 -23.64 -30.40 1.84 -6.14
conv4 59 3.99 22.72 -3.07 -8.90
conv4 60 0.31 16.58 5.53 -3.07
conv4 61 -2.76 0.00 0.61 6.75
conv4 62 -15.04 37.76 -0.61 2.46
conv4 63 0.61 3.68 -7.06 -8.90
conv4 64 0.00 -1.84 2.76 3.68
conv4 65 -9.21 -46.67 0.31 0.92
conv4 66 -2.76 24.56 -1.23 -3.07
conv4 67 0.00 0.00 0.00 -2.46
conv4 68 -8.60 5.83 14.12 9.82
conv4 69 0.61 -28.86 -22.41 -0.61
conv4 70 46.05 3.38 0.61 1.84
conv4 71 -6.14 -7.37 -3.07 0.00
conv4 72 0.61 -0.61 4.61 -3.99
conv4 73 -37.15 4.91 -3.99 11.05
conv4 74 1.54 0.61 -4.30 -7.37
conv4 75 45.75 -6.14 -0.92 1.23
conv4 76 -2.46 3.07 7.68 5.83
conv4 77 -18.42 -8.29 3.68 8.60
conv4 78 -23.95 5.22 -1.84 -2.46
conv4 79 -0.92 -4.91 -7.37 0.61
conv4 80 -0.31 0.61 -0.92 1.23
conv4 81 -13.82 -6.14 2.15 0.00
conv4 82 -10.75 3.68 11.05 -7.37
conv4 83 -20.88 23.33 0.31 -3.38
conv4 84 -20.26 -1.54 6.45 -2.76
conv4 85 13.82 -12.90 5.53 6.45
conv4 86 5.22 6.45 -0.92 -17.81
conv4 87 5.83 -14.74 2.15 -13.51
conv4 88 0.00 0.00 -7.68 3.99
conv4 89 -0.92 1.54 -19.96 -3.99
conv4 90 0.00 2.76 -11.67 -1.54
conv4 91 -1.54 11.67 -8.90 -3.07
conv4 92 0.31 -17.50 -4.61 1.23
conv4 93 -6.75 -0.61 3.38 16.27
conv4 94 0.00 -5.53 -0.31 -11.97
conv4 95 6.75 0.31 -20.26 -2.46
conv4 96 19.04 29.78 8.60 15.97
conv4 97 -4.30 13.51 0.00 15.35
conv4 98 14.12 -8.90 -8.60 12.28
conv4 99 -4.91 20.26 0.92 -12.90
conv4 100 0.00 0.00 5.83 -12.59
conv4 101 0.00 0.00 -20.57 10.13
conv4 102 -12.59 -25.18 -0.31 7.37
conv4 103 1.84 -24.26 -4.30 4.91
conv4 104 -16.27 4.30 7.06 -9.82
conv4 105 0.00 -6.14 -0.61 7.98
conv4 106 -13.20 -2.76 0.00 0.00
conv4 107 5.22 0.00 -3.38 -11.05
conv4 108 -0.92 13.20 -5.53 0.61
conv4 109 -1.23 -11.05 4.91 11.05
conv4 110 -9.21 -19.96 10.13 10.44
conv4 111 13.20 2.76 -8.60 -4.30
conv4 112 5.53 -1.84 -6.75 3.68
conv4 113 54.04 -6.14 1.23 -10.44
conv4 114 -58.95 3.68 3.07 -15.35
conv4 115 0.00 0.00 7.37 -22.72
conv4 116 1.23 -2.76 -24.56 5.22
conv4 117 23.95 15.97 -2.15 -0.61
conv4 118 4.91 8.60 -1.54 0.61
conv4 119 -7.68 -35.31 0.61 1.84
conv4 120 2.15 -1.23 3.07 3.38
conv4 121 -0.61 3.68 -0.31 5.22
conv4 122 -7.98 5.83 -2.46 2.46
conv4 123 20.88 2.76 -2.46 -15.97
conv4 124 -9.21 7.68 2.46 -9.82
conv4 125 -2.15 12.59 2.46 -2.46
conv4 126 1.23 13.82 -2.46 -11.05
conv4 127 -7.06 6.45 -0.61 8.60
conv4 128 -0.61 2.76 -7.37 5.53
conv4 129 0.31 -17.81 12.28 9.82
conv4 130 0.61 8.60 3.07 -10.44
conv4 131 9.52 -8.60 10.44 -6.14
conv4 132 15.97 8.29 14.74 4.30
conv4 133 -0.61 0.00 3.68 -17.50
conv4 134 -9.82 -23.33 1.23 2.46
conv4 135 6.14 0.61 -3.68 22.72
conv4 136 0.61 0.00 1.23 -4.91
conv4 137 11.36 1.54 -0.31 -15.97
conv4 138 1.23 -1.23 3.07 6.14
conv4 139 4.30 -8.29 0.61 -25.79
conv4 140 2.76 -7.06 1.23 5.53
conv4 141 -3.07 6.14 7.68 7.06
conv4 142 2.76 -0.92 -6.75 -14.43
conv4 143 0.00 1.54 11.05 1.84
conv4 144 15.97 1.23 -1.54 3.07
conv4 145 -30.09 19.04 1.23 1.23
conv4 146 14.12 -30.70 -5.83 -1.54
conv4 147 -0.61 1.23 -6.14 -9.83
conv4 148 0.00 0.00 7.37 -17.50
conv4 149 -0.61 -1.23 3.07 1.84
conv4 150 0.00 4.91 6.75 -3.07
conv4 151 0.92 -6.14 -0.61 29.47
conv4 152 0.00 7.68 13.20 -9.21
conv4 153 -7.37 -0.61 3.38 -3.99
conv4 154 7.06 -25.79 -2.46 8.60
conv4 155 0.31 -19.65 -1.23 30.09
conv4 156 -23.95 -24.56 -2.46 4.30
conv4 157 -1.84 1.54 -7.68 -8.60
conv4 158 -2.46 -17.81 -8.90 7.98
conv4 159 28.86 2.46 -26.10 0.61
conv4 160 -14.43 -22.11 8.60 -7.06
conv4 161 4.91 21.19 -7.06 -1.54
conv4 162 -7.37 13.20 1.23 0.00
conv4 163 6.75 5.53 -8.90 -4.91
conv4 164 -3.07 0.61 6.14 1.54
conv4 165 0.00 0.00 -2.15 0.31
conv4 166 15.35 28.86 0.00 -6.14
conv4 167 -7.98 -6.14 1.54 10.13
conv4 168 -17.81 18.42 -1.84 -2.46
conv4 169 5.22 -8.90 -22.11 0.00
conv4 170 -3.38 8.60 -0.31 -2.15
conv4 171 1.23 -4.30 10.75 2.15
conv4 172 1.23 -0.92 5.53 -6.14
conv4 173 -16.27 2.15 -7.37 12.28
conv4 174 -1.84 0.00 3.07 -6.14
conv4 175 -3.07 -15.04 -1.23 11.05
conv4 176 -24.26 -23.33 3.68 2.76
conv4 177 0.31 -15.04 -5.53 -6.14
conv4 178 1.23 -2.46 -2.76 9.52
conv4 179 9.52 2.15 -23.64 -1.23
conv4 180 -0.31 -15.66 -2.15 7.98
conv4 181 -0.92 -0.31 2.76 -15.97
conv4 182 11.97 -0.92 -1.84 13.51
conv4 183 1.23 -16.58 1.84 30.70
conv4 184 0.00 0.00 -4.30 -11.97
conv4 185 18.11 -7.37 -2.46 17.50
conv4 186 -12.59 -4.30 9.52 18.42
conv4 187 0.61 0.31 -3.68 2.76
conv4 188 0.61 25.79 5.83 -42.37
conv4 189 0.00 -1.23 0.92 -4.61
conv4 190 -11.36 0.61 -1.84 9.52
conv4 191 -2.76 21.49 -1.23 11.05
conv4 192 13.82 -6.14 0.92 -10.44
conv4 193 1.84 0.00 2.15 17.19
conv4 194 0.00 1.84 -0.61 -0.92
conv4 195 0.00 -6.14 -16.58 3.38
conv4 196 1.54 31.01 15.04 8.29
conv4 197 -24.26 -15.66 3.68 1.84
conv4 198 7.37 -32.24 -0.61 -20.26
conv4 199 -2.46 -42.37 -3.68 5.53
conv4 200 6.14 -7.37 -3.99 -0.92
conv4 201 -34.08 21.19 1.23 -20.88
conv4 202 -0.00 -4.61 -23.64 -4.30
conv4 203 34.39 37.76 -3.38 3.68
conv4 204 13.82 -44.52 8.60 -4.30
conv4 205 1.84 0.61 5.83 -6.14
conv4 206 -12.28 -20.26 0.31 8.60
conv4 207 19.34 -4.91 -0.61 -0.61
conv4 208 -11.36 -40.22 -0.61 9.52
conv4 209 -43.60 -7.68 -1.84 14.12
conv4 210 1.23 -0.92 -0.61 7.37
conv4 211 28.55 -21.19 0.00 -2.46
conv4 212 3.07 23.64 5.83 -20.26
conv4 213 -11.36 -12.59 1.23 1.23
conv4 214 1.23 -6.45 -7.37 -12.28
conv4 215 6.14 -6.14 -4.91 -23.64
conv4 216 1.23 14.43 3.07 -11.05
conv4 217 -7.37 1.84 2.15 -1.23
conv4 218 -1.23 0.00 0.61 22.11
conv4 219 -8.29 29.17 -9.52 1.23
conv4 220 1.23 58.34 3.99 1.23
conv4 221 -1.23 -5.53 23.03 -2.46
conv4 222 6.14 8.90 -1.84 -3.07
conv4 223 -9.82 4.30 0.61 1.54
conv4 224 5.53 15.04 0.61 -6.75
conv4 225 14.74 -9.21 5.83 -9.21
conv4 226 -3.07 18.11 5.53 -4.30
conv4 227 -14.74 -24.56 0.00 0.00
conv4 228 9.52 7.68 -16.27 1.23
conv4 229 5.83 6.45 -5.22 -18.73
conv4 230 35.62 -11.05 -3.68 1.23
conv4 231 -25.79 7.37 31.93 0.92
conv4 232 -16.89 8.60 0.61 15.97
conv4 233 2.46 4.91 0.61 0.00
conv4 234 -12.90 -2.46 -8.90 -11.05
conv4 235 -0.31 -13.82 4.61 20.88
conv4 236 -5.53 7.37 21.19 -20.88
conv4 237 -0.61 -7.68 10.13 12.90
conv4 238 -10.13 6.14 -2.46 -5.22
conv4 239 0.92 3.38 -8.90 -4.91
conv4 240 -30.40 6.75 -16.27 3.99
conv4 241 -23.33 0.92 1.84 0.61
conv4 242 0.31 -16.27 -1.23 0.61
conv4 243 5.83 8.60 5.83 -15.66
conv4 244 -3.68 19.34 17.19 2.76
conv4 245 6.14 11.97 -4.91 0.61
conv4 246 -0.92 -12.90 -6.14 -6.14
conv4 247 -0.92 -7.06 0.31 -3.68
conv4 248 2.76 -7.98 11.67 -15.97
conv4 249 3.68 0.92 0.61 -15.97
conv4 250 -20.26 37.46 -0.61 5.53
conv4 251 -3.07 1.54 11.67 5.83
conv4 252 9.21 -11.67 -0.92 -6.45
conv4 253 -18.42 -22.72 2.15 -1.54
conv4 254 -13.51 5.22 0.00 -1.23
conv4 255 2.46 3.99 0.61 3.38
conv5 0 33.62 3.82 3.06 10.70
conv5 1 0.76 -1.53 -1.15 -3.44
conv5 2 5.35 13.75 -0.38 -6.49
conv5 3 17.57 -12.22 0.76 16.43
conv5 4 15.28 10.70 -3.06 0.38
conv5 5 16.81 19.87 -0.76 -1.15
conv5 6 -13.37 11.84 -0.00 3.06
conv5 7 -6.88 8.40 -1.53 -0.76
conv5 8 -1.91 4.97 1.53 -6.88
conv5 9 -4.58 12.22 0.00 9.93
conv5 10 5.35 4.97 9.17 2.29
conv5 11 9.55 -11.84 -0.76 13.37
conv5 12 4.58 -10.31 0.00 12.22
conv5 13 12.61 25.60 0.00 8.40
conv5 14 -5.35 23.30 -1.53 -19.87
conv5 15 -14.90 20.63 0.00 7.26
conv5 16 4.20 30.56 -3.06 1.15
conv5 17 10.70 45.84 -1.53 7.64
conv5 18 0.76 0.76 3.44 1.91
conv5 19 3.44 -4.20 -1.91 14.52
conv5 20 -23.69 33.24 -1.91 -0.76
conv5 21 5.73 13.37 6.88 -3.44
conv5 22 7.64 1.15 0.00 4.20
conv5 23 4.58 -3.82 -0.38 18.34
conv5 24 1.15 4.20 -2.29 9.55
conv5 25 -1.15 15.66 -3.82 -1.53
conv5 26 1.91 -4.97 -0.76 11.46
conv5 27 -11.46 17.57 7.64 -9.93
conv5 28 -1.53 -1.15 -1.15 9.17
conv5 29 11.08 -6.49 -0.38 9.93
conv5 30 2.29 25.21 -0.76 9.93
conv5 31 -3.82 -4.97 -19.48 -15.28
conv5 32 -0.00 13.75 -5.35 1.15
conv5 33 0.38 2.29 -1.53 -1.15
conv5 34 33.24 17.96 -1.15 4.20
conv5 35 1.15 3.06 -0.76 17.96
conv5 36 2.67 -22.92 0.76 11.84
conv5 37 1.53 -5.35 1.15 8.40
conv5 38 9.93 1.53 0.00 12.22
conv5 39 -2.29 28.27 3.44 1.53
conv5 40 -0.76 22.16 1.53 2.29
conv5 41 -0.76 -35.53 1.53 16.05
conv5 42 -6.11 -28.65 -0.38 3.06
conv5 43 -3.44 1.15 0.00 1.53
conv5 44 15.66 24.07 1.91 3.06
conv5 45 7.64 15.28 -0.38 0.00
conv5 46 -5.73 4.20 2.67 5.73
conv5 47 -0.38 -11.08 5.35 13.75
conv5 48 -6.11 -44.32 4.97 -1.15
conv5 49 -1.53 1.53 0.38 9.17
conv5 50 16.81 16.81 -1.15 2.67
conv5 51 -11.08 25.60 -1.91 -1.91
conv5 52 3.06 29.80 0.38 7.26
conv5 53 0.00 -19.10 0.00 -6.11
conv5 54 12.99 -7.64 -5.35 1.15
conv5 55 8.79 -11.84 -1.53 16.81
conv5 56 0.76 12.99 -6.49 -20.25
conv5 57 1.91 -24.83 2.29 5.73
conv5 58 16.81 -4.97 3.44 15.66
conv5 59 11.46 -22.16 0.00 13.75
conv5 60 -5.73 21.78 3.44 -4.20
conv5 61 4.58 6.11 -0.38 7.64
conv5 62 -14.52 -15.66 0.00 18.72
conv5 63 2.67 32.09 -2.67 -1.15
conv5 64 7.64 5.35 0.00 15.28
conv5 65 0.00 -13.37 -16.81 18.34
conv5 66 22.54 -2.67 -3.06 0.76
conv5 67 3.44 11.46 -1.53 1.15
conv5 68 4.58 19.48 4.58 0.76
conv5 69 3.44 -6.11 -0.76 -3.06
conv5 70 -3.06 10.70 4.20 4.97
conv5 71 10.31 4.20 -2.29 -5.35
conv5 72 -3.82 7.64 -6.49 1.15
conv5 73 4.20 4.20 0.00 0.76
conv5 74 12.22 -4.20 -1.53 11.84
conv5 75 -1.53 17.19 1.15 0.38
conv5 76 -11.08 -13.75 1.91 7.26
conv5 77 -12.23 -7.64 3.82 8.40
conv5 78 -5.73 -3.06 -0.38 6.49
conv5 79 3.82 -6.11 -1.91 3.44
conv5 80 0.00 0.00 0.76 -2.67
conv5 81 10.70 6.11 -0.38 4.58
conv5 82 16.81 -12.22 0.00 4.58
conv5 83 10.31 -38.59 0.00 6.49
conv5 84 -6.88 0.00 2.29 -3.44
conv5 85 3.44 13.75 -2.29 8.79
conv5 86 21.39 9.93 0.76 6.11
conv5 87 -7.64 -6.11 0.76 0.38
conv5 88 -3.82 -16.05 3.82 1.53
conv5 89 -9.93 -61.12 1.15 2.29
conv5 90 0.00 -0.76 1.53 1.15
conv5 91 14.52 35.91 0.00 -0.76
conv5 92 3.06 11.84 -3.82 18.34
conv5 93 29.42 5.73 0.76 7.64
conv5 94 -16.81 27.51 3.06 1.15
conv5 95 3.82 -50.81 0.38 3.06
conv5 96 10.70 5.35 -2.67 -9.55
conv5 97 -18.34 27.51 3.06 1.91
conv5 98 8.79 2.67 0.00 12.22
conv5 99 1.53 -31.71 -1.91 8.40
conv5 100 9.17 19.10 0.38 -7.64
conv5 101 11.08 -37.06 -0.76 6.88
conv5 102 -3.44 23.69 8.40 1.91
conv5 103 4.97 -28.65 2.29 13.75
conv5 104 12.22 -16.05 0.76 16.81
conv5 105 4.97 -3.06 3.44 12.61
conv5 106 -29.42 -30.94 3.06 1.91
conv5 107 -8.02 -3.44 -1.15 4.97
conv5 108 -1.53 -3.06 -4.20 -3.82
conv5 109 26.36 -2.29 -1.15 1.91
conv5 110 -0.00 -36.67 0.00 2.67
conv5 111 -12.23 -27.51 -3.06 15.28
conv5 112 0.76 11.46 -20.63 -0.76
conv5 113 4.97 -8.79 -0.38 4.58
conv5 114 -2.29 14.14 -0.76 11.46
conv5 115 17.19 4.97 1.91 -1.53
conv5 116 2.29 32.85 -5.73 -14.90
conv5 117 17.57 -23.69 -1.15 8.40
conv5 118 1.53 4.97 -1.53 -7.64
conv5 119 2.67 -3.06 -3.06 3.06
conv5 120 0.00 -2.29 -4.20 11.84
conv5 121 -0.76 21.39 -4.58 1.53
conv5 122 0.00 -3.44 -1.53 7.64
conv5 123 -17.57 6.88 0.76 1.53
conv5 124 -3.82 41.26 -0.38 4.58
conv5 125 11.08 -8.79 1.53 5.73
conv5 126 -8.40 -24.83 0.00 4.20
conv5 127 8.40 3.06 0.00 4.58
conv5 128 27.89 -0.76 -0.76 7.64
conv5 129 6.49 15.28 -2.67 11.46
conv5 130 -5.73 19.87 4.58 -2.67
conv5 131 0.76 1.53 6.49 7.64
conv5 132 57.69 39.35 0.00 -3.44
conv5 133 0.00 -0.38 1.91 7.64
conv5 134 0.76 36.68 2.67 4.20
conv5 135 5.73 -7.64 1.53 -0.38
conv5 136 6.11 -3.82 6.88 -1.91
conv5 137 6.49 3.82 0.00 0.76
conv5 138 5.73 -7.64 2.29 6.11
conv5 139 -11.84 16.81 1.91 -2.67
conv5 140 -48.14 -14.52 -0.38 14.14
conv5 141 -4.97 -15.28 0.00 10.70
conv5 142 6.49 18.72 -5.73 2.29
conv5 143 29.03 12.99 -0.38 -1.53
conv5 144 7.26 6.88 2.29 28.27
conv5 145 -4.58 7.64 4.20 9.17
conv5 146 9.93 -12.22 1.15 4.20
conv5 147 13.37 -13.37 3.06 -5.73
conv5 148 2.29 6.11 -0.76 -24.07
conv5 149 -14.52 1.91 3.06 3.06
conv5 150 4.20 -1.91 -1.53 18.34
conv5 151 11.46 -1.15 0.76 11.84
conv5 152 -4.58 -10.70 1.15 0.38
conv5 153 0.76 22.92 -6.49 -8.02
conv5 154 -3.82 -3.82 2.29 -2.29
conv5 155 2.29 0.76 -7.26 7.64
conv5 156 -2.29 17.57 -5.73 -1.53
conv5 157 0.00 0.00 13.75 14.90
conv5 158 -3.06 46.23 0.00 -0.76
conv5 159 -0.38 3.06 1.53 14.14
conv5 160 -11.46 -2.29 -0.76 10.70
conv5 161 2.29 0.38 -0.38 6.11
conv5 162 -16.81 -20.63 -0.76 6.88
conv5 163 11.84 64.18 -1.15 1.15
conv5 164 -38.20 14.52 0.38 7.26
conv5 165 21.01 -4.58 -3.44 1.91
conv5 166 -5.73 2.29 -7.26 17.19
conv5 167 -10.31 16.43 0.76 5.35
conv5 168 1.91 -2.67 8.40 6.88
conv5 169 6.11 2.67 0.00 -2.29
conv5 170 1.91 10.70 -16.05 -17.19
conv5 171 17.19 7.64 -0.76 13.37
conv5 172 4.97 -27.89 2.67 20.63
conv5 173 13.75 17.57 0.00 0.76
conv5 174 -11.84 13.75 -2.29 4.97
conv5 175 11.46 15.66 7.26 8.02
conv5 176 2.29 6.11 3.06 -2.29
conv5 177 -8.79 -6.88 0.00 13.75
conv5 178 -2.29 1.91 0.76 -2.29
conv5 179 -2.29 19.48 1.91 10.31
conv5 180 6.11 19.10 0.00 8.40
conv5 181 8.40 42.79 -5.35 -18.72
conv5 182 -1.53 -3.44 1.15 6.11
conv5 183 24.07 -4.97 -1.15 10.31
conv5 184 1.15 16.43 1.15 8.02
conv5 185 2.29 -14.52 -2.29 18.34
conv5 186 -20.63 -1.91 0.00 11.08
conv5 187 26.36 -29.80 -1.15 16.43
conv5 188 11.08 19.10 0.00 6.11
conv5 189 0.76 0.76 -12.99 15.66
conv5 190 -25.60 -6.88 1.53 1.53
conv5 191 3.06 19.10 -3.06 -4.20
conv5 192 -1.53 -21.39 -3.82 3.06
conv5 193 9.93 8.40 1.15 -4.58
conv5 194 -0.38 -1.15 0.00 0.00
conv5 195 -6.49 12.99 0.00 -0.76
conv5 196 7.64 6.49 -1.15 -4.58
conv5 197 0.76 -4.20 4.20 8.40
conv5 198 22.54 -5.73 3.06 23.69
conv5 199 -17.57 -16.43 1.53 -0.38
conv5 200 2.67 -3.06 1.53 19.87
conv5 201 17.96 16.05 -0.38 13.75
conv5 202 -17.19 8.79 -0.38 -3.82
conv5 203 1.15 -21.78 -0.76 -2.67
conv5 204 4.20 -4.20 12.22 10.70
conv5 205 0.00 0.00 -0.38 19.87
conv5 206 -4.97 5.73 2.29 3.06
conv5 207 16.81 -13.75 -1.91 3.82
conv5 208 6.11 4.58 0.00 -1.15
conv5 209 -1.15 0.38 -3.06 -8.02
conv5 210 6.49 -34.38 -1.53 9.17
conv5 211 0.00 7.64 -4.20 -6.11
conv5 212 16.81 -10.31 -0.38 4.58
conv5 213 -8.79 -7.64 2.67 -1.53
conv5 214 -3.06 -10.31 -0.00 15.66
conv5 215 7.64 -12.99 0.76 14.90
conv5 216 8.79 -1.91 -3.44 16.43
conv5 217 17.19 17.96 2.29 -1.53
conv5 218 -5.35 30.56 1.53 6.88
conv5 219 5.73 13.37 -1.53 1.15
conv5 220 9.93 14.14 -1.53 4.58
conv5 221 16.43 48.14 -5.35 -10.70
conv5 222 6.11 33.62 -1.91 1.53
conv5 223 -0.76 17.57 -0.38 -0.38
conv5 224 -1.91 27.89 0.00 17.57
conv5 225 -3.44 10.31 5.35 -0.76
conv5 226 -4.20 -6.11 0.76 16.81
conv5 227 -3.44 -2.67 -3.82 32.85
conv5 228 9.93 -4.97 0.00 6.88
conv5 229 -0.76 0.00 8.40 1.91
conv5 230 -21.01 9.17 2.29 7.64
conv5 231 8.79 13.75 0.76 -3.06
conv5 232 -3.44 11.46 0.00 0.00
conv5 233 11.46 1.53 -2.67 0.00
conv5 234 -1.15 -12.99 -0.38 -0.38
conv5 235 16.43 1.53 -1.53 -6.11
conv5 236 29.80 1.91 9.17 11.46
conv5 237 5.35 8.40 -8.02 -11.84
conv5 238 1.53 1.53 3.06 5.35
conv5 239 2.29 9.93 -0.38 4.58
conv5 240 3.44 -24.45 -1.53 -0.38
conv5 241 -9.17 -13.75 -2.29 -2.29
conv5 242 11.46 20.63 2.29 12.61
conv5 243 8.40 3.06 -4.20 -21.01
conv5 244 -1.53 21.39 -2.29 2.67
conv5 245 -4.58 -4.58 4.58 6.88
conv5 246 9.55 1.53 -1.53 0.76
conv5 247 14.90 13.75 -1.15 -4.97
conv5 248 2.67 -15.66 0.38 6.49
conv5 249 0.76 4.97 -7.26 3.44
conv5 250 -12.61 20.25 0.76 -10.31
conv5 251 -3.06 29.80 -0.76 5.35
conv5 252 -10.70 -12.99 -2.67 -1.53
conv5 253 0.00 6.11 -1.15 16.43
conv5 254 2.29 15.28 6.49 16.43
conv5 255 0.00 2.29 -1.15 -8.02
