conv5 0 1457 5815
conv5 1 3789 3036
conv5 2 3087 2889
conv5 3 4204 2378
conv5 4 2929 6738
conv5 5 4216 8368
conv5 6 4774 2523
conv5 7 1865 6296
conv5 8 1797 2900
conv5 9 5152 4435
conv5 10 654 9808
conv5 11 7049 3176
conv5 12 1557 7137
conv5 13 1104 8599
conv5 14 4094 6990
conv5 15 5519 3029
conv5 16 1365 2538
conv5 17 4053 4515
conv5 18 2344 8302
conv5 19 5672 5802
conv5 20 20420 4494
conv5 21 596 3268
conv5 22 3098 6645
conv5 23 8193 3483
conv5 24 2590 7963
conv5 25 4919 7965
conv5 26 13668 3513
conv5 27 6902 4738
conv5 28 11248 455
conv5 29 473 31546
conv5 30 5443 7463
conv5 31 316 4088
conv5 32 6114 5238
conv5 33 1768 3573
conv5 34 7937 5892
conv5 35 3994 5303
conv5 36 3308 7432
conv5 37 2127 5727
conv5 38 4314 5064
conv5 39 3439 5526
conv5 40 2441 24366
conv5 41 3583 4466
conv5 42 2989 7584
conv5 43 2073 24961
conv5 44 2936 4799
conv5 45 9237 2762
conv5 46 23064 4698
conv5 47 4189 5817
conv5 48 623 10333
conv5 49 204 10853
conv5 50 3119 2338
conv5 51 3222 3840
conv5 52 4071 4615
conv5 53 2716 5694
conv5 54 291 12213
conv5 55 6508 5645
conv5 56 2690 4594
conv5 57 6879 4270
conv5 58 5438 4971
conv5 59 20500 5638
conv5 60 9568 1657
conv5 61 2084 6406
conv5 62 4071 6816
conv5 63 2568 4714
conv5 64 249 4392
conv5 65 7190 3309
conv5 66 1215 6401
conv5 67 6122 5903
conv5 68 4527 2706
conv5 69 5760 5128
conv5 70 18272 4758
conv5 71 3680 6686
conv5 72 3110 5072
conv5 73 5381 9558
conv5 74 6969 4942
conv5 75 14615 2961
conv5 76 4357 4756
conv5 77 3638 1312
conv5 78 133 19330
conv5 79 12430 4109
conv5 80 4240 4034
conv5 81 10162 6062
conv5 82 2188 9534
conv5 83 2392 10353
conv5 84 1049 2691
conv5 85 7 9588
conv5 86 5918 3955
conv5 87 12343 5090
conv5 88 6441 7474
conv5 89 27897 3540
conv5 90 9105 1911
conv5 91 324 5540
conv5 92 6933 3936
conv5 93 23175 4507
conv5 94 6394 2015
conv5 95 20198 1108
conv5 96 3272 3921
conv5 97 14147 4639
conv5 98 3233 6841
conv5 99 8693 2018
conv5 100 3236 6891
conv5 101 4476 4468
conv5 102 7812 6062
conv5 103 5165 2379
conv5 104 5115 4998
conv5 105 13068 2440
conv5 106 2039 4846
conv5 107 2285 5274
conv5 108 3877 5222
conv5 109 335 20730
conv5 110 9435 5256
conv5 111 5407 6941
conv5 112 1275 4406
conv5 113 5749 6272
conv5 114 9445 2310
conv5 115 1863 9794
conv5 116 1703 14733
conv5 117 12952 2960
conv5 118 4869 7796
conv5 119 362 9010
conv5 120 4917 3703
conv5 121 674 7899
conv5 122 4711 6522
conv5 123 3013 5679
conv5 124 22498 2044
conv5 125 14130 4285
conv5 126 7368 2909
conv5 127 163 27255
conv5 128 672 4904
conv5 129 1873 5427
conv5 130 2640 5137
conv5 131 6455 2982
conv5 132 2009 2600
conv5 133 2699 5437
conv5 134 5747 4452
conv5 135 11090 3519
conv5 136 6006 5029
conv5 137 189 14698
conv5 138 6011 5411
conv5 139 16734 2940
conv5 140 5510 2883
conv5 141 19356 5727
conv5 142 1862 2321
conv5 143 2695 5632
conv5 144 7601 6301
conv5 145 2865 7287
conv5 146 450 9435
conv5 147 1463 18524
conv5 148 2624 7347
conv5 149 14666 3180
conv5 150 15938 4380
conv5 151 9453 7568
conv5 152 5400 4844
conv5 153 2182 3346
conv5 154 192 3328
conv5 155 5192 7391
conv5 156 8902 4362
conv5 157 1454 10275
conv5 158 1820 2868
conv5 159 279 2831
conv5 160 5418 6467
conv5 161 2235 2664
conv5 162 6622 1540
conv5 163 7412 5372
conv5 164 490 13936
conv5 165 2892 5014
conv5 166 508 15803
conv5 167 3219 5554
conv5 168 1052 3702
conv5 169 5569 5326
conv5 170 2169 3530
conv5 171 6263 6587
conv5 172 5940 4742
conv5 173 5890 4630
conv5 174 24300 2991
conv5 175 2355 4684
conv5 176 3157 2381
conv5 177 1643 25303
conv5 178 1911 10900
conv5 179 471 3766
conv5 180 18881 1897
conv5 181 855 8584
conv5 182 1956 6388
conv5 183 6329 7834
conv5 184 11941 3130
conv5 185 865 1965
conv5 186 4533 2597
conv5 187 3921 3886
conv5 188 5349 4388
conv5 189 13049 3982
conv5 190 4571 6831
conv5 191 7010 4313
conv5 192 2140 5010
conv5 193 2492 1772
conv5 194 1058 6073
conv5 195 6852 863
conv5 196 4702 5858
conv5 197 10111 2296
conv5 198 4502 3792
conv5 199 5467 5072
conv5 200 2227 2996
conv5 201 25335 2355
conv5 202 5435 4654
conv5 203 5005 5180
conv5 204 597 5445
conv5 205 18662 6025
conv5 206 5779 2966
conv5 207 102 8654
conv5 208 4178 4308
conv5 209 4198 3437
conv5 210 7764 6688
conv5 211 0 22977
conv5 212 7034 3798
conv5 213 5672 8192
conv5 214 6674 2222
conv5 215 3096 4129
conv5 216 2095 3599
conv5 217 5137 2811
conv5 218 3676 4590
conv5 219 9941 3185
conv5 220 1812 9430
conv5 221 4635 4681
conv5 222 499 3061
conv5 223 11736 2574
conv5 224 1048 12008
conv5 225 1291 10614
conv5 226 1499 8401
conv5 227 5239 15971
conv5 228 1332 11870
conv5 229 1847 5666
conv5 230 3626 3704
conv5 231 5335 3944
conv5 232 4264 6460
conv5 233 18595 3522
conv5 234 1835 3150
conv5 235 4701 3669
conv5 236 10151 1599
conv5 237 4833 6069
conv5 238 1963 21019
conv5 239 5483 5241
conv5 240 3798 8194
conv5 241 864 1858
conv5 242 3712 7270
conv5 243 4809 6563
conv5 244 1844 11391
conv5 245 1955 6542
conv5 246 5256 6390
conv5 247 857 18813
conv5 248 1292 4674
conv5 249 2748 3551
conv5 250 2838 2506
conv5 251 631 6589
conv5 252 6540 4512
conv5 253 4361 4725
conv5 254 7557 3052
conv5 255 2247 7532
conv6 0 9844 2861
conv6 1 2424 24412
conv6 2 3033 5045
conv6 3 14915 2658
conv6 4 1077 5859
conv6 5 958 6063
conv6 6 6753 5367
conv6 7 2625 1963
conv6 8 3082 5186
conv6 9 3705 3732
conv6 10 26 11792
conv6 11 10647 7636
conv6 12 3122 3868
conv6 13 501 6519
conv6 14 8675 4079
conv6 15 1691 4442
conv6 16 3495 10793
conv6 17 4539 1573
conv6 18 540 32478
conv6 19 18227 5857
conv6 20 6038 3361
conv6 21 495 32854
conv6 22 4580 7955
conv6 23 20410 4520
conv6 24 2154 3148
conv6 25 5447 2201
conv6 26 1864 8889
conv6 27 918 6166
conv6 28 2171 3886
conv6 29 3864 2577
conv6 30 4248 7578
conv6 31 6329 3925
conv6 32 2844 21693
conv6 33 5156 4342
conv6 34 2869 5766
conv6 35 3334 7090
conv6 36 15090 6756
conv6 37 11186 6495
conv6 38 5283 4127
conv6 39 9911 4688
conv6 40 3168 6494
conv6 41 1127 5109
conv6 42 31014 1459
conv6 43 1655 4874
conv6 44 460 5765
conv6 45 1006 3423
conv6 46 1928 6616
conv6 47 17769 8544
conv6 48 4056 3815
conv6 49 4445 5290
conv6 50 45 13164
conv6 51 5135 8409
conv6 52 1729 3004
conv6 53 2928 4172
conv6 54 315 7314
conv6 55 211 22179
conv6 56 235 6862
conv6 57 5285 7017
conv6 58 30022 1538
conv6 59 1533 3644
conv6 60 2369 4969
conv6 61 1158 30269
conv6 62 15221 2906
conv6 63 1035 7645
conv6 64 901 4419
conv6 65 1710 5807
conv6 66 1054 3842
conv6 67 9610 6370
conv6 68 1420 12894
conv6 69 1128 6659
conv6 70 1960 4393
conv6 71 4116 20349
conv6 72 200 12997
conv6 73 7339 5610
conv6 74 839 30493
conv6 75 267 14924
conv6 76 2115 16702
conv6 77 5254 5524
conv6 78 2199 3260
conv6 79 3300 19916
conv6 80 5485 6000
conv6 81 16702 3143
conv6 82 5594 6152
conv6 83 540 3065
conv6 84 5643 3063
conv6 85 3 32575
conv6 86 2199 7224
conv6 87 737 9248
conv6 88 931 4738
conv6 89 1296 10596
conv6 90 13317 5534
conv6 91 11393 4575
conv6 92 1759 18631
conv6 93 453 4588
conv6 94 49 33408
conv6 95 2785 9690
conv6 96 4622 4662
conv6 97 6550 7351
conv6 98 1678 6634
conv6 99 44 33818
conv6 100 4248 1757
conv6 101 2052 2719
conv6 102 18380 5586
conv6 103 5932 4467
conv6 104 25092 2992
conv6 105 673 20417
conv6 106 4108 5435
conv6 107 2567 8582
conv6 108 129 20872
conv6 109 103 8211
conv6 110 4473 8522
conv6 111 3373 3359
conv6 112 863 6116
conv6 113 2634 7728
conv6 114 631 6633
conv6 115 23975 4118
conv6 116 1081 7006
conv6 117 656 4438
conv6 118 5451 9332
conv6 119 229 7318
conv6 120 5372 2132
conv6 121 1607 14969
conv6 122 2810 8920
conv6 123 6055 8420
conv6 124 10570 8396
conv6 125 2218 7695
conv6 126 4287 6924
conv6 127 1678 9070
conv6 128 2292 4024
conv6 129 1789 4102
conv6 130 6738 3050
conv6 131 4778 7697
conv6 132 2795 5430
conv6 133 869 3256
conv6 134 1687 8503
conv6 135 8189 4961
conv6 136 623 14616
conv6 137 2106 13695
conv6 138 2083 24036
conv6 139 2080 3693
conv6 140 4939 4575
conv6 141 1434 4344
conv6 142 3083 7028
conv6 143 11658 4887
conv6 144 2528 7471
conv6 145 2591 5810
conv6 146 201 7365
conv6 147 915 8874
conv6 148 835 8052
conv6 149 3411 9019
conv6 150 13042 2176
conv6 151 4906 6947
conv6 152 22046 2388
conv6 153 825 6742
conv6 154 6026 8102
conv6 155 3616 3852
conv6 156 1126 30551
conv6 157 875 7110
conv6 158 27596 2409
conv6 159 4253 4289
conv6 160 2749 4032
conv6 161 516 6192
conv6 162 1100 29840
conv6 163 949 5782
conv6 164 1382 14744
conv6 165 453 6917
conv6 166 6848 3782
conv6 167 14709 5531
conv6 168 4638 10303
conv6 169 3020 3930
conv6 170 475 7494
conv6 171 4570 8525
conv6 172 980 27846
conv6 173 3734 6057
conv6 174 4985 5662
conv6 175 1465 5448
conv6 176 1026 5378
conv6 177 219 5584
conv6 178 3429 10267
conv6 179 1191 5909
conv6 180 3945 6461
conv6 181 769 4029
conv6 182 3362 5620
conv6 183 1302 2657
conv6 184 1631 7135
conv6 185 1144 8111
conv6 186 441 32495
conv6 187 2315 6574
conv6 188 609 23418
conv6 189 3657 5957
conv6 190 2995 6952
conv6 191 2254 6454
conv6 192 476 12601
conv6 193 318 7103
conv6 194 2070 13575
conv6 195 704 8811
conv6 196 5022 7269
conv6 197 826 11392
conv6 198 5275 8489
conv6 199 12869 7224
conv6 200 1267 6648
conv6 201 366 8465
conv6 202 16752 2052
conv6 203 779 8202
conv6 204 1367 6418
conv6 205 27048 3247
conv6 206 4586 6545
conv6 207 0 8562
conv6 208 9580 4929
conv6 209 214 8382
conv6 210 131 7624
conv6 211 2644 6209
conv6 212 1879 20843
conv6 213 10367 3789
conv6 214 1598 3687
conv6 215 4262 4326
conv6 216 1736 20019
conv6 217 225 5536
conv6 218 1009 3877
conv6 219 735 9484
conv6 220 1079 3763
conv6 221 2117 26124
conv6 222 1884 2567
conv6 223 18977 2104
conv6 224 2835 5665
conv6 225 1237 12098
conv6 226 5684 5639
conv6 227 1064 30068
conv6 228 902 3233
conv6 229 1143 6363
conv6 230 9425 5131
conv6 231 4444 7488
conv6 232 26044 3378
conv6 233 9981 2356
conv6 234 3205 3506
conv6 235 1346 3258
conv6 236 1774 3395
conv6 237 463 17386
conv6 238 2505 3111
conv6 239 3298 5206
conv6 240 7241 12051
conv6 241 19 8325
conv6 242 178 13701
conv6 243 5202 4392
conv6 244 10469 4169
conv6 245 1235 5498
conv6 246 1224 5467
conv6 247 3569 4361
conv6 248 1049 3678
conv6 249 6120 5442
conv6 250 448 21595
conv6 251 171 10851
conv6 252 8045 13879
conv6 253 2765 18655
conv6 254 1450 4374
conv6 255 1281 31006
conv7 0 590 6558
conv7 1 740 30087
conv7 2 60 8721
conv7 3 1075 9379
conv7 4 743 13132
conv7 5 6490 3268
conv7 6 3224 10528
conv7 7 167 33304
conv7 8 440 11450
conv7 9 43 10993
conv7 10 172 6052
conv7 11 558 8259
conv7 12 522 9403
conv7 13 4069 2465
conv7 14 1972 16315
conv7 15 41 33895
conv7 16 402 8537
conv7 17 3283 24360
conv7 18 425 30374
conv7 19 4787 7067
conv7 20 62 10720
conv7 21 1902 5623
conv7 22 564 20700
conv7 23 902 6448
conv7 24 64 10317
conv7 25 1517 7503
conv7 26 344 33151
conv7 27 286 20128
conv7 28 258 14998
conv7 29 5806 10851
conv7 30 265 15339
conv7 31 530 12054
conv7 32 432 10251
conv7 33 503 30311
conv7 34 1056 5952
conv7 35 867 6902
conv7 36 150 5197
conv7 37 29362 2336
conv7 38 372 23041
conv7 39 99 27964
conv7 40 7234 5465
conv7 41 272 28853
conv7 42 302 8645
conv7 43 4511 4444
conv7 44 2692 6504
conv7 45 938 9094
conv7 46 140 6090
conv7 47 0 15480
conv7 48 49 12283
conv7 49 25 8747
conv7 50 49 20767
conv7 51 6827 9942
conv7 52 59 33534
conv7 53 83 29971
conv7 54 76 7438
conv7 55 121 29374
conv7 56 76 6426
conv7 57 1694 3277
conv7 58 335 4578
conv7 59 1708 26393
conv7 60 1 33977
conv7 61 231 12775
conv7 62 43 32825
conv7 63 49 33611
conv7 64 29168 1735
conv7 65 177 31642
conv7 66 826 17862
conv7 67 35 33190
conv7 68 179 17589
conv7 69 560 4743
conv7 70 13 32572
conv7 71 32 9532
conv7 72 88 33687
conv7 73 381 10040
conv7 74 2580 6473
conv7 75 576 8152
conv7 76 230 12840
conv7 77 625 29737
conv7 78 36 31862
conv7 79 151 7610
conv7 80 126 33597
conv7 81 1113 5923
conv7 82 1591 24922
conv7 83 168 28110
conv7 84 25 31676
conv7 85 5526 8921
conv7 86 693 31842
conv7 87 2 15175
conv7 88 646 32684
conv7 89 985 9900
conv7 90 147 28491
conv7 91 1681 7917
conv7 92 335 32883
conv7 93 327 11480
conv7 94 86 7573
conv7 95 873 12213
conv7 96 594 10145
conv7 97 1163 5137
conv7 98 39 33786
conv7 99 112 13552
conv7 100 638 32571
conv7 101 619 31910
conv7 102 773 23079
conv7 103 153 29988
conv7 104 330 6919
conv7 105 2352 8781
conv7 106 38 30065
conv7 107 3183 6147
conv7 108 118 7654
conv7 109 102 32414
conv7 110 203 7645
conv7 111 1623 7642
conv7 112 119 33600
conv7 113 312 8081
conv7 114 81 17082
conv7 115 100 7901
conv7 116 1215 10560
conv7 117 145 5618
conv7 118 1024 8428
conv7 119 1390 8988
conv7 120 4 21054
conv7 121 405 31996
conv7 122 1957 25687
conv7 123 26 20740
conv7 124 849 12998
conv7 125 933 12755
conv7 126 208 7026
conv7 127 876 11027
conv7 128 521 8231
conv7 129 588 7449
conv7 130 738 7299
conv7 131 629 7436
conv7 132 447 29152
conv7 133 304 30602
conv7 134 1450 9683
conv7 135 8278 4374
conv7 136 658 9663
conv7 137 2338 5545
conv7 138 54 27916
conv7 139 223 4223
conv7 140 941 28575
conv7 141 425 8131
conv7 142 165 15994
conv7 143 100 7453
conv7 144 4112 9715
conv7 145 322 32812
conv7 146 1229 10735
conv7 147 230 10484
conv7 148 1130 6121
conv7 149 81 10763
conv7 150 2080 6905
conv7 151 3646 4506
conv7 152 114 11751
conv7 153 744 7869
conv7 154 175 7323
conv7 155 781 28425
conv7 156 3408 7851
conv7 157 75 13990
conv7 158 201 33437
conv7 159 323 10829
conv7 160 324 19224
conv7 161 899 31231
conv7 162 127 9204
conv7 163 128 9850
conv7 164 679 12807
conv7 165 466 7751
conv7 166 121 17993
conv7 167 98 33436
conv7 168 728 11993
conv7 169 1233 4600
conv7 170 126 5936
conv7 171 263 10771
conv7 172 2890 7171
conv7 173 23 31298
conv7 174 703 10199
conv7 175 193 8519
conv7 176 22 33838
conv7 177 74 33609
conv7 178 279 21547
conv7 179 210 3078
conv7 180 64 33449
conv7 181 346 32434
conv7 182 2713 3628
conv7 183 146 17236
conv7 184 173 15517
conv7 185 265 7618
conv7 186 4157 5380
conv7 187 23 14035
conv7 188 792 18864
conv7 189 302 4001
conv7 190 385 30587
conv7 191 1401 10136
conv7 192 263 29560
conv7 193 73 13264
conv7 194 786 7570
conv7 195 199 21650
conv7 196 2105 9121
conv7 197 584 6657
conv7 198 479 7814
conv7 199 8988 8298
conv7 200 135 9675
conv7 201 5 32237
conv7 202 393 31008
conv7 203 46 33465
conv7 204 182 9637
conv7 205 249 14623
conv7 206 152 21196
conv7 207 92 33692
conv7 208 1064 7979
conv7 209 656 8785
conv7 210 121 8855
conv7 211 174 12009
conv7 212 428 16002
conv7 213 174 33533
conv7 214 82 12872
conv7 215 263 9613
conv7 216 635 16367
conv7 217 85 12766
conv7 218 439 9411
conv7 219 6099 5787
conv7 220 1264 8935
conv7 221 705 11964
conv7 222 25 33270
conv7 223 521 14339
conv7 224 372 13984
conv7 225 197 6497
conv7 226 55 29432
conv7 227 15019 2447
conv7 228 57 7664
conv7 229 1122 17107
conv7 230 4436 5058
conv7 231 747 14835
conv7 232 626 30242
conv7 233 2872 7458
conv7 234 317 6930
conv7 235 406 32196
conv7 236 261 7257
conv7 237 2467 6532
conv7 238 983 6780
conv7 239 30420 1656
conv7 240 12 14218
conv7 241 1001 5026
conv7 242 461 29347
conv7 243 140 20137
conv7 244 3783 8572
conv7 245 70 11456
conv7 246 236 10755
conv7 247 30 31388
conv7 248 93 9499
conv7 249 278 12331
conv7 250 365 31624
conv7 251 484 32455
conv7 252 275 29232
conv7 253 376 11499
conv7 254 9 12483
conv7 255 1154 23933
conv8 0 489 663
conv8 1 171 7956
conv8 2 675 8528
conv8 3 4606 2256
conv8 4 812 5012
conv8 5 542 4859
conv8 6 11960 4693
conv8 7 103 8352
conv8 8 978 7449
conv8 9 1845 3115
conv8 10 0 13168
conv8 11 544 2145
conv8 12 268 6866
conv8 13 283 8694
conv8 14 789 7509
conv8 15 696 7304
conv8 16 35 32721
conv8 17 15844 353
conv8 18 870 4518
conv8 19 664 9084
conv8 20 3279 2494
conv8 21 1295 4331
conv8 22 868 8337
conv8 23 642 1555
conv8 24 3377 4608
conv8 25 4668 6793
conv8 26 3277 8069
conv8 27 2038 3807
conv8 28 3306 5329
conv8 29 1006 31002
conv8 30 2884 4185
conv8 31 1122 2532
conv8 32 392 6885
conv8 33 105 5459
conv8 34 36 33848
conv8 35 9 12399
conv8 36 1191 2837
conv8 37 448 1430
conv8 38 3210 2810
conv8 39 2117 7783
conv8 40 4 13195
conv8 41 818 3811
conv8 42 2018 7090
conv8 43 1099 3340
conv8 44 3647 4418
conv8 45 21 8428
conv8 46 693 1871
conv8 47 1826 5660
conv8 48 447 8764
conv8 49 27070 3040
conv8 50 444 4586
conv8 51 516 4347
conv8 52 2457 8390
conv8 53 1198 5819
conv8 54 1857 5285
conv8 55 234 4269
conv8 56 3107 1842
conv8 57 4144 8029
conv8 58 316 6350
conv8 59 2 13204
conv8 60 562 1812
conv8 61 4762 3233
conv8 62 5663 2164
conv8 63 81 8171
conv8 64 1028 5851
conv8 65 220 7337
conv8 66 1612 9521
conv8 67 1701 5614
conv8 68 1595 3752
conv8 69 61 17839
conv8 70 651 7362
conv8 71 1604 5376
conv8 72 1161 3305
conv8 73 3693 1636
conv8 74 784 7570
conv8 75 1047 5393
conv8 76 418 4385
conv8 77 97 5475
conv8 78 559 12077
conv8 79 2367 27528
conv8 80 804 7692
conv8 81 5 14750
conv8 82 7914 5519
conv8 83 123 3815
conv8 84 3040 3215
conv8 85 1773 5418
conv8 86 333 14577
conv8 87 806 15081
conv8 88 2230 3131
conv8 89 2001 4156
conv8 90 89 5588
conv8 91 77 14964
conv8 92 244 2658
conv8 93 6592 3898
conv8 94 95 19400
conv8 95 2512 4570
conv8 96 163 3525
conv8 97 1693 4709
conv8 98 638 9338
conv8 99 0 19800
conv8 100 306 12628
conv8 101 3021 2578
conv8 102 29081 1239
conv8 103 999 13286
conv8 104 512 11853
conv8 105 11479 261
conv8 106 105 10846
conv8 107 1490 4422
conv8 108 806 4285
conv8 109 91 7723
conv8 110 828 8268
conv8 111 4699 4186
conv8 112 1139 7890
conv8 113 6859 7260
conv8 114 5875 7711
conv8 115 1105 5157
conv8 116 3247 3106
conv8 117 111 14086
conv8 118 1491 12894
conv8 119 1282 5401
conv8 120 3273 986
conv8 121 5287 3592
conv8 122 1008 2018
conv8 123 632 1345
conv8 124 1 20228
conv8 125 652 672
conv8 126 187 3717
conv8 127 0 12737
conv8 128 355 11823
conv8 129 445 5500
conv8 130 293 6090
conv8 131 363 14501
conv8 132 2353 6729
conv8 133 46 13231
conv8 134 2223 5733
conv8 135 5316 1237
conv8 136 6948 150
conv8 137 2876 6619
conv8 138 218 4654
conv8 139 8759 1177
conv8 140 1024 3990
conv8 141 226 7609
conv8 142 266 30242
conv8 143 511 4424
conv8 144 967 6330
conv8 145 2326 10357
conv8 146 910 5279
conv8 147 83 11860
conv8 148 1631 5294
conv8 149 692 7333
conv8 150 553 9510
conv8 151 26181 1666
conv8 152 703 13212
conv8 153 302 9681
conv8 154 1735 10077
conv8 155 1496 4672
conv8 156 2661 7808
conv8 157 2150 7784
conv8 158 2440 7951
conv8 159 180 9990
conv8 160 192 5021
conv8 161 6065 2081
conv8 162 698 2866
conv8 163 728 4996
conv8 164 2355 2369
conv8 165 361 7212
conv8 166 325 6387
conv8 167 2285 2059
conv8 168 1770 3683
conv8 169 2458 5484
conv8 170 1028 23904
conv8 171 1640 7681
conv8 172 2705 1763
conv8 173 26968 1784
conv8 174 161 9221
conv8 175 12059 1780
conv8 176 5823 2043
conv8 177 14035 1857
conv8 178 29 19737
conv8 179 2101 2401
conv8 180 7849 3270
conv8 181 459 3148
conv8 182 26 16273
conv8 183 907 2774
conv8 184 2836 6459
conv8 185 145 8142
conv8 186 125 12629
conv8 187 867 9015
conv8 188 4219 5974
conv8 189 1355 5561
conv8 190 277 15791
conv8 191 4 11050
conv8 192 6530 2449
conv8 193 1103 12102
conv8 194 1462 4461
conv8 195 458 6874
conv8 196 29741 1302
conv8 197 1242 3454
conv8 198 784 7518
conv8 199 1706 3297
conv8 200 31820 561
conv8 201 419 32658
conv8 202 798 10787
conv8 203 937 4539
conv8 204 4790 2364
conv8 205 17 11189
conv8 206 19 11025
conv8 207 2523 4005
conv8 208 201 10587
conv8 209 2479 4507
conv8 210 1055 4988
conv8 211 18 9948
conv8 212 25004 1784
conv8 213 7550 4291
conv8 214 8204 1539
conv8 215 5 12620
conv8 216 11795 4356
conv8 217 4048 9777
conv8 218 673 12754
conv8 219 5 12707
conv8 220 69 8743
conv8 221 1186 4490
conv8 222 6 8986
conv8 223 997 16506
conv8 224 1413 6222
conv8 225 426 13436
conv8 226 493 4482
conv8 227 1892 3476
conv8 228 439 8868
conv8 229 5218 3897
conv8 230 6132 6114
conv8 231 2396 4056
conv8 232 199 6793
conv8 233 7 33670
conv8 234 124 15416
conv8 235 624 27006
conv8 236 2456 1891
conv8 237 26946 2705
conv8 238 490 32711
conv8 239 1213 3967
conv8 240 2811 4492
conv8 241 3006 2005
conv8 242 1443 10157
conv8 243 1344 10398
conv8 244 1975 3602
conv8 245 2545 4648
conv8 246 13 18516
conv8 247 604 5168
conv8 248 469 21535
conv8 249 915 3264
conv8 250 99 33642
conv8 251 504 5632
conv8 252 753 9824
conv8 253 1234 4617
conv8 254 373 4231
conv8 255 9503 677
conv8 256 827 12443
conv8 257 7332 3644
conv8 258 1852 6985
conv8 259 365 5816
conv8 260 34 14154
conv8 261 812 1251
conv8 262 614 24153
conv8 263 13 12432
conv8 264 827 5555
conv8 265 502 3684
conv8 266 6424 3510
conv8 267 6478 5434
conv8 268 99 8284
conv8 269 1941 5970
conv8 270 2426 4142
conv8 271 2640 2763
conv8 272 1407 29130
conv8 273 1471 4743
conv8 274 575 3379
conv8 275 3106 5837
conv8 276 20 19759
conv8 277 621 11904
conv8 278 1594 3006
conv8 279 510 2383
conv8 280 121 13169
conv8 281 167 15702
conv8 282 410 2817
conv8 283 3414 2591
conv8 284 1767 4687
conv8 285 169 19007
conv8 286 271 14442
conv8 287 176 8250
conv8 288 12386 1904
conv8 289 2038 2587
conv8 290 18901 5318
conv8 291 1165 5811
conv8 292 374 9693
conv8 293 8255 7391
conv8 294 849 9553
conv8 295 3430 13195
conv8 296 72 32832
conv8 297 1322 6653
conv8 298 27 13766
conv8 299 20 10582
conv8 300 578 2431
conv8 301 506 4307
conv8 302 1418 7293
conv8 303 523 8766
conv8 304 1039 7965
conv8 305 4 12396
conv8 306 116 10427
conv8 307 7945 3680
conv8 308 3205 2837
conv8 309 220 8857
conv8 310 1377 6721
conv8 311 6042 2452
conv8 312 1024 4825
conv8 313 1842 3582
conv8 314 7540 3408
conv8 315 1114 8904
conv8 316 2256 4132
conv8 317 2278 5144
conv8 318 580 2690
conv8 319 16888 7799
conv8 320 16 8800
conv8 321 1416 9576
conv8 322 443 3076
conv8 323 163 8949
conv8 324 994 6237
conv8 325 4686 3512
conv8 326 82 18507
conv8 327 2000 5434
conv8 328 326 10548
conv8 329 1014 9280
conv8 330 59 17037
conv8 331 585 3668
conv8 332 1 14532
conv8 333 1489 5646
conv8 334 905 4605
conv8 335 31860 792
conv8 336 489 10665
conv8 337 47 8532
conv8 338 7685 1173
conv8 339 270 1233
conv8 340 1022 3011
conv8 341 408 2460
conv8 342 59 33470
conv8 343 1069 17621
conv8 344 360 8087
conv8 345 14508 849
conv8 346 2959 1239
conv8 347 2681 2837
conv8 348 4196 3349
conv8 349 741 14529
conv8 350 1877 9092
conv8 351 820 9525
conv8 352 632 2538
conv8 353 613 8601
conv8 354 2263 1139
conv8 355 598 7305
conv8 356 761 15123
conv8 357 3062 4866
conv8 358 8827 3683
conv8 359 518 7048
conv8 360 6828 2840
conv8 361 4029 6033
conv8 362 1932 5890
conv8 363 150 13519
conv8 364 345 10565
conv8 365 14461 2918
conv8 366 222 8386
conv8 367 7 10519
conv8 368 335 3914
conv8 369 6805 5234
conv8 370 148 7182
conv8 371 1089 9334
conv8 372 1042 6479
conv8 373 283 3404
conv8 374 917 8398
conv8 375 7199 2199
conv8 376 43 28075
conv8 377 6327 4703
conv8 378 560 8464
conv8 379 1057 4725
conv8 380 1238 8407
conv8 381 833 6537
conv8 382 261 8258
conv8 383 12922 4073
conv8 384 7097 231
conv8 385 7046 4712
conv8 386 4204 1350
conv8 387 275 4255
conv8 388 761 4148
conv8 389 5165 5183
conv8 390 329 10917
conv8 391 521 7666
conv8 392 1564 6728
conv8 393 285 3690
conv8 394 423 14120
conv8 395 1509 3871
conv8 396 277 7575
conv8 397 1177 4489
conv8 398 21996 554
conv8 399 6532 1259
conv8 400 1678 8755
conv8 401 3613 4834
conv8 402 220 7381
conv8 403 0 10814
conv8 404 1200 2000
conv8 405 8016 1289
conv8 406 1135 3947
conv8 407 0 15371
conv8 408 384 32887
conv8 409 170 1556
conv8 410 1460 6721
conv8 411 1040 16387
conv8 412 1549 2267
conv8 413 11 13620
conv8 414 256 27734
conv8 415 515 13173
conv8 416 4569 3958
conv8 417 4652 1704
conv8 418 14997 1072
conv8 419 77 12801
conv8 420 5657 3702
conv8 421 12 9925
conv8 422 0 10889
conv8 423 1097 3684
conv8 424 2741 3839
conv8 425 373 11035
conv8 426 1 13440
conv8 427 109 9153
conv8 428 32 28788
conv8 429 12932 2078
conv8 430 995 3015
conv8 431 1314 2609
conv8 432 4342 1528
conv8 433 711 13933
conv8 434 959 3432
conv8 435 6360 2707
conv8 436 215 7433
conv8 437 1998 6077
conv8 438 152 18682
conv8 439 4442 8016
conv8 440 686 10277
conv8 441 115 8414
conv8 442 2792 7779
conv8 443 9 13698
conv8 444 1988 3314
conv8 445 1290 10471
conv8 446 0 17412
conv8 447 431 5306
conv8 448 2839 3345
conv8 449 24599 3275
conv8 450 2 10520
conv8 451 53 9102
conv8 452 1922 2561
conv8 453 1135 7791
conv8 454 20941 4609
conv8 455 3524 5272
conv8 456 721 11691
conv8 457 467 6319
conv8 458 1146 5330
conv8 459 9658 3078
conv8 460 103 18281
conv8 461 0 20443
conv8 462 1210 15892
conv8 463 1259 5427
conv8 464 594 11583
conv8 465 621 11485
conv8 466 303 6848
conv8 467 4382 2153
conv8 468 42 13291
conv8 469 26412 2452
conv8 470 882 3779
conv8 471 1641 2659
conv8 472 120 6689
conv8 473 694 4828
conv8 474 426 16649
conv8 475 568 4854
conv8 476 124 19748
conv8 477 261 7700
conv8 478 1844 4381
conv8 479 15 12310
conv8 480 517 8123
conv8 481 540 19189
conv8 482 444 6318
conv8 483 1536 4245
conv8 484 103 11776
conv8 485 10783 2261
conv8 486 1198 7202
conv8 487 3812 3295
conv8 488 28592 2621
conv8 489 144 13645
conv8 490 10971 3167
conv8 491 1 8818
conv8 492 922 2835
conv8 493 542 3127
conv8 494 296 21999
conv8 495 2803 5327
conv8 496 523 9108
conv8 497 2017 3881
conv8 498 243 4788
conv8 499 13669 5255
conv8 500 579 13537
conv8 501 883 4834
conv8 502 4560 2568
conv8 503 212 4849
conv8 504 134 6022
conv8 505 236 12729
conv8 506 162 18518
conv8 507 4349 9377
conv8 508 70 16321
conv8 509 311 8418
conv8 510 490 8188
conv8 511 2392 4961
conv9 0 144 7619
conv9 1 80 13301
conv9 2 439 9697
conv9 3 537 8405
conv9 4 1276 14963
conv9 5 3010 6299
conv9 6 697 32097
conv9 7 694 31933
conv9 8 397 11361
conv9 9 6165 2971
conv9 10 1071 6756
conv9 11 382 31494
conv9 12 626 32342
conv9 13 646 11948
conv9 14 194 11741
conv9 15 284 8514
conv9 16 700 4880
conv9 17 2942 6441
conv9 18 0 33805
conv9 19 432 7624
conv9 20 115 9076
conv9 21 755 31428
conv9 22 586 31831
conv9 23 3830 1395
conv9 24 9891 2679
conv9 25 34 23088
conv9 26 350 29919
conv9 27 21 33720
conv9 28 1 33979
conv9 29 3947 24419
conv9 30 1263 2241
conv9 31 325 11557
conv9 32 77 9954
conv9 33 561 4912
conv9 34 1134 15000
conv9 35 12 16536
conv9 36 310 4129
conv9 37 1644 22623
conv9 38 570 6360
conv9 39 583 8873
conv9 40 285 13880
conv9 41 161 12788
conv9 42 3366 2951
conv9 43 1 33966
conv9 44 268 31736
conv9 45 1225 9175
conv9 46 832 29237
conv9 47 1521 3062
conv9 48 10 33950
conv9 49 2675 8200
conv9 50 264 10523
conv9 51 194 31202
conv9 52 873 3931
conv9 53 670 8833
conv9 54 49 20136
conv9 55 9116 6283
conv9 56 0 11336
conv9 57 1 10061
conv9 58 1445 2474
conv9 59 378 11212
conv9 60 235 32329
conv9 61 102 12762
conv9 62 100 33165
conv9 63 2543 9505
conv9 64 42 9437
conv9 65 197 33195
conv9 66 901 12861
conv9 67 1142 14648
conv9 68 17481 5490
conv9 69 16 10375
conv9 70 29 32016
conv9 71 2951 5055
conv9 72 297 16683
conv9 73 3960 2613
conv9 74 1724 3629
conv9 75 33 10110
conv9 76 13744 4295
conv9 77 341 15870
conv9 78 1514 3907
conv9 79 1205 5478
conv9 80 8 13828
conv9 81 20689 1798
conv9 82 2218 27523
conv9 83 173 13422
conv9 84 26739 3061
conv9 85 70 33800
conv9 86 2297 4492
conv9 87 3 12628
conv9 88 462 9812
conv9 89 7 33950
conv9 90 544 6367
conv9 91 293 33105
conv9 92 940 9736
conv9 93 323 14100
conv9 94 2956 4972
conv9 95 238 6479
conv9 96 310 7785
conv9 97 567 10009
conv9 98 556 9828
conv9 99 1 15343
conv9 100 2413 5932
conv9 101 343 18050
conv9 102 7975 5310
conv9 103 43 16812
conv9 104 3573 18731
conv9 105 20043 2348
conv9 106 970 4610
conv9 107 43 32781
conv9 108 7341 9881
conv9 109 10 33424
conv9 110 771 12177
conv9 111 154 33484
conv9 112 0 22812
conv9 113 1322 11476
conv9 114 8 15132
conv9 115 3674 2477
conv9 116 12 33516
conv9 117 14111 4883
conv9 118 315 15995
conv9 119 1863 4998
conv9 120 3 12854
conv9 121 145 15311
conv9 122 253 5808
conv9 123 2744 4147
conv9 124 1577 1773
conv9 125 3047 2396
conv9 126 3 11825
conv9 127 74 15911
conv9 128 1590 17201
conv9 129 139 4871
conv9 130 284 8717
conv9 131 10154 2597
conv9 132 355 10011
conv9 133 150 14577
conv9 134 22 12661
conv9 135 8502 2086
conv9 136 2365 5375
conv9 137 52 33795
conv9 138 12067 2279
conv9 139 10718 5146
conv9 140 296 11946
conv9 141 6171 2270
conv9 142 4929 6618
conv9 143 104 9412
conv9 144 4253 6541
conv9 145 13 25492
conv9 146 798 6528
conv9 147 396 12876
conv9 148 1909 4750
conv9 149 936 18175
conv9 150 42 12807
conv9 151 73 10851
conv9 152 1834 5679
conv9 153 39 9065
conv9 154 75 17859
conv9 155 682 26557
conv9 156 19 18065
conv9 157 28 6272
conv9 158 1808 11620
conv9 159 1428 8005
conv9 160 163 10004
conv9 161 0 13216
conv9 162 189 11574
conv9 163 669 32239
conv9 164 195 5965
conv9 165 233 13208
conv9 166 29131 1957
conv9 167 2414 24945
conv9 168 20 15177
conv9 169 387 6699
conv9 170 83 12647
conv9 171 86 24787
conv9 172 44 19654
conv9 173 3 26131
conv9 174 6 9940
conv9 175 1445 5243
conv9 176 0 14683
conv9 177 12393 5298
conv9 178 2345 4812
conv9 179 108 7925
conv9 180 495 5607
conv9 181 21 33841
conv9 182 116 17496
conv9 183 424 13102
conv9 184 7634 1512
conv9 185 657 7954
conv9 186 203 8318
conv9 187 1527 4637
conv9 188 4 9461
conv9 189 8171 5162
conv9 190 500 6375
conv9 191 11 19068
conv9 192 180 19769
conv9 193 192 20046
conv9 194 2 24679
conv9 195 1414 8399
conv9 196 370 30045
conv9 197 1020 5284
conv9 198 10 8204
conv9 199 690 5577
conv9 200 665 8511
conv9 201 618 7244
conv9 202 28 33880
conv9 203 4881 6412
conv9 204 671 3885
conv9 205 497 3637
conv9 206 526 11167
conv9 207 1425 3288
conv9 208 4773 11787
conv9 209 23 9007
conv9 210 263 7532
conv9 211 0 29583
conv9 212 20 33937
conv9 213 0 33934
conv9 214 1613 6115
conv9 215 821 20547
conv9 216 1470 26029
conv9 217 14 13646
conv9 218 20550 6956
conv9 219 450 8837
conv9 220 1535 2508
conv9 221 658 5423
conv9 222 3446 919
conv9 223 95 13788
conv9 224 541 18549
conv9 225 455 6521
conv9 226 29 8611
conv9 227 2847 16465
conv9 228 5301 3567
conv9 229 900 4880
conv9 230 69 15730
conv9 231 65 9373
conv9 232 241 6075
conv9 233 140 17954
conv9 234 63 19527
conv9 235 1880 7737
conv9 236 202 18145
conv9 237 437 19660
conv9 238 1381 4956
conv9 239 323 9944
conv9 240 22113 4947
conv9 241 14176 6126
conv9 242 486 5460
conv9 243 1235 13410
conv9 244 8870 4248
conv9 245 63 8577
conv9 246 25 33849
conv9 247 186 10801
conv9 248 49 14942
conv9 249 551 8848
conv9 250 84 28518
conv9 251 365 10227
conv9 252 607 10875
conv9 253 41 33908
conv9 254 252 15170
conv9 255 33 33534
conv9 256 0 14989
conv9 257 39 17168
conv9 258 3349 2891
conv9 259 3 33659
conv9 260 920 14222
conv9 261 272 9052
conv9 262 171 13028
conv9 263 2320 4503
conv9 264 57 9712
conv9 265 654 32594
conv9 266 387 3083
conv9 267 57 23374
conv9 268 2507 3673
conv9 269 303 14050
conv9 270 2364 4482
conv9 271 22 20325
conv9 272 362 8806
conv9 273 4591 7616
conv9 274 2762 9059
conv9 275 123 31301
conv9 276 330 5758
conv9 277 132 8726
conv9 278 32 11641
conv9 279 3762 2389
conv9 280 2117 4006
conv9 281 3332 5983
conv9 282 513 22923
conv9 283 63 29681
conv9 284 1 11985
conv9 285 23 16380
conv9 286 115 25218
conv9 287 328 10501
conv9 288 2239 2944
conv9 289 381 22993
conv9 290 459 12895
conv9 291 2427 7753
conv9 292 635 5624
conv9 293 1892 8210
conv9 294 7061 5893
conv9 295 453 29514
conv9 296 626 8481
conv9 297 9 13578
conv9 298 881 10607
conv9 299 90 7300
conv9 300 10175 3407
conv9 301 981 5408
conv9 302 457 8157
conv9 303 3874 2899
conv9 304 13 33768
conv9 305 213 3389
conv9 306 65 12477
conv9 307 4482 1226
conv9 308 1096 6103
conv9 309 1053 10334
conv9 310 19536 6416
conv9 311 211 7658
conv9 312 32 9960
conv9 313 91 8931
conv9 314 2134 2414
conv9 315 42 33688
conv9 316 1043 31252
conv9 317 486 3361
conv9 318 36 10177
conv9 319 1166 7919
conv9 320 303 4987
conv9 321 6489 5480
conv9 322 177 15656
conv9 323 195 10937
conv9 324 3447 3055
conv9 325 40 18070
conv9 326 325 30537
conv9 327 13 27532
conv9 328 72 16604
conv9 329 3701 1696
conv9 330 129 7371
conv9 331 502 7903
conv9 332 660 6967
conv9 333 1550 13697
conv9 334 132 10073
conv9 335 4 20045
conv9 336 2334 3338
conv9 337 352 7780
conv9 338 313 3673
conv9 339 60 31637
conv9 340 3994 7133
conv9 341 162 12351
conv9 342 2711 6140
conv9 343 3 31296
conv9 344 1291 4857
conv9 345 20 33085
conv9 346 23978 2479
conv9 347 298 7330
conv9 348 1621 28395
conv9 349 93 29453
conv9 350 37 13726
conv9 351 3308 3633
conv9 352 33 16437
conv9 353 35 14837
conv9 354 24432 3835
conv9 355 2381 2955
conv9 356 54 33727
conv9 357 5 9043
conv9 358 88 14972
conv9 359 498 9049
conv9 360 1154 23361
conv9 361 252 13114
conv9 362 2771 1100
conv9 363 2715 27923
conv9 364 295 22386
conv9 365 3465 4881
conv9 366 447 6150
conv9 367 897 3109
conv9 368 1435 29869
conv9 369 32 15481
conv9 370 2712 15556
conv9 371 94 10352
conv9 372 53 5713
conv9 373 0 17963
conv9 374 5214 2681
conv9 375 412 8380
conv9 376 484 32194
conv9 377 660 13197
conv9 378 7 33904
conv9 379 303 33117
conv9 380 17 17657
conv9 381 1092 4385
conv9 382 572 6602
conv9 383 1560 4395
conv9 384 2742 6800
conv9 385 96 33475
conv9 386 65 22542
conv9 387 3430 3265
conv9 388 46 10567
conv9 389 610 5233
conv9 390 2051 27072
conv9 391 2077 5203
conv9 392 408 20437
conv9 393 0 9637
conv9 394 19 9069
conv9 395 384 10169
conv9 396 67 11669
conv9 397 5804 6533
conv9 398 2286 5680
conv9 399 17 33824
conv9 400 1428 4069
conv9 401 188 4756
conv9 402 471 8803
conv9 403 3 28075
conv9 404 583 6554
conv9 405 348 11284
conv9 406 7903 3825
conv9 407 118 22026
conv9 408 399 9311
conv9 409 540 6767
conv9 410 531 13580
conv9 411 233 8739
conv9 412 2478 5880
conv9 413 893 13686
conv9 414 57 33206
conv9 415 1568 4227
conv9 416 3798 2579
conv9 417 7 33950
conv9 418 427 10433
conv9 419 3177 4965
conv9 420 610 8256
conv9 421 2989 3687
conv9 422 310 20524
conv9 423 2591 3035
conv9 424 1 12009
conv9 425 827 32005
conv9 426 239 5310
conv9 427 90 9175
conv9 428 340 28793
conv9 429 160 14233
conv9 430 101 31041
conv9 431 1 20585
conv9 432 1108 11245
conv9 433 17620 6691
conv9 434 379 13141
conv9 435 54 30504
conv9 436 227 9977
conv9 437 385 9491
conv9 438 560 29978
conv9 439 69 8503
conv9 440 1154 5701
conv9 441 104 33727
conv9 442 7790 3972
conv9 443 161 17589
conv9 444 110 13759
conv9 445 37 31629
conv9 446 613 4589
conv9 447 65 6818
conv9 448 7862 2235
conv9 449 25 13943
conv9 450 6653 5485
conv9 451 281 5832
conv9 452 124 11983
conv9 453 247 8607
conv9 454 873 8179
conv9 455 0 33984
conv9 456 1554 3934
conv9 457 91 10018
conv9 458 8294 5914
conv9 459 48 10504
conv9 460 0 16078
conv9 461 1064 11479
conv9 462 660 6243
conv9 463 219 8699
conv9 464 2206 5060
conv9 465 441 3252
conv9 466 31591 1064
conv9 467 6945 6824
conv9 468 8600 4431
conv9 469 910 8849
conv9 470 411 32981
conv9 471 5372 3565
conv9 472 1137 11200
conv9 473 91 27324
conv9 474 14 12432
conv9 475 1598 5021
conv9 476 483 31343
conv9 477 21080 5123
conv9 478 24321 4349
conv9 479 83 33378
conv9 480 4733 6212
conv9 481 230 7710
conv9 482 114 25782
conv9 483 1303 3830
conv9 484 598 7117
conv9 485 708 15091
conv9 486 822 11484
conv9 487 19458 913
conv9 488 274 20750
conv9 489 2826 4732
conv9 490 213 9684
conv9 491 903 2638
conv9 492 339 6591
conv9 493 70 32888
conv9 494 21 15332
conv9 495 99 4032
conv9 496 520 31850
conv9 497 60 4660
conv9 498 439 4652
conv9 499 344 30921
conv9 500 29 7952
conv9 501 16631 6922
conv9 502 121 14478
conv9 503 4393 3345
conv9 504 20977 2866
conv9 505 2059 2511
conv9 506 89 10861
conv9 507 12 9646
conv9 508 25464 2663
conv9 509 1981 3406
conv9 510 307 13260
conv9 511 251 33258
conv10 0 0 33927
conv10 1 20 33832
conv10 2 108 33403
conv10 3 106 13681
conv10 4 6 32757
conv10 5 444 6959
conv10 6 133 16036
conv10 7 30 31858
conv10 8 0 33622
conv10 9 97 33752
conv10 10 25 29005
conv10 11 51 33844
conv10 12 76 33694
conv10 13 216 33106
conv10 14 102 17677
conv10 15 0 23172
conv10 16 20 33886
conv10 17 2088 12607
conv10 18 1122 6669
conv10 19 25 33279
conv10 20 1222 15036
conv10 21 58 8533
conv10 22 13 12107
conv10 23 88 33409
conv10 24 0 33584
conv10 25 235 31297
conv10 26 110 13966
conv10 27 124 33372
conv10 28 2 33047
conv10 29 100 31930
conv10 30 73 16427
conv10 31 28 31841
conv10 32 413 9075
conv10 33 29 13554
conv10 34 430 13340
conv10 35 179 33472
conv10 36 3579 3230
conv10 37 4185 4615
conv10 38 126 33297
conv10 39 14 33774
conv10 40 346 29668
conv10 41 847 28329
conv10 42 7 33860
conv10 43 38 33871
conv10 44 630 32675
conv10 45 713 31733
conv10 46 30 33671
conv10 47 2 33966
conv10 48 45 33674
conv10 49 101 24664
conv10 50 138 33463
conv10 51 991 31526
conv10 52 496 24896
conv10 53 47 28199
conv10 54 6 33909
conv10 55 158 33149
conv10 56 55 33817
conv10 57 58 9285
conv10 58 949 25043
conv10 59 92 18672
conv10 60 35 15297
conv10 61 414 32286
conv10 62 396 31273
conv10 63 97 29075
conv10 64 0 33547
conv10 65 736 20368
conv10 66 225 33415
conv10 67 550 8615
conv10 68 0 33851
conv10 69 185 31166
conv10 70 3 28182
conv10 71 54 33898
conv10 72 10 33933
conv10 73 867 21216
conv10 74 5 33934
conv10 75 950 30012
conv10 76 0 14037
conv10 77 40 33351
conv10 78 0 11512
conv10 79 29 22205
conv10 80 319 26843
conv10 81 25381 2843
conv10 82 45 33818
conv10 83 290 12273
conv10 84 423 30630
conv10 85 707 30608
conv10 86 401 31835
conv10 87 137 6986
conv10 88 460 10181
conv10 89 0 15889
conv10 90 110 33587
conv10 91 63 18895
conv10 92 18 33935
conv10 93 1133 26235
conv10 94 1469 26922
conv10 95 23 11586
conv10 96 4 18967
conv10 97 278 6723
conv10 98 307 24233
conv10 99 13 31195
conv10 100 58 22842
conv10 101 62 33323
conv10 102 26 27648
conv10 103 57 25597
conv10 104 1410 9017
conv10 105 89 32825
conv10 106 380 28363
conv10 107 0 32154
conv10 108 2823 7461
conv10 109 194 12136
conv10 110 344 29593
conv10 111 8960 5875
conv10 112 58 33532
conv10 113 15 33186
conv10 114 92 30981
conv10 115 487 31304
conv10 116 848 31332
conv10 117 418 32945
conv10 118 845 30268
conv10 119 354 32287
conv10 120 843 32061
conv10 121 64 32678
conv10 122 24 33651
conv10 123 185 33281
conv10 124 1051 29724
conv10 125 118 33241
conv10 126 85 33525
conv10 127 0 33787
conv10 128 137 18457
conv10 129 70 33562
conv10 130 168 13003
conv10 131 4 18552
conv10 132 25 14423
conv10 133 80 32750
conv10 134 42 33693
conv10 135 541 32723
conv10 136 333 32979
conv10 137 25 33866
conv10 138 82 33477
conv10 139 387 31167
conv10 140 355 8624
conv10 141 17 31274
conv10 142 186 30163
conv10 143 29 33678
conv10 144 406 6807
conv10 145 32 33801
conv10 146 66 33453
conv10 147 84 33650
conv10 148 106 8400
conv10 149 625 31330
conv10 150 38 10624
conv10 151 196 32301
conv10 152 14 33302
conv10 153 21 29430
conv10 154 1 33976
conv10 155 855 31880
conv10 156 81 32798
conv10 157 284 32355
conv10 158 121 31483
conv10 159 86 31378
conv10 160 159 33276
conv10 161 116 32246
conv10 162 94 32765
conv10 163 390 32183
conv10 164 251 8565
conv10 165 37 33772
conv10 166 239 32462
conv10 167 24 32859
conv10 168 214 30503
conv10 169 0 16097
conv10 170 31 29975
conv10 171 17 26645
conv10 172 97 33406
conv10 173 319 32472
conv10 174 119 33597
conv10 175 68 33268
conv10 176 3 33853
conv10 177 403 30942
conv10 178 127 14471
conv10 179 3771 6137
conv10 180 0 29392
conv10 181 466 31132
conv10 182 7 33497
conv10 183 2 17949
conv10 184 22 15371
conv10 185 217 8195
conv10 186 111 28284
conv10 187 4 33219
conv10 188 6718 3790
conv10 189 1530 15326
conv10 190 890 24852
conv10 191 68 13048
conv10 192 4 33835
conv10 193 147 33429
conv10 194 228 29182
conv10 195 4848 8072
conv10 196 63 32671
conv10 197 81 33616
conv10 198 18 33835
conv10 199 0 24221
conv10 200 101 32468
conv10 201 46 32056
conv10 202 76 29626
conv10 203 0 33979
conv10 204 93 33742
conv10 205 466 15122
conv10 206 1102 31127
conv10 207 23 31050
conv10 208 305 25717
conv10 209 792 30834
conv10 210 184 11790
conv10 211 0 22706
conv10 212 1342 5601
conv10 213 2273 9488
conv10 214 2180 8449
conv10 215 68 32699
conv10 216 66 9482
conv10 217 1009 8300
conv10 218 160 15054
conv10 219 105 33298
conv10 220 373 8619
conv10 221 77 26354
conv10 222 82 33706
conv10 223 229 14406
conv10 224 7 27048
conv10 225 14 23925
conv10 226 107 33414
conv10 227 113 33291
conv10 228 63 12548
conv10 229 129 33309
conv10 230 199 33393
conv10 231 0 17843
conv10 232 1523 30965
conv10 233 3 9365
conv10 234 241 33375
conv10 235 374 24362
conv10 236 416 29253
conv10 237 411 32994
conv10 238 323 32687
conv10 239 31 7174
conv10 240 1 33514
conv10 241 19 11991
conv10 242 91 5179
conv10 243 7297 6212
conv10 244 3 15435
conv10 245 1 12892
conv10 246 12 14528
conv10 247 6 33957
conv10 248 0 32617
conv10 249 8 33871
conv10 250 277 16169
conv10 251 69 31865
conv10 252 138 18473
conv10 253 692 29380
conv10 254 127 33331
conv10 255 1 12808
conv10 256 43 32872
conv10 257 44 10181
conv10 258 3 33956
conv10 259 663 15730
conv10 260 82 32071
conv10 261 193 12483
conv10 262 182 30401
conv10 263 267 32858
conv10 264 1156 9499
conv10 265 24 33866
conv10 266 407 32827
conv10 267 95 33717
conv10 268 251 32787
conv10 269 395 25562
conv10 270 31 33867
conv10 271 767 31856
conv10 272 24 33097
conv10 273 600 31859
conv10 274 21 10462
conv10 275 50 10352
conv10 276 1377 29659
conv10 277 5698 5366
conv10 278 75 32433
conv10 279 2 33948
conv10 280 98 33520
conv10 281 21 33406
conv10 282 28 33749
conv10 283 370 32282
conv10 284 645 31820
conv10 285 107 15410
conv10 286 90 33277
conv10 287 85 24556
conv10 288 1044 8846
conv10 289 160 14319
conv10 290 152 10460
conv10 291 127 12305
conv10 292 32 11653
conv10 293 117 32042
conv10 294 57 33527
conv10 295 1034 11179
conv10 296 43 33832
conv10 297 332 33106
conv10 298 27 18020
conv10 299 167 6006
conv10 300 2249 4407
conv10 301 74 31455
conv10 302 0 33963
conv10 303 62 33697
conv10 304 125 33439
conv10 305 2740 25745
conv10 306 62 33686
conv10 307 167 32973
conv10 308 420 27024
conv10 309 3 10654
conv10 310 100 32572
conv10 311 196 33385
conv10 312 36 33765
conv10 313 214 32931
conv10 314 48 14186
conv10 315 750 31448
conv10 316 11 20659
conv10 317 682 31786
conv10 318 600 5027
conv10 319 440 20205
conv10 320 0 33912
conv10 321 371 26371
conv10 322 98 33463
conv10 323 154 33027
conv10 324 19 10268
conv10 325 0 18054
conv10 326 1033 31848
conv10 327 243 33378
conv10 328 34 33711
conv10 329 1 26525
conv10 330 698 31011
conv10 331 19 32710
conv10 332 9 33460
conv10 333 36 7737
conv10 334 114 31781
conv10 335 5 33957
conv10 336 2 33896
conv10 337 1961 4711
conv10 338 22 14654
conv10 339 23 33869
conv10 340 74 33684
conv10 341 2 15072
conv10 342 16 15470
conv10 343 179 9061
conv10 344 71 33323
conv10 345 515 5376
conv10 346 459 21899
conv10 347 27 33772
conv10 348 2 19712
conv10 349 437 27664
conv10 350 48 7653
conv10 351 842 10613
conv10 352 12516 8662
conv10 353 241 6068
conv10 354 532 9700
conv10 355 1592 3995
conv10 356 28 32579
conv10 357 603 31290
conv10 358 172 33424
conv10 359 15 33896
conv10 360 20 33897
conv10 361 65 31920
conv10 362 786 9895
conv10 363 18 33529
conv10 364 12 33753
conv10 365 312 12915
conv10 366 228 33237
conv10 367 167 32977
conv10 368 216 33239
conv10 369 1 32948
conv10 370 58 33594
conv10 371 2763 27887
conv10 372 43 13117
conv10 373 381 32045
conv10 374 51 33734
conv10 375 9763 4976
conv10 376 131 32665
conv10 377 71 33440
conv10 378 47 33727
conv10 379 401 32619
conv10 380 254 31981
conv10 381 774 30976
conv10 382 192 12093
conv10 383 0 33685
conv10 384 433 30754
conv10 385 117 32436
conv10 386 3536 5199
conv10 387 1 11729
conv10 388 652 32090
conv10 389 66 33274
conv10 390 552 5310
conv10 391 215 32984
conv10 392 200 33024
conv10 393 416 8825
conv10 394 985 30770
conv10 395 333 32998
conv10 396 34 33138
conv10 397 41 33799
conv10 398 37 33835
conv10 399 25 6664
conv10 400 277 32918
conv10 401 155 33292
conv10 402 544 31059
conv10 403 204 23728
conv10 404 18 30731
conv10 405 17 32849
conv10 406 9 33956
conv10 407 659 31466
conv10 408 30 33469
conv10 409 1 33107
conv10 410 189 33185
conv10 411 3 33957
conv10 412 35 33502
conv10 413 0 16084
conv10 414 5 15134
conv10 415 484 10112
conv10 416 388 32605
conv10 417 353 27059
conv10 418 526 32193
conv10 419 681 11500
conv10 420 333 32923
conv10 421 83 33035
conv10 422 72 20256
conv10 423 39 25802
conv10 424 7 24427
conv10 425 0 33984
conv10 426 239 27515
conv10 427 17 33861
conv10 428 234 33244
conv10 429 5 24603
conv10 430 51 33566
conv10 431 85 33316
conv10 432 144 15938
conv10 433 1 32581
conv10 434 2785 11589
conv10 435 689 31062
conv10 436 146 33017
conv10 437 2370 10158
conv10 438 22 33867
conv10 439 405 8474
conv10 440 840 7867
conv10 441 826 10961
conv10 442 4501 4353
conv10 443 8 33935
conv10 444 1017 31138
conv10 445 74 33193
conv10 446 908 27568
conv10 447 22 32077
conv10 448 0 19030
conv10 449 275 20659
conv10 450 0 33957
conv10 451 10 17122
conv10 452 562 19308
conv10 453 6 33844
conv10 454 7 32272
conv10 455 75 33117
conv10 456 502 32762
conv10 457 72 33391
conv10 458 2053 5077
conv10 459 17 23166
conv10 460 9 13739
conv10 461 8 33541
conv10 462 736 21231
conv10 463 1263 5541
conv10 464 26645 2357
conv10 465 197 29097
conv10 466 642 31919
conv10 467 56 25743
conv10 468 131 33566
conv10 469 319 10580
conv10 470 642 4855
conv10 471 0 33935
conv10 472 2143 3977
conv10 473 16 33898
conv10 474 189 10590
conv10 475 1739 27168
conv10 476 1390 27927
conv10 477 33 33620
conv10 478 126 33496
conv10 479 648 8147
conv10 480 228 32955
conv10 481 215 33084
conv10 482 162 32951
conv10 483 60 33406
conv10 484 247 10065
conv10 485 8 11212
conv10 486 291 31815
conv10 487 1327 31334
conv10 488 212 33283
conv10 489 2771 5429
conv10 490 0 33938
conv10 491 2 13631
conv10 492 41 31390
conv10 493 10 33652
conv10 494 0 12839
conv10 495 439 29640
conv10 496 131 33417
conv10 497 955 4968
conv10 498 887 11311
conv10 499 760 6669
conv10 500 7 16262
conv10 501 5 33933
conv10 502 1601 29716
conv10 503 41 33736
conv10 504 198 32352
conv10 505 8 33937
conv10 506 188 33467
conv10 507 72 31325
conv10 508 0 33916
conv10 509 423 31935
conv10 510 564 28308
conv10 511 240 32786
conv11 0 1591 3088
conv11 1 932 3603
conv11 2 246 5778
conv11 3 122 10314
conv11 4 145 3875
conv11 5 2220 3880
conv11 6 640 3457
conv11 7 3675 2863
conv11 8 645 3169
conv11 9 2382 3378
conv11 10 19918 2595
conv11 11 64 7225
conv11 12 1952 2963
conv11 13 155 8440
conv11 14 5761 4411
conv11 15 1586 3134
conv11 16 503 5490
conv11 17 6832 682
conv11 18 4 8538
conv11 19 300 6996
conv11 20 2301 4329
conv11 21 105 8185
conv11 22 2699 2653
conv11 23 781 4502
conv11 24 231 6842
conv11 25 830 3376
conv11 26 860 4491
conv11 27 305 3516
conv11 28 2006 3664
conv11 29 8 7102
conv11 30 1833 3829
conv11 31 127 7224
conv11 32 904 2753
conv11 33 2435 2622
conv11 34 121 7899
conv11 35 137 8363
conv11 36 233 5213
conv11 37 1127 6105
conv11 38 3731 1338
conv11 39 3144 1900
conv11 40 2502 1625
conv11 41 234 6086
conv11 42 757 3145
conv11 43 862 3495
conv11 44 1219 5187
conv11 45 3241 5852
conv11 46 448 5531
conv11 47 204 6665
conv11 48 4946 818
conv11 49 6 8064
conv11 50 830 4385
conv11 51 662 4260
conv11 52 1086 2540
conv11 53 738 3068
conv11 54 132 5251
conv11 55 359 8466
conv11 56 134 9917
conv11 57 1343 3867
conv11 58 30 11063
conv11 59 1833 3923
conv11 60 1288 3581
conv11 61 3 7837
conv11 62 468 5993
conv11 63 2142 1210
conv11 64 14 9166
conv11 65 2122 1801
conv11 66 864 2554
conv11 67 4 8600
conv11 68 1211 8626
conv11 69 499 7867
conv11 70 315 3978
conv11 71 480 4338
conv11 72 285 4906
conv11 73 76 5439
conv11 74 949 4256
conv11 75 108 7414
conv11 76 657 6029
conv11 77 1836 2894
conv11 78 80 4019
conv11 79 429 3411
conv11 80 52 5446
conv11 81 1863 1959
conv11 82 1639 3574
conv11 83 2333 1908
conv11 84 6699 1445
conv11 85 1089 3039
conv11 86 1231 2235
conv11 87 497 4350
conv11 88 1478 4285
conv11 89 560 4819
conv11 90 387 5157
conv11 91 33 6057
conv11 92 1423 2879
conv11 93 1137 2698
conv11 94 2046 3938
conv11 95 1845 2148
conv11 96 3047 1225
conv11 97 5864 1860
conv11 98 259 10733
conv11 99 775 3146
conv11 100 2000 2545
conv11 101 154 4362
conv11 102 3395 1648
conv11 103 463 6190
conv11 104 111 6387
conv11 105 174 4635
conv11 106 316 5362
conv11 107 14990 3715
conv11 108 3890 1437
conv11 109 449 8073
conv11 110 1594 2379
conv11 111 1286 4086
conv11 112 1778 4079
conv11 113 1031 3991
conv11 114 511 3453
conv11 115 414 5965
conv11 116 930 3328
conv11 117 13404 4057
conv11 118 1090 3605
conv11 119 173 5743
conv11 120 2498 3636
conv11 121 2008 2396
conv11 122 2314 2242
conv11 123 90 5852
conv11 124 201 6608
conv11 125 969 7101
conv11 126 1523 4054
conv11 127 2664 2826
conv11 128 164 6115
conv11 129 3149 991
conv11 130 2721 5641
conv11 131 2165 1817
conv11 132 3786 2933
conv11 133 779 4826
conv11 134 1710 2783
conv11 135 4191 2668
conv11 136 2895 3883
conv11 137 185 5761
conv11 138 2194 1386
conv11 139 1359 4285
conv11 140 1505 1872
conv11 141 685 4208
conv11 142 11 8104
conv11 143 8764 6070
conv11 144 2171 4644
conv11 145 311 4926
conv11 146 2131 2050
conv11 147 545 7264
conv11 148 2201 3635
conv11 149 23868 5271
conv11 150 1905 2304
conv11 151 587 4890
conv11 152 314 5163
conv11 153 3432 2655
conv11 154 347 4456
conv11 155 940 2410
conv11 156 1467 3372
conv11 157 320 4343
conv11 158 1396 2131
conv11 159 317 6616
conv11 160 1321 4157
conv11 161 571 7066
conv11 162 527 4185
conv11 163 486 5116
conv11 164 999 3389
conv11 165 43 6864
conv11 166 1140 6565
conv11 167 150 6311
conv11 168 2680 1710
conv11 169 215 7220
conv11 170 345 5490
conv11 171 2430 1485
conv11 172 4428 977
conv11 173 1625 4281
conv11 174 36 6521
conv11 175 1057 1514
conv11 176 561 7512
conv11 177 1473 4145
conv11 178 221 8456
conv11 179 5482 617
conv11 180 2005 3090
conv11 181 981 4225
conv11 182 1425 2569
conv11 183 23339 2132
conv11 184 333 6139
conv11 185 840 3831
conv11 186 144 5723
conv11 187 2483 2619
conv11 188 665 4036
conv11 189 324 4611
conv11 190 1294 5671
conv11 191 1 7848
conv11 192 959 4531
conv11 193 2417 3067
conv11 194 195 9398
conv11 195 58 8733
conv11 196 1061 8275
conv11 197 564 4061
conv11 198 476 4877
conv11 199 960 5027
conv11 200 946 2880
conv11 201 1871 5611
conv11 202 433 5218
conv11 203 188 5004
conv11 204 268 6300
conv11 205 1988 1490
conv11 206 2094 1289
conv11 207 129 5455
conv11 208 1371 3559
conv11 209 1421 4629
conv11 210 700 4486
conv11 211 6507 2807
conv11 212 1434 4561
conv11 213 1908 3560
conv11 214 86 5878
conv11 215 2512 1970
conv11 216 2950 5907
conv11 217 408 19487
conv11 218 981 4293
conv11 219 937 2963
conv11 220 698 2776
conv11 221 1802 4483
conv11 222 6177 1548
conv11 223 2722 4145
conv11 224 1025 3671
conv11 225 1044 5171
conv11 226 3236 1316
conv11 227 3080 2527
conv11 228 1868 2185
conv11 229 1618 4010
conv11 230 772 3098
conv11 231 1858 3298
conv11 232 10549 2274
conv11 233 736 4638
conv11 234 95 5892
conv11 235 4579 4642
conv11 236 1888 3197
conv11 237 1304 4091
conv11 238 528 5460
conv11 239 1355 3583
conv11 240 32 6677
conv11 241 1839 4573
conv11 242 1137 2617
conv11 243 65 5411
conv11 244 2432 2914
conv11 245 404 4947
conv11 246 559 4237
conv11 247 418 7610
conv11 248 7 7455
conv11 249 828 3001
conv11 250 73 5928
conv11 251 232 5388
conv11 252 249 6954
conv11 253 2282 4057
conv11 254 663 4723
conv11 255 465 4889
conv11 256 2371 2981
conv11 257 4692 1389
conv11 258 576 3007
conv11 259 2524 2236
conv11 260 537 4808
conv11 261 1145 4386
conv11 262 1270 5559
conv11 263 99 7264
conv11 264 425 9224
conv11 265 1014 3661
conv11 266 5680 5758
conv11 267 3759 2321
conv11 268 260 11102
conv11 269 68 4816
conv11 270 431 3935
conv11 271 247 6538
conv11 272 1924 1838
conv11 273 215 6256
conv11 274 1671 4663
conv11 275 616 3557
conv11 276 112 7571
conv11 277 429 3518
conv11 278 575 4083
conv11 279 796 4621
conv11 280 4418 775
conv11 281 3389 3639
conv11 282 9 5108
conv11 283 1518 4686
conv11 284 388 5641
conv11 285 851 4145
conv11 286 890 2983
conv11 287 1825 2097
conv11 288 136 4450
conv11 289 1697 2071
conv11 290 761 4365
conv11 291 11180 5590
conv11 292 897 4390
conv11 293 2686 840
conv11 294 179 5716
conv11 295 7352 830
conv11 296 2003 3365
conv11 297 815 3559
conv11 298 1477 1206
conv11 299 12140 4388
conv11 300 301 3498
conv11 301 82 6519
conv11 302 191 4215
conv11 303 72 5447
conv11 304 316 2639
conv11 305 3806 4295
conv11 306 682 8528
conv11 307 636 4764
conv11 308 583 7268
conv11 309 5576 3448
conv11 310 683 5740
conv11 311 522 10080
conv11 312 723 5179
conv11 313 951 5384
conv11 314 2114 4946
conv11 315 1854 4397
conv11 316 1473 8360
conv11 317 2927 1870
conv11 318 857 4972
conv11 319 7330 1783
conv11 320 254 6365
conv11 321 4552 2484
conv11 322 185 6967
conv11 323 895 2503
conv11 324 1693 2574
conv11 325 598 5255
conv11 326 4005 1865
conv11 327 2287 3414
conv11 328 1276 2798
conv11 329 52 6420
conv11 330 1704 3520
conv11 331 5170 4521
conv11 332 286 10159
conv11 333 43 15747
conv11 334 128 5059
conv11 335 1867 3281
conv11 336 1594 3442
conv11 337 138 5825
conv11 338 1778 3879
conv11 339 1750 2754
conv11 340 25622 3910
conv11 341 908 2777
conv11 342 276 5029
conv11 343 1198 3682
conv11 344 1041 3212
conv11 345 1608 3350
conv11 346 582 3144
conv11 347 329 5524
conv11 348 976 3554
conv11 349 1248 3016
conv11 350 3305 1695
conv11 351 1842 2307
conv11 352 8180 1903
conv11 353 1691 4495
conv11 354 2367 2288
conv11 355 162 6516
conv11 356 1993 3616
conv11 357 1313 5146
conv11 358 483 5315
conv11 359 705 5395
conv11 360 99 6598
conv11 361 2377 3302
conv11 362 144 5248
conv11 363 2732 1495
conv11 364 364 7583
conv11 365 1836 2012
conv11 366 941 3937
conv11 367 237 3808
conv11 368 374 6358
conv11 369 299 9374
conv11 370 6506 1394
conv11 371 1924 3659
conv11 372 1081 7076
conv11 373 249 6314
conv11 374 550 4566
conv11 375 78 4558
conv11 376 573 5674
conv11 377 870 6505
conv11 378 43 5380
conv11 379 2254 2699
conv11 380 1743 3637
conv11 381 1437 4595
conv11 382 97 11525
conv11 383 457 7209
conv11 384 1843 2445
conv11 385 391 6317
conv11 386 6148 5500
conv11 387 2657 1325
conv11 388 47 6815
conv11 389 3312 402
conv11 390 2671 4055
conv11 391 152 6186
conv11 392 864 5331
conv11 393 60 5832
conv11 394 1808 2706
conv11 395 26 7845
conv11 396 2399 3795
conv11 397 128 8294
conv11 398 120 7552
conv11 399 1097 4178
conv11 400 647 4763
conv11 401 92 7420
conv11 402 863 5351
conv11 403 887 3765
conv11 404 3605 1248
conv11 405 498 5681
conv11 406 6133 1922
conv11 407 10 7347
conv11 408 617 7176
conv11 409 214 4114
conv11 410 123 7644
conv11 411 658 5418
conv11 412 856 4930
conv11 413 1467 4108
conv11 414 81 5144
conv11 415 406 10469
conv11 416 707 3686
conv11 417 1071 6706
conv11 418 1336 2457
conv11 419 805 10238
conv11 420 15665 5795
conv11 421 889 3164
conv11 422 164 4680
conv11 423 214 7342
conv11 424 515 3861
conv11 425 3109 13864
conv11 426 93 6502
conv11 427 786 4884
conv11 428 4318 3926
conv11 429 269 7591
conv11 430 1669 4144
conv11 431 2343 4477
conv11 432 168 5225
conv11 433 1076 5117
conv11 434 2473 3219
conv11 435 869 4642
conv11 436 107 10433
conv11 437 284 4567
conv11 438 573 4568
conv11 439 794 3764
conv11 440 1519 2694
conv11 441 424 6628
conv11 442 639 4605
conv11 443 1026 4129
conv11 444 3137 2652
conv11 445 1601 2325
conv11 446 873 3912
conv11 447 1914 5325
conv11 448 812 6469
conv11 449 2065 1506
conv11 450 666 4522
conv11 451 2490 2188
conv11 452 593 4023
conv11 453 534 3440
conv11 454 5601 5207
conv11 455 87 4617
conv11 456 1914 2971
conv11 457 0 5402
conv11 458 12199 3992
conv11 459 264 5164
conv11 460 784 4043
conv11 461 2630 942
conv11 462 712 6322
conv11 463 4086 2793
conv11 464 1164 2462
conv11 465 963 4092
conv11 466 2530 3926
conv11 467 1372 3800
conv11 468 19 5636
conv11 469 940 8818
conv11 470 170 4206
conv11 471 111 5966
conv11 472 585 7533
conv11 473 434 4492
conv11 474 2840 1357
conv11 475 3038 1868
conv11 476 310 6000
conv11 477 1782 2559
conv11 478 769 4949
conv11 479 77 8151
conv11 480 1295 1868
conv11 481 763 4571
conv11 482 10426 3709
conv11 483 616 5946
conv11 484 1615 4229
conv11 485 144 4970
conv11 486 2682 2824
conv11 487 1818 2382
conv11 488 346 4040
conv11 489 78 6329
conv11 490 1050 3605
conv11 491 1244 4470
conv11 492 916 4470
conv11 493 1281 3982
conv11 494 738 8176
conv11 495 72 7733
conv11 496 490 3325
conv11 497 2 8893
conv11 498 16 11564
conv11 499 394 4642
conv11 500 632 5118
conv11 501 66 6951
conv11 502 2504 5159
conv11 503 2771 2337
conv11 504 1107 2900
conv11 505 1185 5074
conv11 506 11965 4908
conv11 507 2133 4398
conv11 508 182 6314
conv11 509 3296 1165
conv11 510 1347 2614
conv11 511 426 32004
conv12 0 355 32543
conv12 1 18 11916
conv12 2 309 4933
conv12 3 0 8536
conv12 4 368 6018
conv12 5 544 6571
conv12 6 1219 28782
conv12 7 325 4617
conv12 8 44 12818
conv12 9 698 3902
conv12 10 1793 2766
conv12 11 2839 3915
conv12 12 510 4476
conv12 13 24 5585
conv12 14 2670 8496
conv12 15 476 5826
conv12 16 22099 4050
conv12 17 324 5351
conv12 18 96 7804
conv12 19 0 9044
conv12 20 490 5482
conv12 21 131 22055
conv12 22 896 7508
conv12 23 18 4521
conv12 24 302 3833
conv12 25 1232 3328
conv12 26 5 8673
conv12 27 10 5487
conv12 28 1737 3591
conv12 29 1274 28347
conv12 30 110 5811
conv12 31 3766 550
conv12 32 2497 4964
conv12 33 262 14314
conv12 34 397 5945
conv12 35 663 2484
conv12 36 1062 2709
conv12 37 140 4644
conv12 38 999 6449
conv12 39 692 25416
conv12 40 716 2153
conv12 41 858 8101
conv12 42 907 5090
conv12 43 150 4274
conv12 44 62 6452
conv12 45 1484 15265
conv12 46 254 3809
conv12 47 1850 4782
conv12 48 70 7670
conv12 49 1294 4206
conv12 50 199 28898
conv12 51 837 4603
conv12 52 201 5013
conv12 53 5244 573
conv12 54 576 3587
conv12 55 1159 5825
conv12 56 287 10048
conv12 57 639 15508
conv12 58 22 7977
conv12 59 494 6066
conv12 60 19 7419
conv12 61 2285 1499
conv12 62 3487 1930
conv12 63 690 7255
conv12 64 1651 3575
conv12 65 630 7470
conv12 66 389 4975
conv12 67 1690 2159
conv12 68 5725 3649
conv12 69 17 6927
conv12 70 396 6268
conv12 71 406 4318
conv12 72 687 3177
conv12 73 958 5108
conv12 74 22305 2816
conv12 75 48 22694
conv12 76 2987 2220
conv12 77 1414 3253
conv12 78 1092 4622
conv12 79 812 6864
conv12 80 313 7075
conv12 81 240 6876
conv12 82 85 5700
conv12 83 371 32373
conv12 84 204 5348
conv12 85 241 6338
conv12 86 1094 2478
conv12 87 511 4477
conv12 88 359 21468
conv12 89 2134 3799
conv12 90 8434 3218
conv12 91 4 6615
conv12 92 3083 755
conv12 93 37 6568
conv12 94 11 8375
conv12 95 1333 29395
conv12 96 835 6499
conv12 97 1526 2515
conv12 98 1803 5626
conv12 99 650 7826
conv12 100 216 5031
conv12 101 570 8300
conv12 102 131 10096
conv12 103 1337 4520
conv12 104 286 5448
conv12 105 5671 2089
conv12 106 47 14750
conv12 107 200 7136
conv12 108 176 7259
conv12 109 35 15949
conv12 110 3405 1234
conv12 111 7 6480
conv12 112 502 3385
conv12 113 1271 3377
conv12 114 837 17101
conv12 115 140 10916
conv12 116 3320 3125
conv12 117 4240 2201
conv12 118 50 14110
conv12 119 754 5880
conv12 120 314 5551
conv12 121 1116 6621
conv12 122 694 5606
conv12 123 4910 2622
conv12 124 83 7749
conv12 125 319 6434
conv12 126 17 8654
conv12 127 2748 4665
conv12 128 17 9865
conv12 129 57 5369
conv12 130 434 32605
conv12 131 1150 7375
conv12 132 34 9158
conv12 133 332 4430
conv12 134 5987 2952
conv12 135 25 22209
conv12 136 788 6256
conv12 137 725 4048
conv12 138 30 17450
conv12 139 75 3656
conv12 140 494 5968
conv12 141 382 4540
conv12 142 40 6232
conv12 143 2230 2047
conv12 144 608 5727
conv12 145 171 6102
conv12 146 105 9589
conv12 147 453 4620
conv12 148 3061 15027
conv12 149 457 6666
conv12 150 33 4863
conv12 151 297 5544
conv12 152 493 7236
conv12 153 45 6786
conv12 154 126 12716
conv12 155 75 6949
conv12 156 1241 3484
conv12 157 134 6256
conv12 158 513 5743
conv12 159 261 6819
conv12 160 648 3539
conv12 161 451 7429
conv12 162 712 6465
conv12 163 129 5291
conv12 164 230 16680
conv12 165 1160 3453
conv12 166 1646 4700
conv12 167 608 4628
conv12 168 873 3190
conv12 169 36 5841
conv12 170 13 11633
conv12 171 967 4836
conv12 172 53 6741
conv12 173 4428 2905
conv12 174 1052 3792
conv12 175 138 29192
conv12 176 111 6311
conv12 177 1621 2548
conv12 178 1770 14934
conv12 179 61 3981
conv12 180 2780 2324
conv12 181 2 13312
conv12 182 676 6431
conv12 183 1201 4454
conv12 184 1528 3995
conv12 185 210 5689
conv12 186 846 3625
conv12 187 47 6822
conv12 188 944 3719
conv12 189 309 6130
conv12 190 183 7746
conv12 191 1047 4438
conv12 192 861 5123
conv12 193 82 8024
conv12 194 995 5210
conv12 195 45 9574
conv12 196 2078 4784
conv12 197 25 7518
conv12 198 277 6568
conv12 199 1061 6065
conv12 200 452 4552
conv12 201 3360 2225
conv12 202 17 9035
conv12 203 1295 2870
conv12 204 205 5700
conv12 205 8 9260
conv12 206 110 5097
conv12 207 2672 2858
conv12 208 361 3307
conv12 209 1735 5582
conv12 210 364 5469
conv12 211 946 4275
conv12 212 983 4784
conv12 213 413 6041
conv12 214 177 5271
conv12 215 2400 1994
conv12 216 113 6327
conv12 217 85 4755
conv12 218 1796 3510
conv12 219 683 6526
conv12 220 127 11249
conv12 221 976 3785
conv12 222 190 4222
conv12 223 272 6413
conv12 224 304 33110
conv12 225 121 5383
conv12 226 1099 5056
conv12 227 2515 1859
conv12 228 586 6675
conv12 229 591 4638
conv12 230 127 5309
conv12 231 16 7086
conv12 232 35 6251
conv12 233 1826 2629
conv12 234 5482 2725
conv12 235 223 5235
conv12 236 1948 3644
conv12 237 1405 3314
conv12 238 28 9414
conv12 239 43 12748
conv12 240 46 13548
conv12 241 51 14960
conv12 242 476 4829
conv12 243 224 13146
conv12 244 89 5425
conv12 245 709 8662
conv12 246 651 3985
conv12 247 745 6939
conv12 248 1426 5268
conv12 249 45 11530
conv12 250 22 7521
conv12 251 337 4668
conv12 252 57 6485
conv12 253 221 5603
conv12 254 34 9224
conv12 255 103 28813
conv12 256 459 10147
conv12 257 455 4879
conv12 258 5293 1871
conv12 259 163 7621
conv12 260 1211 7249
conv12 261 480 9038
conv12 262 2 9545
conv12 263 23 32243
conv12 264 175 14387
conv12 265 469 5319
conv12 266 1059 5462
conv12 267 3426 1787
conv12 268 557 4348
conv12 269 204 11632
conv12 270 257 5520
conv12 271 492 4604
conv12 272 618 5223
conv12 273 205 30746
conv12 274 475 3082
conv12 275 2817 3840
conv12 276 59 32558
conv12 277 1173 2914
conv12 278 129 29381
conv12 279 146 4636
conv12 280 1922 6428
conv12 281 514 4562
conv12 282 51 6884
conv12 283 75 8164
conv12 284 806 3910
conv12 285 1481 2986
conv12 286 69 4598
conv12 287 1073 2695
conv12 288 96 7141
conv12 289 564 5446
conv12 290 1417 29312
conv12 291 28 4842
conv12 292 1695 3370
conv12 293 41 8622
conv12 294 881 20876
conv12 295 334 4444
conv12 296 163 25341
conv12 297 511 8369
conv12 298 0 11340
conv12 299 159 4790
conv12 300 75 5961
conv12 301 1577 4614
conv12 302 935 4674
conv12 303 821 5420
conv12 304 34 30229
conv12 305 718 5323
conv12 306 490 13455
conv12 307 307 5384
conv12 308 1779 3588
conv12 309 247 5045
conv12 310 2315 2270
conv12 311 86 6992
conv12 312 45 6594
conv12 313 457 5391
conv12 314 2683 2005
conv12 315 177 5353
conv12 316 209 4487
conv12 317 1642 2717
conv12 318 124 7021
conv12 319 765 22985
conv12 320 136 32517
conv12 321 2084 3244
conv12 322 688 6890
conv12 323 2163 3265
conv12 324 203 7363
conv12 325 2316 2245
conv12 326 515 4557
conv12 327 282 4869
conv12 328 1370 7867
conv12 329 522 4579
conv12 330 1175 4007
conv12 331 15 9791
conv12 332 349 4154
conv12 333 693 3700
conv12 334 181 8127
conv12 335 3359 2972
conv12 336 872 2292
conv12 337 436 8517
conv12 338 356 7604
conv12 339 271 5695
conv12 340 322 6393
conv12 341 363 5994
conv12 342 580 7270
conv12 343 1019 3944
conv12 344 3433 2146
conv12 345 355 8044
conv12 346 1176 4027
conv12 347 50 5121
conv12 348 322 4357
conv12 349 266 5136
conv12 350 19 12189
conv12 351 1 7107
conv12 352 17 11846
conv12 353 4485 3974
conv12 354 5200 2108
conv12 355 34 7717
conv12 356 1181 3618
conv12 357 167 6490
conv12 358 1061 16632
conv12 359 5346 2529
conv12 360 9 3883
conv12 361 49 8284
conv12 362 110 7410
conv12 363 54 21640
conv12 364 26593 3621
conv12 365 12 5953
conv12 366 289 7310
conv12 367 117 5143
conv12 368 37 6097
conv12 369 289 4136
conv12 370 12 8825
conv12 371 320 4569
conv12 372 1 11433
conv12 373 49 7259
conv12 374 242 7902
conv12 375 159 6442
conv12 376 82 23986
conv12 377 265 5639
conv12 378 2086 1557
conv12 379 2 9532
conv12 380 377 4836
conv12 381 1452 18829
conv12 382 729 3499
conv12 383 2043 3638
conv12 384 8846 5546
conv12 385 38 11767
conv12 386 101 6339
conv12 387 3829 2880
conv12 388 13 5062
conv12 389 1 7310
conv12 390 17 7408
conv12 391 114 5018
conv12 392 46 8919
conv12 393 491 5154
conv12 394 14 6740
conv12 395 1 8035
conv12 396 881 3937
conv12 397 14652 3246
conv12 398 6 11845
conv12 399 1334 4996
conv12 400 317 5663
conv12 401 24 8957
conv12 402 322 9638
conv12 403 10 6773
conv12 404 660 4680
conv12 405 1583 3477
conv12 406 210 4944
conv12 407 17 5045
conv12 408 12153 2214
conv12 409 361 4024
conv12 410 154 12332
conv12 411 2609 27501
conv12 412 138 6848
conv12 413 52 33234
conv12 414 1723 3682
conv12 415 1987 2916
conv12 416 73 27395
conv12 417 1608 3535
conv12 418 32 7006
conv12 419 864 5267
conv12 420 9 5436
conv12 421 1332 5870
conv12 422 527 6153
conv12 423 269 15441
conv12 424 41 32552
conv12 425 540 7588
conv12 426 2079 5360
conv12 427 181 5512
conv12 428 331 11970
conv12 429 115 10507
conv12 430 1411 3845
conv12 431 107 6225
conv12 432 586 6612
conv12 433 9 10294
conv12 434 39 8861
conv12 435 407 31728
conv12 436 926 3516
conv12 437 33 6604
conv12 438 681 7311
conv12 439 0 11491
conv12 440 0 5552
conv12 441 2094 3397
conv12 442 1767 2387
conv12 443 364 7874
conv12 444 244 7041
conv12 445 1106 1816
conv12 446 5536 581
conv12 447 37 6590
conv12 448 13715 4793
conv12 449 1460 4107
conv12 450 648 4272
conv12 451 263 10281
conv12 452 290 4451
conv12 453 583 3387
conv12 454 135 4879
conv12 455 1130 3646
conv12 456 25385 2490
conv12 457 1070 4418
conv12 458 1598 2841
conv12 459 85 9517
conv12 460 1430 3451
conv12 461 882 5570
conv12 462 484 8291
conv12 463 1759 3715
conv12 464 1255 5058
conv12 465 1210 3823
conv12 466 1525 4440
conv12 467 1190 3900
conv12 468 426 6493
conv12 469 3298 3114
conv12 470 546 31287
conv12 471 18 7293
conv12 472 1595 2455
conv12 473 3 8027
conv12 474 1329 2781
conv12 475 170 6688
conv12 476 1143 4653
conv12 477 1292 4487
conv12 478 2355 5217
conv12 479 121 8348
conv12 480 1 13326
conv12 481 1233 4781
conv12 482 13 8215
conv12 483 1830 8491
conv12 484 336 23002
conv12 485 39 33235
conv12 486 99 4234
conv12 487 54 12114
conv12 488 1848 1954
conv12 489 147 17493
conv12 490 130 5256
conv12 491 3131 16757
conv12 492 296 6981
conv12 493 575 4507
conv12 494 12 7565
conv12 495 26 5796
conv12 496 974 4470
conv12 497 417 6404
conv12 498 440 5490
conv12 499 2560 4751
conv12 500 200 7228
conv12 501 6 21490
conv12 502 1737 7751
conv12 503 260 7618
conv12 504 297 5742
conv12 505 937 4462
conv12 506 482 2672
conv12 507 211 15147
conv12 508 1 6597
conv12 509 102 4597
conv12 510 65 9764
conv12 511 1304 29672
conv13 0 2102 1125
conv13 1 339 5349
conv13 2 1535 2365
conv13 3 48 3968
conv13 4 1 7122
conv13 5 144 5388
conv13 6 256 9532
conv13 7 57 9468
conv13 8 29 13664
conv13 9 554 3716
conv13 10 57 9736
conv13 11 151 5679
conv13 12 574 3616
conv13 13 244 5120
conv13 14 351 5789
conv13 15 2199 1691
conv13 16 17 20579
conv13 17 138 3373
conv13 18 370 3598
conv13 19 221 32135
conv13 20 108 5899
conv13 21 490 3357
conv13 22 587 3414
conv13 23 25657 2533
conv13 24 6 4686
conv13 25 16 5507
conv13 26 0 5221
conv13 27 49 4791
conv13 28 37 33176
conv13 29 0 4147
conv13 30 1 9084
conv13 31 333 12188
conv13 32 66 10561
conv13 33 2347 1388
conv13 34 562 1950
conv13 35 388 5968
conv13 36 38 4056
conv13 37 801 2762
conv13 38 3177 1730
conv13 39 8 6955
conv13 40 26 5621
conv13 41 45 6248
conv13 42 1527 4175
conv13 43 0 6702
conv13 44 81 3108
conv13 45 174 6135
conv13 46 1351 1639
conv13 47 5 19293
conv13 48 10728 3237
conv13 49 1298 1716
conv13 50 303 2553
conv13 51 33 16368
conv13 52 348 4693
conv13 53 59 5189
conv13 54 295 5321
conv13 55 628 6177
conv13 56 132 6071
conv13 57 75 10622
conv13 58 305 32156
conv13 59 28 22947
conv13 60 221 3858
conv13 61 1438 8894
conv13 62 54 6215
conv13 63 1038 1630
conv13 64 940 29105
conv13 65 71 4392
conv13 66 299 2703
conv13 67 38 4495
conv13 68 18 13037
conv13 69 1544 2869
conv13 70 140 4937
conv13 71 133 4664
conv13 72 814 7778
conv13 73 69 15760
conv13 74 47 5293
conv13 75 382 4292
conv13 76 1529 21201
conv13 77 20 8148
conv13 78 33 5608
conv13 79 231 16284
conv13 80 0 8061
conv13 81 175 4682
conv13 82 1307 2907
conv13 83 331 8448
conv13 84 97 6035
conv13 85 123 3893
conv13 86 394 6590
conv13 87 174 4932
conv13 88 609 5302
conv13 89 2 7456
conv13 90 105 5886
conv13 91 351 5480
conv13 92 1531 4050
conv13 93 0 8405
conv13 94 0 7028
conv13 95 9 4846
conv13 96 516 3250
conv13 97 73 5705
conv13 98 14 5585
conv13 99 43 6694
conv13 100 21 33454
conv13 101 4 5553
conv13 102 14 5441
conv13 103 5214 2068
conv13 104 75 3781
conv13 105 486 16121
conv13 106 899 2687
conv13 107 16 5924
conv13 108 348 2661
conv13 109 878 5315
conv13 110 283 7594
conv13 111 402 5881
conv13 112 840 5122
conv13 113 0 7274
conv13 114 347 3538
conv13 115 119 7433
conv13 116 61 5772
conv13 117 26310 2354
conv13 118 200 23182
conv13 119 1215 3144
conv13 120 981 4476
conv13 121 654 9161
conv13 122 636 2886
conv13 123 841 2560
conv13 124 376 22979
conv13 125 24 4952
conv13 126 20 25512
conv13 127 835 2849
conv13 128 30 5154
conv13 129 3 7236
conv13 130 0 5728
conv13 131 292 3495
conv13 132 630 2316
conv13 133 184 3089
conv13 134 140 3984
conv13 135 4619 338
conv13 136 719 1071
conv13 137 120 32473
conv13 138 602 4665
conv13 139 346 4105
conv13 140 923 2739
conv13 141 1611 3188
conv13 142 978 7831
conv13 143 1139 4735
conv13 144 207 4083
conv13 145 540 4774
conv13 146 18 7678
conv13 147 3 4803
conv13 148 6741 3421
conv13 149 16915 1919
conv13 150 699 21482
conv13 151 106 4325
conv13 152 223 7018
conv13 153 135 5287
conv13 154 18 5937
conv13 155 14 5560
conv13 156 0 6633
conv13 157 24 7512
conv13 158 43 5292
conv13 159 386 6807
conv13 160 767 4002
conv13 161 110 13752
conv13 162 1803 2685
conv13 163 228 3562
conv13 164 114 3602
conv13 165 67 5441
conv13 166 858 2182
conv13 167 1802 4336
conv13 168 0 4493
conv13 169 43 12558
conv13 170 1068 2933
conv13 171 888 1891
conv13 172 760 4171
conv13 173 1003 1826
conv13 174 1 16087
conv13 175 0 16318
conv13 176 263 4992
conv13 177 688 7046
conv13 178 83 6091
conv13 179 193 5632
conv13 180 40 4246
conv13 181 304 6149
conv13 182 884 2967
conv13 183 0 7375
conv13 184 65 4120
conv13 185 93 5939
conv13 186 12 8737
conv13 187 1105 4158
conv13 188 249 5696
conv13 189 1178 10339
conv13 190 194 5586
conv13 191 168 4875
conv13 192 373 9089
conv13 193 6 12353
conv13 194 221 4544
conv13 195 222 3612
conv13 196 18 6181
conv13 197 251 7431
conv13 198 22 4673
conv13 199 42 5976
conv13 200 42 4744
conv13 201 157 10884
conv13 202 114 4870
conv13 203 843 5712
conv13 204 236 2097
conv13 205 78 13280
conv13 206 15073 2181
conv13 207 108 9796
conv13 208 520 3952
conv13 209 6 7730
conv13 210 6387 1396
conv13 211 5 7558
conv13 212 11 3814
conv13 213 323 19370
conv13 214 242 4189
conv13 215 480 3178
conv13 216 278 6712
conv13 217 39 4573
conv13 218 8 6458
conv13 219 16 7407
conv13 220 1284 3494
conv13 221 6 6845
conv13 222 24 5443
conv13 223 1 5913
conv13 224 1071 15185
conv13 225 3879 1996
conv13 226 185 9715
conv13 227 356 9921
conv13 228 119 10876
conv13 229 390 7983
conv13 230 17 6599
conv13 231 371 31871
conv13 232 2603 722
conv13 233 91 4687
conv13 234 85 3245
conv13 235 1322 1157
conv13 236 51 4739
conv13 237 24 32859
conv13 238 183 3041
conv13 239 852 4387
conv13 240 4855 3179
conv13 241 820 3006
conv13 242 47 7366
conv13 243 678 1834
conv13 244 27 6575
conv13 245 144 32596
conv13 246 1159 2730
conv13 247 16559 2524
conv13 248 99 6165
conv13 249 57 8162
conv13 250 406 3856
conv13 251 0 7834
conv13 252 643 14430
conv13 253 2530 1755
conv13 254 197 4545
conv13 255 168 16067
conv13 256 331 4602
conv13 257 23 4134
conv13 258 296 4313
conv13 259 5 4877
conv13 260 490 6202
conv13 261 17 33720
conv13 262 161 8855
conv13 263 80 12372
conv13 264 22 6082
conv13 265 1787 1483
conv13 266 488 5430
conv13 267 210 6339
conv13 268 108 3963
conv13 269 171 4198
conv13 270 128 5070
conv13 271 127 6126
conv13 272 351 4052
conv13 273 1062 4590
conv13 274 7 4987
conv13 275 131 5984
conv13 276 7 12163
conv13 277 1465 1813
conv13 278 4 25310
conv13 279 444 3267
conv13 280 1957 1784
conv13 281 294 3051
conv13 282 139 4483
conv13 283 627 1957
conv13 284 88 5642
conv13 285 12 10293
conv13 286 223 3047
conv13 287 400 5055
conv13 288 74 8653
conv13 289 165 9024
conv13 290 1 8320
conv13 291 1698 2869
conv13 292 592 20953
conv13 293 166 7224
conv13 294 274 3782
conv13 295 398 3666
conv13 296 0 7631
conv13 297 312 1834
conv13 298 470 4432
conv13 299 5 5853
conv13 300 12 4641
conv13 301 1003 7477
conv13 302 127 5552
conv13 303 7 8743
conv13 304 112 3368
conv13 305 184 3609
conv13 306 470 7226
conv13 307 613 12942
conv13 308 834 2708
conv13 309 784 3036
conv13 310 683 30724
conv13 311 0 5914
conv13 312 1418 2841
conv13 313 120 5542
conv13 314 15 5406
conv13 315 275 9068
conv13 316 227 4641
conv13 317 440 2701
conv13 318 1164 5892
conv13 319 375 3908
conv13 320 220 19913
conv13 321 621 5999
conv13 322 45 7762
conv13 323 1983 2107
conv13 324 709 2358
conv13 325 2483 2284
conv13 326 235 11483
conv13 327 485 2644
conv13 328 39 3622
conv13 329 66 5815
conv13 330 0 6071
conv13 331 768 4093
conv13 332 462 4330
conv13 333 16 6279
conv13 334 357 10363
conv13 335 290 3488
conv13 336 463 4575
conv13 337 1985 2574
conv13 338 365 10865
conv13 339 1011 2095
conv13 340 24 6213
conv13 341 18 6257
conv13 342 1129 4341
conv13 343 50 4157
conv13 344 0 3783
conv13 345 3104 25021
conv13 346 441 3420
conv13 347 2313 17057
conv13 348 2361 1532
conv13 349 786 3696
conv13 350 150 5137
conv13 351 402 4061
conv13 352 15 4316
conv13 353 109 6742
conv13 354 2573 27566
conv13 355 730 11271
conv13 356 170 23481
conv13 357 1066 4058
conv13 358 1199 3853
conv13 359 36 6292
conv13 360 21 4921
conv13 361 15 6957
conv13 362 215 6055
conv13 363 13105 3172
conv13 364 119 3083
conv13 365 1533 2326
conv13 366 2163 3997
conv13 367 587 2602
conv13 368 0 7409
conv13 369 1393 1724
conv13 370 343 3229
conv13 371 855 2743
conv13 372 1466 2999
conv13 373 26 7103
conv13 374 28 7352
conv13 375 11620 3599
conv13 376 579 4900
conv13 377 426 3787
conv13 378 550 5206
conv13 379 474 4029
conv13 380 35 7330
conv13 381 183 4793
conv13 382 3 7369
conv13 383 8 6327
conv13 384 192 3715
conv13 385 272 15278
conv13 386 279 3669
conv13 387 0 8180
conv13 388 0 5870
conv13 389 296 4556
conv13 390 106 5281
conv13 391 97 4632
conv13 392 108 4564
conv13 393 400 6994
conv13 394 253 4654
conv13 395 274 2806
conv13 396 825 4098
conv13 397 614 4368
conv13 398 123 4922
conv13 399 264 3254
conv13 400 8 5163
conv13 401 938 5308
conv13 402 52 5808
conv13 403 480 2648
conv13 404 232 5239
conv13 405 2140 1115
conv13 406 407 6082
conv13 407 2059 1064
conv13 408 343 3947
conv13 409 3406 571
conv13 410 1223 3094
conv13 411 8 5494
conv13 412 705 4490
conv13 413 1 5326
conv13 414 1099 4178
conv13 415 20 14381
conv13 416 270 5451
conv13 417 48 13134
conv13 418 5 7946
conv13 419 23648 1082
conv13 420 2069 4074
conv13 421 30 22811
conv13 422 9 5848
conv13 423 171 5434
conv13 424 190 6389
conv13 425 890 2245
conv13 426 0 7049
conv13 427 320 2573
conv13 428 24 4732
conv13 429 66 6278
conv13 430 2315 2780
conv13 431 7 6141
conv13 432 137 9792
conv13 433 120 4833
conv13 434 14 7951
conv13 435 143 4320
conv13 436 698 2176
conv13 437 739 5697
conv13 438 1322 3313
conv13 439 1344 3138
conv13 440 986 3881
conv13 441 35 6927
conv13 442 1084 3545
conv13 443 15 8266
conv13 444 1234 1897
conv13 445 1292 29550
conv13 446 2 5791
conv13 447 76 8765
conv13 448 102 5446
conv13 449 166 5471
conv13 450 779 3003
conv13 451 78 32253
conv13 452 584 5402
conv13 453 84 3394
conv13 454 11 3363
conv13 455 388 3547
conv13 456 161 30755
conv13 457 122 6375
conv13 458 106 8784
conv13 459 9 5611
conv13 460 116 5617
conv13 461 171 4618
conv13 462 425 5456
conv13 463 42 5398
conv13 464 61 11219
conv13 465 11673 1504
conv13 466 324 3467
conv13 467 31 5142
conv13 468 1658 2765
conv13 469 612 16653
conv13 470 732 5521
conv13 471 206 31547
conv13 472 2706 25825
conv13 473 468 4735
conv13 474 467 2958
conv13 475 88 8905
conv13 476 165 6126
conv13 477 271 11190
conv13 478 0 8183
conv13 479 4191 1734
conv13 480 87 3638
conv13 481 300 19842
conv13 482 66 5904
conv13 483 163 3506
conv13 484 591 6393
conv13 485 6 6711
conv13 486 6 8679
conv13 487 860 2693
conv13 488 71 5662
conv13 489 26 6639
conv13 490 79 13546
conv13 491 229 7688
conv13 492 2688 3098
conv13 493 256 5073
conv13 494 2 8460
conv13 495 1 7418
conv13 496 230 3946
conv13 497 26 5288
conv13 498 24 4178
conv13 499 24 11156
conv13 500 58 9298
conv13 501 35 7639
conv13 502 25 5278
conv13 503 197 4874
conv13 504 307 5058
conv13 505 69 3148
conv13 506 679 2677
conv13 507 168 11117
conv13 508 72 10040
conv13 509 184 30927
conv13 510 305 3301
conv13 511 17 4092
