conv5 0 4.74 -1.56 -1.80 2.07
conv5 1 -0.63 0.46 1.84 -2.49
conv5 2 3.33 0.06 -2.07 1.35
conv5 3 2.33 1.43 0.63 0.29
conv5 4 1.81 -0.16 -2.73 -1.60
conv5 5 -0.88 -1.32 5.88 -1.08
conv5 6 -2.86 1.82 2.47 -2.28
conv5 7 3.05 2.97 -1.01 -0.96
conv5 8 -1.72 -0.27 0.09 -1.41
conv5 9 4.75 3.54 -2.34 -1.69
conv5 10 -2.32 -3.07 -0.11 -0.49
conv5 11 1.16 -1.38 -2.41 -1.14
conv5 12 0.61 -2.74 0.62 1.38
conv5 13 -2.70 -4.81 -1.73 -0.71
conv5 14 2.73 -5.17 0.44 2.77
conv5 15 1.03 -2.23 -0.45 2.74
conv5 16 0.54 -1.26 -0.43 2.27
conv5 17 -3.69 1.09 4.85 0.93
conv5 18 -3.06 -6.83 -0.15 0.47
conv5 19 -0.99 -3.87 -2.35 2.77
conv5 20 3.35 -1.32 -2.25 -1.12
conv5 21 -1.98 1.55 -2.02 0.73
conv5 22 3.16 0.12 -3.76 2.01
conv5 23 5.77 -2.13 -1.71 -1.42
conv5 24 -0.33 5.17 1.22 -1.87
conv5 25 6.83 -0.25 -2.08 1.52
conv5 26 -2.91 -1.14 1.47 -0.70
conv5 27 -5.51 -0.20 2.26 -1.77
conv5 28 0.26 1.35 -3.06 -5.26
conv5 29 -0.27 0.81 -3.39 -4.07
conv5 30 -4.09 0.79 4.44 -0.89
conv5 31 -0.61 -0.65 -0.07 -0.76
conv5 32 4.39 3.41 -0.02 -0.29
conv5 33 1.28 -0.27 4.79 -1.03
conv5 34 6.87 -2.11 -3.95 0.39
conv5 35 3.76 -3.05 0.36 2.88
conv5 36 -2.73 3.17 2.54 -3.78
conv5 37 -1.20 -1.60 1.41 -0.21
conv5 38 3.62 2.54 -2.86 -2.91
conv5 39 -2.37 1.98 2.01 -4.60
conv5 40 0.69 -1.98 -0.06 -1.47
conv5 41 2.02 3.06 2.16 -0.99
conv5 42 -0.54 3.35 -0.18 -4.45
conv5 43 -1.18 0.51 -0.59 -4.48
conv5 44 0.05 -7.81 0.10 -1.46
conv5 45 1.90 3.48 -0.15 -0.96
conv5 46 -4.86 1.86 0.65 0.09
conv5 47 -2.01 2.96 0.69 -2.86
conv5 48 -2.51 -1.12 2.10 0.03
conv5 49 0.50 -4.50 0.26 3.46
conv5 50 1.96 -1.24 -4.47 -0.30
conv5 51 5.04 0.61 1.03 1.28
conv5 52 -4.06 0.25 2.09 -1.39
conv5 53 -3.84 -1.29 2.49 -1.30
conv5 54 -1.20 -1.06 2.46 1.26
conv5 55 -5.48 3.06 -0.45 0.52
conv5 56 1.32 -2.40 -3.12 -2.70
conv5 57 -3.93 5.14 0.00 -0.96
conv5 58 4.24 3.39 -3.82 -2.27
conv5 59 0.92 -5.48 -0.54 2.70
conv5 60 3.58 -1.97 0.54 -0.53
conv5 61 -0.08 4.70 1.24 -2.69
conv5 62 -3.78 2.45 0.45 -1.68
conv5 63 -1.43 0.29 -0.11 -1.28
conv5 64 -0.23 -0.61 -1.65 1.36
conv5 65 0.35 0.12 -0.20 -0.63
conv5 66 -0.46 -0.19 1.53 -5.31
conv5 67 -5.14 2.46 2.14 -1.30
conv5 68 4.48 2.83 -1.47 -1.91
conv5 69 -0.30 2.23 0.15 -2.60
conv5 70 -4.66 -3.97 -0.20 0.69
conv5 71 -4.25 -3.90 1.74 2.20
conv5 72 2.58 2.81 -2.33 -2.68
conv5 73 -6.07 -2.13 2.60 4.58
conv5 74 2.19 -4.04 -1.00 -1.02
conv5 75 -1.87 4.26 0.99 -2.97
conv5 76 1.32 4.06 -0.02 -1.43
conv5 77 -0.12 0.47 -3.80 -0.25
conv5 78 2.11 -0.30 -3.48 1.40
conv5 79 -5.25 -3.78 1.35 1.50
conv5 80 2.64 -3.13 -1.14 2.89
conv5 81 2.22 -6.28 -1.34 2.27
conv5 82 4.57 -0.33 -5.75 1.68
conv5 83 -4.00 4.38 1.63 -0.51
conv5 84 0.95 -2.27 0.30 -0.25
conv5 85 -3.50 6.09 2.70 -1.20
conv5 86 -3.05 4.02 1.35 -1.69
conv5 87 -5.28 -2.76 1.80 -0.52
conv5 88 -6.04 -2.69 1.37 0.38
conv5 89 3.89 -0.83 -2.45 0.93
conv5 90 -2.06 0.45 2.70 -0.21
conv5 91 0.98 -0.99 -0.02 0.61
conv5 92 1.56 -0.71 -3.33 4.77
conv5 93 3.15 -2.38 -0.32 -1.00
conv5 94 4.31 -4.24 -1.63 -0.82
conv5 95 -2.95 -4.16 0.59 -0.40
conv5 96 -2.68 -2.51 -0.03 0.24
conv5 97 -4.00 1.61 3.78 -1.37
conv5 98 1.96 -5.13 0.02 4.72
conv5 99 2.58 -0.22 -1.38 -2.58
conv5 100 -4.69 -3.14 -0.12 3.62
conv5 101 1.29 -2.62 -1.35 1.33
conv5 102 3.42 -2.45 -2.23 2.07
conv5 103 -0.02 4.29 -1.28 -2.56
conv5 104 -2.90 -0.78 -0.62 4.09
conv5 105 1.50 -7.09 -0.17 0.17
conv5 106 1.43 1.51 -2.11 1.92
conv5 107 -0.98 3.17 2.76 -2.01
conv5 108 5.05 1.83 -3.69 -1.21
conv5 109 3.28 -2.83 -2.38 4.06
conv5 110 -5.58 2.86 1.15 -0.93
conv5 111 5.56 0.21 -1.87 -0.82
conv5 112 2.43 0.52 -0.22 0.23
conv5 113 -6.32 -0.29 0.81 0.56
conv5 114 -4.13 5.33 -0.44 -0.58
conv5 115 -5.13 -4.13 -0.66 0.74
conv5 116 -0.08 1.30 -0.30 -5.50
conv5 117 6.40 -4.58 -0.07 -0.76
conv5 118 -5.01 0.44 2.14 -1.73
conv5 119 2.40 3.63 0.45 -4.33
conv5 120 -1.38 -2.36 -0.54 2.56
conv5 121 -0.60 0.36 -2.20 -0.61
conv5 122 -6.29 0.53 2.86 -0.82
conv5 123 -1.11 -6.00 0.60 0.48
conv5 124 -3.04 5.13 -0.50 -0.97
conv5 125 3.68 0.63 -1.25 -0.48
conv5 126 2.71 -5.03 -2.24 2.13
conv5 127 0.36 0.61 3.00 -3.46
conv5 128 1.46 -3.17 -2.16 3.91
conv5 129 -1.96 1.50 0.10 -3.84
conv5 130 0.65 -5.15 -1.57 -0.44
conv5 131 5.19 -0.47 -0.84 -0.37
conv5 132 -2.60 1.70 0.59 -1.11
conv5 133 4.15 0.15 -3.53 -2.37
conv5 134 -1.47 4.23 -1.16 -3.78
conv5 135 -0.56 4.04 0.44 -1.06
conv5 136 0.65 0.82 -0.59 -0.88
conv5 137 -0.60 1.48 3.60 -3.64
conv5 138 2.68 4.04 -1.92 0.02
conv5 139 -1.78 2.08 -0.61 1.39
conv5 140 -1.05 -3.41 -0.47 2.40
conv5 141 7.40 1.28 -1.37 2.38
conv5 142 -1.26 -0.58 -0.79 -0.61
conv5 143 -2.43 -0.70 3.88 1.98
conv5 144 -0.66 2.17 1.72 -3.46
conv5 145 0.18 -0.61 -0.97 6.10
conv5 146 -0.33 -0.89 2.61 2.52
conv5 147 -1.18 -1.81 1.07 -4.75
conv5 148 5.02 3.12 -0.37 1.48
conv5 149 -5.23 -3.07 1.16 0.07
conv5 150 -4.92 -1.01 -0.27 1.42
conv5 151 1.08 5.59 0.04 -2.65
conv5 152 2.76 -5.44 -1.16 1.97
conv5 153 2.20 2.79 0.16 -3.72
conv5 154 0.02 -1.71 0.17 -0.12
conv5 155 5.29 -0.37 -1.77 -0.99
conv5 156 2.97 -3.33 -2.06 1.24
conv5 157 2.14 -5.66 -2.07 2.72
conv5 158 -2.99 -0.97 2.56 -2.58
conv5 159 1.03 0.07 -0.07 -0.15
conv5 160 4.05 2.68 -2.33 -1.97
conv5 161 2.16 -2.04 -0.72 -0.41
conv5 162 -0.72 1.18 0.51 -0.60
conv5 163 3.96 -6.31 -0.12 1.20
conv5 164 0.18 -2.80 2.11 2.62
conv5 165 0.87 -1.17 -3.32 2.63
conv5 166 -0.02 -0.49 -1.27 0.46
conv5 167 0.81 -1.81 -0.90 1.54
conv5 168 -1.19 0.43 2.18 0.22
conv5 169 -2.69 5.10 0.64 -2.90
conv5 170 1.18 -1.79 0.02 0.41
conv5 171 6.67 -1.95 2.47 0.74
conv5 172 5.50 1.61 -0.09 -1.23
conv5 173 0.52 -3.78 -1.90 2.87
conv5 174 5.10 1.11 -1.80 -0.17
conv5 175 -0.04 4.13 -0.88 -2.04
conv5 176 -3.30 0.28 1.17 -0.38
conv5 177 1.03 3.21 -0.61 -1.48
conv5 178 3.21 3.78 -4.24 -3.24
conv5 179 -2.78 -0.02 5.62 -0.47
conv5 180 -3.79 0.50 1.53 -0.94
conv5 181 0.18 -1.28 -1.38 0.48
conv5 182 -0.63 2.43 -0.41 -1.83
conv5 183 -3.07 2.14 4.84 -5.28
conv5 184 -3.35 -3.78 1.08 1.18
conv5 185 -1.08 0.97 -0.05 -0.83
conv5 186 -2.32 -0.02 0.98 -0.35
conv5 187 -0.72 -0.22 -0.93 -1.98
conv5 188 3.62 -6.21 -0.22 0.87
conv5 189 5.67 3.48 -0.64 1.34
conv5 190 0.75 4.60 0.99 -1.90
conv5 191 -3.12 -4.15 -1.88 -1.34
conv5 192 0.75 2.41 0.47 -0.08
conv5 193 -0.37 -2.46 0.74 0.52
conv5 194 2.43 -0.66 -2.50 1.01
conv5 195 -1.15 -4.15 0.18 0.67
conv5 196 -0.37 3.45 -0.42 -2.08
conv5 197 4.69 -1.87 -1.28 0.50
conv5 198 -3.46 2.77 1.98 0.58
conv5 199 -0.98 3.54 0.85 -3.75
conv5 200 0.21 -0.15 -3.22 -0.94
conv5 201 3.25 -1.00 -1.57 -3.01
conv5 202 4.18 2.42 -1.68 0.74
conv5 203 2.08 5.11 -3.35 -3.06
conv5 204 0.39 0.37 -0.12 2.23
conv5 205 0.15 -7.14 1.02 -0.35
conv5 206 -4.40 -3.64 -0.97 1.14
conv5 207 -0.20 -1.72 0.36 -0.93
conv5 208 -2.50 -3.31 1.44 3.34
conv5 209 -0.54 0.47 3.99 -0.00
conv5 210 1.41 -4.08 -0.12 4.90
conv5 211 4.26 -0.52 -0.99 0.28
conv5 212 2.87 3.04 -1.93 -2.95
conv5 213 -7.99 -2.08 3.39 0.39
conv5 214 -4.22 1.74 0.75 -2.04
conv5 215 -3.42 -0.62 3.82 2.32
conv5 216 3.88 -3.37 -1.41 0.34
conv5 217 -2.74 -0.44 0.10 0.54
conv5 218 1.32 -4.69 -0.63 4.17
conv5 219 0.00 -0.83 -2.92 -0.46
conv5 220 -3.18 1.17 1.59 -3.01
conv5 221 -1.35 1.44 -0.94 0.12
conv5 222 -0.23 1.08 -0.11 0.75
conv5 223 -1.26 4.58 0.16 -1.44
conv5 224 5.42 -1.15 -3.13 1.36
conv5 225 -3.84 -6.73 2.31 2.35
conv5 226 -0.62 -1.17 3.19 1.91
conv5 227 1.62 -0.88 -1.65 5.65
conv5 228 -3.52 -0.91 3.36 2.53
conv5 229 1.18 -5.10 0.12 0.69
conv5 230 1.62 -3.60 -2.89 -1.11
conv5 231 3.63 5.41 -4.05 0.30
conv5 232 1.80 3.87 -2.98 -5.17
conv5 233 3.55 1.91 -0.89 -1.78
conv5 234 2.27 -0.56 -2.02 0.95
conv5 235 -4.60 5.58 -0.03 -0.51
conv5 236 6.16 -0.61 -3.17 -0.75
conv5 237 3.71 4.60 -0.07 -1.63
conv5 238 3.42 5.97 -2.71 -1.06
conv5 239 -0.63 -5.56 0.60 3.48
conv5 240 -5.52 0.34 3.42 -0.03
conv5 241 -0.16 1.37 0.38 0.51
conv5 242 -5.45 -1.14 3.48 -0.75
conv5 243 6.30 -2.79 -2.36 1.01
conv5 244 -0.87 -3.69 3.64 3.26
conv5 245 -1.00 1.18 1.47 1.87
conv5 246 4.48 0.44 -1.92 -0.02
conv5 247 0.01 -0.70 -3.06 1.38
conv5 248 0.42 -2.91 -2.11 -1.21
conv5 249 2.36 -0.81 -2.15 -2.53
conv5 250 -0.79 3.13 -0.26 -0.82
conv5 251 2.09 -2.90 -1.96 0.92
conv5 252 2.83 3.41 -1.21 -0.83
conv5 253 -5.47 -2.72 2.46 0.75
conv5 254 -3.58 -4.57 1.63 -0.37
conv5 255 6.03 2.09 -1.29 0.47
conv6 0 -7.92 3.14 2.43 -1.74
conv6 1 1.34 -2.82 0.06 6.49
conv6 2 -4.35 3.28 3.78 4.78
conv6 3 1.86 -4.59 -1.15 1.26
conv6 4 -6.10 -0.81 0.84 0.06
conv6 5 -4.30 2.01 4.33 -1.88
conv6 6 -0.68 5.55 3.51 -2.52
conv6 7 3.81 1.78 -4.03 1.54
conv6 8 -6.60 -0.08 3.94 -0.66
conv6 9 0.41 1.81 -1.70 -3.27
conv6 10 6.71 -3.02 1.38 3.55
conv6 11 -2.52 -9.07 0.07 3.31
conv6 12 2.13 0.41 -2.83 -0.54
conv6 13 2.83 -1.14 -2.10 -1.31
conv6 14 6.63 4.77 -2.77 -3.46
conv6 15 1.96 0.09 -2.51 -0.04
conv6 16 1.92 -11.07 -0.57 4.83
conv6 17 -1.50 0.87 -0.61 -1.20
conv6 18 -2.07 0.89 1.20 -1.14
conv6 19 -1.36 6.36 -3.06 -2.19
conv6 20 0.33 -0.53 -2.64 -4.14
conv6 21 0.03 -0.21 -3.89 -1.88
conv6 22 8.58 -2.20 -3.96 2.79
conv6 23 0.80 8.00 -0.39 2.64
conv6 24 -4.48 0.74 0.63 1.44
conv6 25 2.94 0.87 -1.62 -0.84
conv6 26 2.05 -10.25 0.17 2.68
conv6 27 -1.14 1.67 4.80 -1.04
conv6 28 -0.90 -4.39 0.69 1.51
conv6 29 -0.37 4.71 -0.83 -2.91
conv6 30 4.01 4.79 -0.98 1.72
conv6 31 2.09 1.23 5.32 -0.34
conv6 32 -0.69 -3.04 1.52 -1.40
conv6 33 4.57 1.01 -4.68 3.01
conv6 34 5.05 -5.59 -1.05 2.75
conv6 35 8.64 1.39 -0.36 2.65
conv6 36 10.50 1.85 -0.33 -1.92
conv6 37 -2.14 -7.33 -3.93 2.88
conv6 38 -6.93 -2.52 0.33 -1.87
conv6 39 0.03 -8.68 -2.09 1.31
conv6 40 0.45 6.21 0.33 -4.59
conv6 41 -3.91 -4.67 0.62 2.68
conv6 42 -1.19 8.67 0.15 0.78
conv6 43 -3.61 -3.86 0.71 2.14
conv6 44 -0.23 -1.92 -0.12 -0.51
conv6 45 0.33 2.58 1.07 -1.49
conv6 46 -0.65 0.12 -1.10 3.96
conv6 47 -12.33 1.77 -3.09 -0.48
conv6 48 -0.06 3.87 0.15 -0.19
conv6 49 2.19 -1.95 0.26 -3.42
conv6 50 0.90 3.09 -4.16 -2.39
conv6 51 6.27 -4.53 -4.35 1.86
conv6 52 -2.26 -3.24 -0.78 4.74
conv6 53 8.07 1.05 -0.54 -0.00
conv6 54 0.11 -4.83 0.39 0.89
conv6 55 -0.30 1.45 -0.93 -4.08
conv6 56 -1.67 0.46 -1.17 0.92
conv6 57 -3.78 -6.82 1.20 2.59
conv6 58 -0.54 1.83 1.11 -1.72
conv6 59 -1.31 2.36 -2.03 -0.15
conv6 60 -5.26 -4.39 -0.71 3.46
conv6 61 -1.99 -1.75 -0.62 7.33
conv6 62 2.28 -4.37 -2.22 2.07
conv6 63 -0.35 1.75 0.47 -1.61
conv6 64 -2.04 -1.41 1.17 -2.15
conv6 65 -4.06 -3.41 -1.43 1.52
conv6 66 5.11 -2.92 1.10 -0.61
conv6 67 -8.34 -4.83 1.64 -0.24
conv6 68 -1.05 -3.37 -0.99 4.00
conv6 69 -1.60 -0.57 0.57 -2.39
conv6 70 -2.69 0.84 0.74 1.47
conv6 71 -2.36 5.50 3.71 -2.24
conv6 72 -6.78 -3.63 2.13 -0.42
conv6 73 -9.06 -6.37 1.74 0.93
conv6 74 0.86 -1.68 -6.07 1.72
conv6 75 -1.44 -5.49 -2.10 6.88
conv6 76 2.28 -1.92 -1.68 -2.64
conv6 77 0.89 0.81 -0.75 -5.76
conv6 78 -0.52 -0.66 2.29 0.87
conv6 79 1.11 -6.58 -2.95 2.29
conv6 80 -7.66 -1.65 2.70 0.09
conv6 81 1.77 -4.53 -1.14 -1.62
conv6 82 4.77 -2.59 -1.83 1.77
conv6 83 0.80 2.82 0.50 0.48
conv6 84 -0.01 3.39 3.08 -6.87
conv6 85 3.54 -7.39 -3.73 3.27
conv6 86 1.77 8.03 2.75 -3.34
conv6 87 0.78 -0.87 -3.33 -1.70
conv6 88 -2.81 4.35 1.44 1.35
conv6 89 0.19 0.60 -3.45 6.27
conv6 90 -1.05 0.40 -0.42 -0.84
conv6 91 -6.93 -3.73 -1.30 0.80
conv6 92 -0.12 -3.08 -1.55 4.09
conv6 93 -1.66 -2.40 1.67 2.34
conv6 94 -0.46 3.21 1.83 -3.79
conv6 95 0.87 -4.23 -5.76 4.39
conv6 96 2.21 7.98 -0.57 -3.78
conv6 97 -6.16 -3.47 0.72 1.23
conv6 98 1.43 -6.88 -2.19 -1.20
conv6 99 -0.38 -0.60 2.92 -0.46
conv6 100 1.64 -2.00 0.88 -0.29
conv6 101 0.71 4.57 -0.69 -0.14
conv6 102 6.99 2.52 -0.84 -0.53
conv6 103 5.04 1.14 -5.04 -0.96
conv6 104 0.12 4.98 2.08 -2.74
conv6 105 0.12 -1.07 0.85 2.07
conv6 106 -4.26 -7.38 2.00 2.64
conv6 107 4.47 3.22 -1.84 -2.31
conv6 108 1.64 -4.38 -0.63 0.69
conv6 109 -0.75 -0.42 5.49 0.26
conv6 110 2.85 -6.60 0.06 -0.36
conv6 111 -5.46 2.80 2.68 2.32
conv6 112 0.92 -0.96 -2.82 3.81
conv6 113 1.39 -0.50 -1.92 4.14
conv6 114 5.19 -1.20 -0.81 -3.06
conv6 115 -2.34 3.20 -2.64 1.20
conv6 116 -3.33 3.82 2.12 -4.89
conv6 117 0.82 -4.31 -2.46 2.30
conv6 118 -10.80 2.32 -1.32 -1.05
conv6 119 -4.08 -1.31 2.02 0.96
conv6 120 0.38 4.17 0.42 -0.06
conv6 121 -0.92 -1.44 -0.90 0.69
conv6 122 3.21 2.42 -0.84 -6.61
conv6 123 4.32 3.82 -3.73 0.54
conv6 124 -4.69 4.56 0.54 -1.50
conv6 125 -0.33 -3.64 2.01 1.50
conv6 126 -2.58 9.25 -0.62 -2.24
conv6 127 0.42 -2.50 1.19 3.33
conv6 128 0.39 0.43 -3.09 0.48
conv6 129 2.28 -2.71 -4.51 2.77
conv6 130 0.03 0.68 -1.51 -0.33
conv6 131 -2.40 -7.52 -1.03 3.07
conv6 132 4.77 -1.59 -4.11 0.71
conv6 133 0.09 -0.63 0.15 -0.93
conv6 134 -1.28 -3.15 -1.27 3.33
conv6 135 -1.05 -0.68 2.10 -1.05
conv6 136 -0.36 0.02 1.88 1.50
conv6 137 2.26 -7.03 0.21 3.31
conv6 138 0.15 -4.89 0.75 1.73
conv6 139 -3.13 3.51 3.51 -2.90
conv6 140 -4.54 2.88 0.31 -2.37
conv6 141 -4.17 -1.18 4.24 3.94
conv6 142 -7.12 3.15 -1.90 2.35
conv6 143 1.68 2.70 1.14 1.74
conv6 144 0.81 -5.70 2.88 2.22
conv6 145 -0.36 -5.71 0.27 5.08
conv6 146 -0.34 -1.27 -2.38 -3.90
conv6 147 0.54 -4.26 -2.73 5.20
conv6 148 0.14 2.53 -4.06 -3.94
conv6 149 5.80 3.16 -0.81 0.38
conv6 150 3.95 -1.40 0.99 -0.57
conv6 151 -3.58 3.85 2.92 -2.70
conv6 152 -3.59 6.51 -0.01 2.41
conv6 153 -7.08 -1.05 1.77 0.09
conv6 154 -9.22 1.04 3.42 -2.11
conv6 155 7.60 3.57 -2.13 0.07
conv6 156 -0.62 2.53 -0.66 -5.16
conv6 157 -4.30 -0.60 5.71 -0.26
conv6 158 -1.14 5.23 -1.23 -2.04
conv6 159 -4.25 -3.09 0.09 -1.60
conv6 160 0.24 -2.20 3.25 0.93
conv6 161 3.18 3.37 -4.48 -0.03
conv6 162 -2.04 -1.28 2.89 5.80
conv6 163 -1.02 1.17 2.04 -0.35
conv6 164 -1.28 1.32 2.70 4.90
conv6 165 1.26 -1.25 5.33 -0.32
conv6 166 6.57 2.59 -0.13 -0.91
conv6 167 -0.09 -5.80 0.95 3.25
conv6 168 -0.18 1.00 -5.77 -4.44
conv6 169 7.91 0.49 1.08 3.97
conv6 170 2.25 -1.02 -2.95 0.04
conv6 171 -8.05 3.48 4.08 -1.60
conv6 172 -1.24 0.53 -4.08 -3.27
conv6 173 -6.27 4.78 3.81 0.91
conv6 174 2.86 -9.15 0.20 -0.75
conv6 175 -1.02 8.01 -1.11 2.64
conv6 176 2.81 -1.59 0.34 -2.30
conv6 177 -0.78 4.21 1.71 -5.49
conv6 178 -3.60 1.80 3.64 -1.25
conv6 179 2.29 2.23 -1.62 1.26
conv6 180 3.16 1.98 0.09 -4.71
conv6 181 3.60 3.40 -2.88 -3.40
conv6 182 -0.08 2.86 -0.59 -1.65
conv6 183 0.72 0.78 -0.40 -0.36
conv6 184 -1.19 -2.54 -1.68 5.29
conv6 185 -4.60 -3.28 0.27 0.65
conv6 186 -1.23 0.52 -5.67 -0.25
conv6 187 4.30 -0.18 -4.60 -2.03
conv6 188 -0.89 0.96 4.16 -3.26
conv6 189 -3.78 2.34 -2.45 0.09
conv6 190 -0.24 2.79 1.23 -7.39
conv6 191 -0.19 -3.01 1.32 1.81
conv6 192 0.15 1.24 0.59 -0.03
conv6 193 5.67 -5.11 -2.56 0.47
conv6 194 7.84 -1.95 -0.92 1.01
conv6 195 0.35 -0.45 3.12 -4.00
conv6 196 -3.25 8.28 0.28 -1.97
conv6 197 1.71 -1.21 -2.09 3.08
conv6 198 -8.79 -4.02 2.12 3.36
conv6 199 5.87 -9.84 0.73 1.98
conv6 200 0.84 3.96 -2.26 -2.77
conv6 201 -2.75 -4.62 0.50 0.27
conv6 202 -3.37 -1.67 1.49 2.04
conv6 203 0.48 3.70 1.28 -3.00
conv6 204 -2.40 0.83 0.27 2.32
conv6 205 0.27 -7.24 -2.29 3.54
conv6 206 -0.38 9.05 -0.24 -1.30
conv6 207 -3.90 0.45 -1.62 2.48
conv6 208 6.43 -5.50 -5.80 3.15
conv6 209 0.09 -1.59 -3.62 -1.35
conv6 210 -0.99 -0.48 -1.52 -1.62
conv6 211 5.34 3.63 -2.31 -4.06
conv6 212 0.62 -1.55 -1.59 3.51
conv6 213 -5.88 5.91 3.57 -3.63
conv6 214 -1.21 0.99 -1.86 -2.21
conv6 215 3.28 -3.85 0.15 2.10
conv6 216 1.04 3.43 2.18 -1.33
conv6 217 0.22 -0.72 0.57 -0.96
conv6 218 1.71 -3.72 0.86 2.03
conv6 219 1.11 3.04 -5.48 -5.10
conv6 220 1.36 -3.99 -1.08 3.47
conv6 221 1.58 -2.45 -2.23 2.86
conv6 222 -1.29 -0.71 3.09 0.15
conv6 223 7.90 0.15 0.14 0.09
conv6 224 -3.26 0.35 -1.78 -0.27
conv6 225 -2.34 1.20 2.76 -1.17
conv6 226 -2.17 8.08 0.06 -2.89
conv6 227 -1.84 -1.31 -3.07 2.26
conv6 228 3.15 -0.77 -3.00 -0.23
conv6 229 -0.90 -2.10 -2.49 1.33
conv6 230 2.13 3.91 -3.85 -4.93
conv6 231 -3.00 -2.52 -0.54 2.76
conv6 232 -4.13 1.95 3.69 -2.35
conv6 233 -1.98 -4.98 2.32 1.33
conv6 234 2.52 -2.20 -1.20 0.89
conv6 235 -1.54 2.14 1.44 -3.53
conv6 236 -0.52 -2.07 1.59 0.44
conv6 237 -2.22 2.98 0.14 -0.96
conv6 238 6.01 -2.98 -0.75 -0.08
conv6 239 7.59 -3.04 -1.80 2.47
conv6 240 -1.20 -4.24 3.12 7.99
conv6 241 1.93 -7.97 1.05 -0.63
conv6 242 1.35 -0.44 -4.54 -2.53
conv6 243 -1.64 7.71 -1.41 -2.25
conv6 244 8.99 1.46 -1.20 -0.84
conv6 245 -0.15 -0.81 0.11 2.76
conv6 246 1.53 1.85 -2.49 -1.26
conv6 247 3.78 -1.34 -5.01 2.71
conv6 248 3.78 -2.51 0.12 1.32
conv6 249 -6.51 5.34 2.32 -2.39
conv6 250 -0.81 -2.49 3.21 1.48
conv6 251 -0.45 0.27 3.23 1.36
conv6 252 -7.56 -3.67 7.75 3.46
conv6 253 -0.65 -2.16 3.22 0.48
conv6 254 -5.19 -7.16 -1.46 -0.31
conv6 255 3.69 -0.54 -0.30 7.33
conv7 0 -1.09 0.37 2.68 -0.51
conv7 1 1.61 -1.56 0.28 5.55
conv7 2 1.16 0.54 1.05 -0.21
conv7 3 11.61 0.79 -2.10 3.83
conv7 4 -7.20 -3.84 1.65 4.16
conv7 5 -2.57 -8.44 1.11 1.76
conv7 6 2.08 -8.29 -0.45 6.60
conv7 7 0.69 -0.06 0.73 4.31
conv7 8 -2.61 1.05 3.08 -3.06
conv7 9 5.19 -9.13 -3.66 -0.21
conv7 10 -0.71 3.22 0.58 -3.28
conv7 11 -0.32 -5.79 -2.70 -2.29
conv7 12 2.36 0.22 3.22 -1.88
conv7 13 -5.36 7.18 1.31 -3.75
conv7 14 -8.21 -10.33 2.53 3.36
conv7 15 0.06 -0.24 1.65 3.23
conv7 16 2.79 4.52 -2.04 -5.16
conv7 17 0.22 -9.28 0.52 3.47
conv7 18 -4.69 0.45 -0.73 -0.09
conv7 19 -4.84 3.54 5.48 -6.06
conv7 20 -5.19 -8.68 3.90 2.23
conv7 21 1.11 -5.42 -3.38 1.16
conv7 22 -2.85 -0.49 5.59 2.49
conv7 23 -2.62 -4.58 3.54 1.46
conv7 24 1.01 0.26 2.59 1.09
conv7 25 1.12 -1.67 -1.48 7.86
conv7 26 2.87 1.95 -2.34 2.47
conv7 27 1.73 1.07 1.88 1.09
conv7 28 -1.99 5.77 0.94 -3.88
conv7 29 3.23 11.68 -2.32 -7.65
conv7 30 -2.96 -5.48 5.87 -0.11
conv7 31 -1.43 5.48 -1.28 -2.48
conv7 32 -11.02 -2.16 -1.24 -0.23
conv7 33 -0.90 -5.91 3.54 0.62
conv7 34 -3.04 -4.09 4.41 -3.84
conv7 35 8.55 -4.13 0.06 3.24
conv7 36 -3.56 1.35 1.88 -3.00
conv7 37 -2.92 -8.68 1.73 1.91
conv7 38 0.28 -2.19 2.98 -2.01
conv7 39 0.00 -6.09 1.20 -1.52
conv7 40 10.07 -0.94 1.84 2.89
conv7 41 0.71 -1.82 -2.31 -3.60
conv7 42 -1.99 -1.84 2.19 3.30
conv7 43 -10.29 2.49 -0.77 3.64
conv7 44 5.51 -10.54 0.06 2.42
conv7 45 4.89 -6.11 0.96 -1.37
conv7 46 -5.49 4.84 1.24 -0.58
conv7 47 10.91 12.11 0.41 -0.49
conv7 48 -7.24 0.17 3.41 -3.51
conv7 49 9.32 -2.96 2.49 1.59
conv7 50 -5.04 -2.64 3.21 0.58
conv7 51 -12.88 -2.61 10.11 0.71
conv7 52 3.68 -0.04 0.28 -2.55
conv7 53 -7.20 -2.06 5.25 -3.53
conv7 54 3.17 -2.21 -3.71 -1.01
conv7 55 11.61 -3.64 -4.44 -1.11
conv7 56 -2.36 -0.41 1.05 -0.22
conv7 57 4.48 -5.85 -2.44 4.03
conv7 58 -0.49 -2.29 3.45 0.47
conv7 59 -2.59 1.80 -0.41 -2.40
conv7 60 2.72 -13.09 2.70 -0.30
conv7 61 3.06 2.19 -2.04 -0.98
conv7 62 -0.81 -3.11 0.66 0.73
conv7 63 -0.86 0.92 1.01 -0.11
conv7 64 -8.12 4.69 -0.52 -1.93
conv7 65 0.92 -1.65 0.71 -4.65
conv7 66 -0.73 4.11 1.11 -3.62
conv7 67 2.91 -2.59 3.13 3.36
conv7 68 -2.59 -3.32 3.19 0.11
conv7 69 3.75 3.06 -4.09 1.84
conv7 70 6.49 -5.08 -5.06 0.92
conv7 71 2.55 8.06 1.59 1.29
conv7 72 -1.39 0.56 3.19 2.10
conv7 73 0.24 0.30 4.76 2.76
conv7 74 3.51 -4.76 -0.77 2.46
conv7 75 -0.13 1.78 1.91 -0.49
conv7 76 -0.02 -4.29 1.26 0.66
conv7 77 10.63 -4.59 -6.68 1.31
conv7 78 -8.31 1.42 -1.31 0.26
conv7 79 -4.46 -1.28 -2.49 1.46
conv7 80 0.71 0.86 0.37 -2.04
conv7 81 6.36 -6.30 -2.48 0.15
conv7 82 -1.33 3.04 3.26 -5.40
conv7 83 -2.49 3.66 1.48 -2.02
conv7 84 2.16 -0.49 2.01 5.21
conv7 85 12.28 3.56 1.14 -2.74
conv7 86 -1.35 3.64 3.13 -4.13
conv7 87 12.88 -0.45 -0.92 -1.27
conv7 88 1.48 -0.26 -2.31 5.12
conv7 89 3.09 -6.00 -1.18 3.39
conv7 90 1.31 1.91 -4.28 -3.43
conv7 91 1.01 2.19 0.53 -5.25
conv7 92 0.24 -0.62 3.73 2.23
conv7 93 6.09 -2.04 1.63 -2.06
conv7 94 -3.62 1.84 0.49 -3.77
conv7 95 -0.81 0.30 -0.13 -2.83
conv7 96 3.77 7.41 2.59 -2.74
conv7 97 9.58 -4.99 -0.04 -1.24
conv7 98 -1.43 -1.46 2.02 2.04
conv7 99 -1.73 -0.53 0.58 -1.56
conv7 100 1.89 -4.11 -1.03 5.91
conv7 101 -0.51 1.24 1.20 2.96
conv7 102 1.43 -1.84 -0.96 3.04
conv7 103 -2.14 -5.12 2.74 6.41
conv7 104 -3.04 -3.92 1.29 1.31
conv7 105 7.20 4.61 -5.81 -5.08
conv7 106 -2.29 -6.26 -0.97 -3.34
conv7 107 -6.94 -7.58 -2.53 3.54
conv7 108 -0.77 2.78 0.79 -5.17
conv7 109 1.29 0.79 1.28 -2.34
conv7 110 -0.19 11.46 0.17 0.30
conv7 111 -2.33 -10.11 -5.46 2.16
conv7 112 -0.26 0.49 2.51 4.99
conv7 113 -3.62 11.83 1.46 0.68
conv7 114 -0.90 -0.79 3.41 0.64
conv7 115 -2.33 -1.20 2.02 1.09
conv7 116 12.56 0.64 -2.16 3.96
conv7 117 -1.33 -3.68 -0.79 1.61
conv7 118 -3.77 -5.42 5.01 -1.39
conv7 119 -3.99 -10.22 -1.69 0.82
conv7 120 -6.09 9.81 0.32 -0.66
conv7 121 -0.69 -1.43 -0.32 2.27
conv7 122 -3.38 1.63 0.41 0.94
conv7 123 -7.22 2.63 1.84 -0.94
conv7 124 -7.31 -4.57 -1.27 5.12
conv7 125 -3.02 2.74 -0.34 -5.42
conv7 126 0.38 -2.48 1.20 -0.28
conv7 127 6.66 -0.30 -3.99 1.42
conv7 128 -5.72 4.22 1.33 -0.84
conv7 129 -1.18 0.07 5.03 -3.39
conv7 130 -1.61 0.06 -0.26 2.66
conv7 131 -6.54 -1.11 6.45 3.34
conv7 132 -2.25 -2.76 2.33 3.15
conv7 133 1.31 -1.59 -2.16 3.79
conv7 134 0.06 -0.88 -5.14 2.49
conv7 135 1.42 3.54 1.65 -0.99
conv7 136 -0.28 3.84 0.90 0.90
conv7 137 -2.12 -4.05 0.53 0.38
conv7 138 -0.84 0.71 -1.72 3.58
conv7 139 0.84 4.07 -1.54 -3.15
conv7 140 -5.16 0.19 4.86 3.47
conv7 141 8.08 2.01 2.74 0.04
conv7 142 -2.29 1.67 4.65 -4.33
conv7 143 -2.04 -8.34 4.35 -3.92
conv7 144 11.91 -5.31 -8.06 1.71
conv7 145 -3.24 -1.76 3.64 4.37
conv7 146 2.68 7.39 0.19 -6.53
conv7 147 -3.49 -7.89 1.26 2.33
conv7 148 -2.76 -5.49 0.79 0.77
conv7 149 -0.68 -0.71 -3.92 1.67
conv7 150 1.43 1.80 -1.07 4.31
conv7 151 -12.21 1.05 -2.70 -2.40
conv7 152 -0.36 -2.85 0.51 4.46
conv7 153 5.14 -4.50 -2.48 0.47
conv7 154 0.88 4.01 -2.23 2.31
conv7 155 0.86 4.26 1.67 -6.68
conv7 156 4.99 9.13 -0.77 -5.51
conv7 157 4.78 -3.41 -1.07 -0.79
conv7 158 -0.64 0.09 -4.14 2.16
conv7 159 9.06 -9.54 -0.30 2.29
conv7 160 0.56 -0.52 -4.58 -1.31
conv7 161 -5.96 1.20 1.65 1.41
conv7 162 -4.61 0.92 2.93 -0.49
conv7 163 0.24 0.15 3.94 -2.42
conv7 164 14.25 -2.78 0.60 -1.43
conv7 165 7.33 0.90 0.23 -3.73
conv7 166 1.24 -4.14 -0.32 -2.92
conv7 167 -0.62 -0.98 -2.57 2.93
conv7 168 -0.88 4.56 -0.62 3.30
conv7 169 -1.74 -7.11 0.79 6.08
conv7 170 -0.13 0.04 -2.94 -1.27
conv7 171 -0.19 1.05 4.09 4.09
conv7 172 7.89 -1.54 -7.46 2.81
conv7 173 -2.42 -1.20 2.40 2.59
conv7 174 2.42 0.52 -3.21 -0.58
conv7 175 -0.17 -4.35 0.97 1.39
conv7 176 0.07 0.36 -2.01 -2.23
conv7 177 2.63 0.79 -2.76 -0.06
conv7 178 -9.81 -6.04 2.06 0.11
conv7 179 -0.58 -1.22 0.60 -1.35
conv7 180 0.73 -0.45 1.20 4.46
conv7 181 1.48 -2.49 -0.90 5.03
conv7 182 -0.90 6.62 -1.20 3.04
conv7 183 0.22 0.36 5.14 -6.64
conv7 184 2.19 -5.91 5.48 0.79
conv7 185 -0.62 -5.55 1.01 0.00
conv7 186 10.28 -7.56 0.11 1.09
conv7 187 -3.09 -6.06 0.90 2.98
conv7 188 -2.10 1.61 5.49 -5.29
conv7 189 -0.30 -3.92 2.81 -2.06
conv7 190 -2.21 -2.83 3.06 4.03
conv7 191 9.32 -12.69 1.61 -3.11
conv7 192 -0.30 -2.57 -1.24 5.94
conv7 193 -1.56 0.47 1.44 -1.01
conv7 194 -6.77 -0.94 6.92 -0.66
conv7 195 0.73 -0.34 -0.08 4.59
conv7 196 0.47 7.05 5.51 -5.31
conv7 197 7.54 1.65 1.11 2.96
conv7 198 0.32 2.68 0.49 -4.09
conv7 199 -3.96 15.28 -1.11 -2.42
conv7 200 0.51 -1.76 2.02 3.71
conv7 201 11.89 -2.19 0.26 1.18
conv7 202 2.70 2.61 0.96 0.73
conv7 203 -0.71 -0.13 7.16 3.45
conv7 204 -10.82 -8.31 -1.11 1.14
conv7 205 -0.51 -3.94 1.22 7.76
conv7 206 -1.69 0.66 2.96 1.07
conv7 207 2.78 3.06 3.62 -1.26
conv7 208 4.26 6.84 -0.73 -1.16
conv7 209 2.03 1.33 -5.42 -4.43
conv7 210 -0.60 -1.24 0.71 0.71
conv7 211 0.71 -0.77 -4.11 0.34
conv7 212 4.73 6.00 3.69 -1.95
conv7 213 -2.44 -2.23 3.34 5.53
conv7 214 -0.02 4.05 -0.28 -5.81
conv7 215 7.07 7.39 1.52 -0.34
conv7 216 -0.47 0.47 -0.11 2.04
conv7 217 -0.17 3.75 3.58 -2.12
conv7 218 -0.51 -5.59 -2.10 3.19
conv7 219 2.79 -7.61 1.28 0.54
conv7 220 11.72 -3.37 0.60 0.24
conv7 221 0.73 -2.68 -2.46 3.47
conv7 222 6.17 1.12 1.14 -3.53
conv7 223 5.46 -2.78 -2.96 1.35
conv7 224 -3.36 0.98 3.56 -3.38
conv7 225 -4.28 -1.74 2.96 1.88
conv7 226 0.43 -0.49 0.07 1.09
conv7 227 0.34 -7.48 -0.47 -0.15
conv7 228 -0.39 4.76 2.85 4.24
conv7 229 -0.09 -7.39 -1.54 2.49
conv7 230 -11.18 3.92 1.54 1.24
conv7 231 -5.08 0.99 5.70 -1.99
conv7 232 -3.83 7.01 2.29 -5.10
conv7 233 -6.79 -11.63 -3.43 -1.89
conv7 234 -5.51 11.01 2.40 -4.39
conv7 235 2.33 -3.53 -2.81 3.88
conv7 236 0.17 0.36 -1.69 3.56
conv7 237 -4.52 4.46 0.36 -5.55
conv7 238 0.90 -4.18 -1.44 2.78
conv7 239 -1.14 -9.90 1.50 -1.80
conv7 240 -11.87 0.88 2.46 -2.59
conv7 241 3.17 0.82 1.31 -7.18
conv7 242 7.43 0.21 -4.14 -3.15
conv7 243 -1.20 0.11 3.92 -1.99
conv7 244 9.08 -5.06 0.11 1.91
conv7 245 -4.71 9.71 5.16 0.94
conv7 246 0.04 -3.47 -0.24 2.44
conv7 247 8.25 -0.39 -2.74 -0.26
conv7 248 0.88 4.73 2.19 -4.80
conv7 249 -2.63 2.93 3.62 -1.37
conv7 250 -3.34 -5.33 2.02 -0.19
conv7 251 2.29 -3.64 -0.66 4.33
conv7 252 2.04 1.48 1.37 0.13
conv7 253 -2.57 1.76 0.86 -2.18
conv7 254 -5.36 -10.14 -1.56 3.30
conv7 255 -2.25 3.39 -3.99 2.98
conv8 0 1.18 -1.88 -0.84 -1.35
conv8 1 9.87 -10.15 1.32 -4.16
conv8 2 -2.87 -0.53 -0.73 0.31
conv8 3 -2.36 -5.48 2.36 2.14
conv8 4 -2.87 3.74 2.25 -4.27
conv8 5 4.53 -7.20 0.08 2.31
conv8 6 -5.15 -14.03 1.35 0.28
conv8 7 -3.40 -16.54 -1.60 0.93
conv8 8 -1.01 -1.57 -1.15 8.58
conv8 9 -1.80 3.85 0.08 -3.57
conv8 10 12.91 16.28 3.29 0.31
conv8 11 2.90 -2.33 -1.13 1.63
conv8 12 12.94 -7.14 -0.68 -4.05
conv8 13 0.00 -9.37 3.71 8.44
conv8 14 -2.02 2.81 -4.11 4.84
conv8 15 -1.41 9.11 4.61 -9.00
conv8 16 -1.86 4.47 -0.45 -1.04
conv8 17 2.25 0.73 0.79 1.24
conv8 18 3.68 4.95 1.29 0.87
conv8 19 3.38 -10.77 -2.05 4.19
conv8 20 0.79 5.71 2.81 -1.18
conv8 21 9.73 -10.88 -1.91 1.83
conv8 22 -3.66 -19.46 -1.46 0.39
conv8 23 -3.54 -5.01 2.59 -1.86
conv8 24 14.82 4.47 -10.80 -1.52
conv8 25 -14.46 -8.94 0.37 -1.10
conv8 26 -0.82 -7.96 0.76 6.83
conv8 27 -0.98 -4.64 -1.43 -2.36
conv8 28 -15.55 7.37 -1.57 -2.81
conv8 29 -0.20 -1.91 3.26 -5.51
conv8 30 -16.73 2.59 3.09 -3.04
conv8 31 -4.70 6.19 2.92 -3.77
conv8 32 -4.42 -1.57 1.01 -1.18
conv8 33 0.51 -1.04 -0.76 3.94
conv8 34 1.18 -2.19 5.15 0.84
conv8 35 -8.38 13.81 -1.24 1.27
conv8 36 3.57 -0.67 0.06 1.94
conv8 37 -10.52 -0.08 5.85 1.91
conv8 38 -10.80 -2.19 2.02 0.73
conv8 39 -11.53 1.13 9.90 -0.62
conv8 40 6.41 -14.91 -1.24 -0.90
conv8 41 -0.17 -5.93 -0.31 7.40
conv8 42 -0.90 -1.01 1.07 -9.34
conv8 43 9.96 -6.78 -3.94 2.64
conv8 44 3.94 0.79 1.74 1.55
conv8 45 0.67 -15.33 -0.62 -2.87
conv8 46 3.97 -3.29 0.68 -1.80
conv8 47 -0.82 -2.02 3.68 -3.21
conv8 48 9.56 3.63 -7.76 -3.09
conv8 49 -5.85 -2.59 0.17 2.14
conv8 50 -2.87 -7.65 -1.21 7.06
conv8 51 2.33 -9.25 -1.27 8.55
conv8 52 -2.98 11.84 2.17 -5.85
conv8 53 5.79 -5.79 -9.00 4.64
conv8 54 -0.45 -13.67 -6.27 8.80
conv8 55 -0.93 4.02 3.18 -4.95
conv8 56 -1.60 -3.91 4.95 -4.50
conv8 57 7.45 7.65 -3.60 -6.72
conv8 58 -3.71 1.46 3.26 -0.34
conv8 59 -0.93 11.42 0.17 -3.49
conv8 60 0.70 2.47 1.07 2.08
conv8 61 -5.54 12.32 0.68 -0.96
conv8 62 2.78 2.19 -5.01 2.31
conv8 63 0.79 19.29 0.45 -4.47
conv8 64 -8.77 -0.70 6.86 -0.17
conv8 65 6.38 -0.98 -10.97 1.35
conv8 66 -4.22 -8.44 3.63 0.98
conv8 67 4.78 5.06 1.35 -1.69
conv8 68 3.07 1.83 -2.78 -5.20
conv8 69 1.46 -1.29 0.31 2.50
conv8 70 -2.53 -7.85 -1.91 5.12
conv8 71 -1.29 -5.37 1.52 6.22
conv8 72 -1.69 2.42 -1.29 -0.90
conv8 73 -7.62 4.02 4.84 0.51
conv8 74 -7.37 -12.68 -0.96 0.93
conv8 75 -0.98 -4.67 -2.81 7.00
conv8 76 -2.25 1.01 2.47 -1.10
conv8 77 5.32 -4.53 1.80 4.78
conv8 78 1.69 2.98 -2.87 -4.11
conv8 79 0.48 2.02 -3.21 -7.40
conv8 80 0.34 -11.45 -0.65 5.54
conv8 81 6.95 20.98 2.02 -0.62
conv8 82 16.68 3.07 -6.83 3.94
conv8 83 0.45 0.22 1.35 -1.29
conv8 84 -6.55 3.32 6.86 -2.02
conv8 85 9.08 19.80 0.00 1.13
conv8 86 5.40 -0.68 1.29 3.32
conv8 87 -0.84 -16.09 1.29 1.74
conv8 88 1.52 3.21 -5.48 -0.82
conv8 89 -6.41 4.08 6.50 -4.64
conv8 90 -6.08 14.48 -0.23 -2.02
conv8 91 -2.19 7.71 -0.82 -4.89
conv8 92 -1.12 -0.84 -0.67 0.51
conv8 93 -8.35 -14.20 1.29 2.70
conv8 94 1.01 5.06 -4.81 -6.05
conv8 95 11.17 8.04 5.77 -3.99
conv8 96 -0.68 2.00 -2.08 2.19
conv8 97 8.04 -2.84 -7.17 -1.13
conv8 98 -3.54 -11.02 0.73 -1.35
conv8 99 -28.24 24.24 3.54 3.74
conv8 100 2.05 1.41 -2.42 1.29
conv8 101 2.76 -7.96 -3.54 4.78
conv8 102 1.52 -1.41 1.63 -0.39
conv8 103 0.70 0.03 -4.64 -0.68
conv8 104 -2.53 -6.36 -0.06 -4.05
conv8 105 -1.74 -5.06 2.84 -2.22
conv8 106 -3.23 0.48 -0.22 -0.42
conv8 107 2.67 6.36 -3.37 -8.27
conv8 108 8.16 -8.75 -3.40 7.06
conv8 109 2.39 -1.74 0.87 4.47
conv8 110 2.05 0.03 -3.82 1.74
conv8 111 -11.33 0.34 6.41 4.44
conv8 112 6.13 -14.34 -4.61 4.25
conv8 113 13.61 -3.37 -0.23 -2.05
conv8 114 12.35 14.77 2.14 1.29
conv8 115 1.32 -0.31 -2.42 -0.84
conv8 116 -4.84 3.15 3.88 -2.87
conv8 117 -0.34 -0.11 7.31 -8.27
conv8 118 1.55 0.76 -3.38 -3.40
conv8 119 12.74 -0.39 -1.07 -3.26
conv8 120 -1.80 1.49 -0.28 -3.49
conv8 121 10.46 -4.33 -10.38 1.69
conv8 122 3.26 1.24 -1.52 -0.34
conv8 123 5.85 4.05 -4.22 -1.58
conv8 124 19.60 20.62 -4.87 -4.16
conv8 125 -0.42 0.06 1.46 0.17
conv8 126 0.22 2.70 -1.41 -1.74
conv8 127 -0.11 -14.06 -1.60 0.51
conv8 128 11.19 0.14 -11.67 0.20
conv8 129 3.07 1.63 -0.62 -5.96
conv8 130 2.17 -2.78 -2.42 1.80
conv8 131 7.31 5.60 4.42 -0.28
conv8 132 0.82 -10.63 0.17 0.53
conv8 133 0.98 -10.66 -0.37 2.92
conv8 134 2.73 -0.28 4.36 7.51
conv8 135 1.88 -3.01 -6.47 -0.68
conv8 136 0.03 1.94 -5.68 -1.27
conv8 137 10.97 -5.88 -5.62 0.93
conv8 138 3.82 -0.37 0.68 1.52
conv8 139 -8.30 -4.47 2.42 0.37
conv8 140 7.34 6.67 -4.84 -4.11
conv8 141 -0.37 -4.89 1.57 -5.91
conv8 142 0.11 3.15 4.44 -9.90
conv8 143 7.09 -5.43 4.27 1.29
conv8 144 3.94 9.90 0.17 -3.82
conv8 145 -9.70 -12.54 0.56 -0.00
conv8 146 -8.35 -2.47 5.74 0.93
conv8 147 -0.98 -7.14 -1.72 6.95
conv8 148 5.26 -5.85 -6.75 2.76
conv8 149 0.51 0.00 -9.76 -2.36
conv8 150 3.91 -9.84 -2.36 9.48
conv8 151 -11.98 -4.89 0.28 0.17
conv8 152 -3.63 -3.88 0.14 5.74
conv8 153 5.48 10.21 -1.91 -4.50
conv8 154 3.82 8.72 2.45 -7.51
conv8 155 -2.92 0.39 -2.02 -4.78
conv8 156 11.25 -5.18 -6.44 -1.66
conv8 157 4.72 -10.94 -0.73 4.61
conv8 158 -12.97 -4.64 1.80 -1.13
conv8 159 3.99 -0.70 -1.07 -5.91
conv8 160 -1.49 6.36 2.81 -7.99
conv8 161 -2.70 11.42 1.97 -5.85
conv8 162 -1.55 -2.95 -5.17 -1.55
conv8 163 11.56 8.38 -1.94 -2.70
conv8 164 6.67 -2.03 -4.44 3.43
conv8 165 7.06 8.32 -3.97 2.36
conv8 166 4.13 -8.04 -3.88 -0.82
conv8 167 7.06 8.77 -4.30 -0.14
conv8 168 -1.32 -1.88 -0.84 2.92
conv8 169 -4.30 -2.73 6.50 4.16
conv8 170 -1.72 -6.05 6.44 5.12
conv8 171 -12.66 3.85 0.76 -1.83
conv8 172 -7.54 0.51 3.88 -4.89
conv8 173 -4.95 1.01 0.76 -2.76
conv8 174 -2.56 7.26 1.66 1.83
conv8 175 7.51 1.15 -1.38 -7.34
conv8 176 -2.28 8.86 5.15 -4.61
conv8 177 1.24 -9.76 -0.87 3.85
conv8 178 9.59 6.38 -1.77 -3.15
conv8 179 -4.61 -7.71 7.42 9.06
conv8 180 -7.71 -16.37 3.04 -2.90
conv8 181 -9.00 -1.41 2.59 4.89
conv8 182 3.32 6.64 -1.29 -1.69
conv8 183 -1.10 -3.21 3.99 -0.84
conv8 184 1.24 -13.64 -2.56 6.58
conv8 185 9.93 6.38 -7.23 -2.33
conv8 186 -6.92 -6.47 -0.25 1.60
conv8 187 4.98 -3.49 -2.33 1.83
conv8 188 6.16 17.02 1.63 -1.01
conv8 189 -11.39 -0.34 2.78 1.29
conv8 190 -4.56 -3.63 3.71 1.07
conv8 191 8.92 23.48 2.03 -1.24
conv8 192 -5.65 -0.23 10.10 -1.29
conv8 193 -0.96 2.28 7.51 5.26
conv8 194 -0.67 10.10 2.08 -9.73
conv8 195 2.62 1.57 -4.27 -3.15
conv8 196 -10.80 -0.79 2.67 -3.71
conv8 197 -1.77 -8.13 2.25 2.36
conv8 198 4.19 -6.10 -3.60 0.87
conv8 199 -4.44 -6.27 0.17 0.08
conv8 200 3.07 -12.35 0.45 1.35
conv8 201 -0.62 3.68 2.53 -2.31
conv8 202 3.29 -4.02 2.42 6.64
conv8 203 -10.12 -7.03 1.15 6.36
conv8 204 -11.14 -4.98 4.53 4.08
conv8 205 -11.28 -7.82 -5.85 -2.59
conv8 206 12.15 -8.80 0.87 -1.07
conv8 207 -7.31 0.67 11.59 -8.10
conv8 208 -0.51 0.79 6.81 0.96
conv8 209 -2.31 -5.23 1.80 9.03
conv8 210 -3.15 -3.18 0.51 -2.95
conv8 211 25.26 -8.44 1.13 -3.82
conv8 212 9.96 -3.71 -4.67 -0.73
conv8 213 5.82 -17.30 2.02 2.39
conv8 214 -0.37 -10.69 0.59 1.91
conv8 215 1.77 15.24 -1.13 2.14
conv8 216 -7.68 -5.12 -0.79 1.01
conv8 217 9.20 -13.11 -6.10 5.34
conv8 218 2.39 10.18 0.67 -5.51
conv8 219 4.58 19.74 4.30 3.23
conv8 220 -6.16 1.77 5.51 -4.50
conv8 221 0.25 -3.46 2.73 1.15
conv8 222 3.68 8.83 -1.35 -6.47
conv8 223 4.25 -4.75 -1.27 4.25
conv8 224 -3.43 11.76 1.97 -9.06
conv8 225 2.47 -1.97 0.23 0.14
conv8 226 -0.59 0.45 -0.45 3.15
conv8 227 -13.11 2.92 0.84 2.56
conv8 228 -0.90 11.02 -0.31 -6.83
conv8 229 -11.00 7.45 3.88 3.60
conv8 230 -17.38 -6.05 5.12 -2.08
conv8 231 -0.08 -2.02 3.63 3.60
conv8 232 0.51 -11.42 -2.02 3.38
conv8 233 -1.83 -20.08 2.22 4.27
conv8 234 -5.48 -10.10 8.69 6.81
conv8 235 0.84 8.92 5.77 -5.91
conv8 236 3.15 0.73 -0.79 -2.36
conv8 237 -7.57 6.08 1.27 -4.47
conv8 238 -2.25 -2.31 8.04 0.17
conv8 239 -2.98 3.23 -1.69 2.59
conv8 240 6.78 2.76 -0.45 2.95
conv8 241 -7.85 8.86 2.42 -2.53
conv8 242 0.45 10.91 -2.39 -7.00
conv8 243 7.43 9.31 1.72 -3.97
conv8 244 -0.34 1.10 3.15 -10.21
conv8 245 -4.42 -5.48 2.64 1.29
conv8 246 11.36 21.15 0.51 -2.00
conv8 247 -1.38 -1.46 1.41 -1.63
conv8 248 1.49 0.11 -6.72 2.19
conv8 249 -8.52 -0.45 -0.68 -0.34
conv8 250 1.66 -4.50 -4.36 7.17
conv8 251 0.76 -1.12 -3.26 -6.30
conv8 252 1.24 0.96 -2.70 -7.31
conv8 253 9.17 10.41 -2.33 -0.03
conv8 254 0.79 3.57 -2.76 -4.95
conv8 255 -2.28 -0.48 -1.97 -0.28
conv8 256 7.40 12.12 1.21 -4.56
conv8 257 2.08 9.90 -0.56 -0.51
conv8 258 5.82 17.52 -3.54 -6.50
conv8 259 -1.74 -7.99 1.10 -0.73
conv8 260 2.90 8.89 -2.45 -0.28
conv8 261 -2.22 4.28 1.35 -2.08
conv8 262 4.02 -11.50 -6.16 -2.05
conv8 263 -16.34 -3.12 1.52 4.78
conv8 264 -5.15 -10.88 2.25 0.11
conv8 265 1.12 2.73 3.37 1.88
conv8 266 -8.61 3.68 3.66 -3.63
conv8 267 -14.40 11.36 0.28 0.56
conv8 268 -0.34 1.88 -3.88 -1.66
conv8 269 3.18 5.65 -7.87 -9.39
conv8 270 7.96 -12.23 1.24 -4.25
conv8 271 5.12 -8.83 -0.79 -2.08
conv8 272 0.34 1.29 1.43 -6.89
conv8 273 -7.54 7.62 3.63 -3.23
conv8 274 5.15 1.88 0.90 -2.39
conv8 275 -14.15 -9.82 10.63 2.14
conv8 276 4.84 9.96 -1.07 -2.08
conv8 277 0.53 -8.86 -2.31 -2.17
conv8 278 -8.86 1.49 -1.66 2.56
conv8 279 2.53 2.67 -7.14 -2.53
conv8 280 -0.73 6.58 0.45 0.90
conv8 281 -0.34 2.47 -0.53 -4.67
conv8 282 -5.57 -1.21 0.96 -4.61
conv8 283 3.88 -10.01 -1.74 0.53
conv8 284 -2.42 -7.34 -1.13 10.18
conv8 285 1.24 -1.10 -4.08 -2.70
conv8 286 -4.16 3.18 7.62 1.69
conv8 287 0.67 4.11 2.76 2.42
conv8 288 -5.85 2.81 5.12 -1.66
conv8 289 -2.19 -2.67 -4.11 -4.11
conv8 290 7.65 -17.18 5.65 3.23
conv8 291 10.01 5.06 -4.22 -0.73
conv8 292 -0.62 -0.79 1.49 -3.60
conv8 293 3.57 22.11 1.86 1.97
conv8 294 -2.95 11.73 3.54 -4.27
conv8 295 -20.14 -1.38 -6.27 -4.44
conv8 296 2.25 2.19 1.57 -4.05
conv8 297 1.15 12.35 -1.35 -5.26
conv8 298 3.52 -12.43 -1.24 5.29
conv8 299 5.01 1.41 -0.28 -1.04
conv8 300 -6.75 3.09 3.71 -5.85
conv8 301 5.85 12.83 -2.36 1.27
conv8 302 -1.18 5.96 0.67 -3.09
conv8 303 2.67 8.75 4.70 -6.05
conv8 304 13.39 14.12 -8.18 -8.61
conv8 305 11.84 -15.83 0.20 -3.68
conv8 306 -0.90 10.35 -3.18 -5.74
conv8 307 2.90 -12.01 1.41 3.43
conv8 308 -7.26 -7.23 0.34 3.43
conv8 309 7.68 -6.72 -4.72 1.94
conv8 310 1.43 2.95 1.86 1.24
conv8 311 -0.31 6.36 5.60 -3.88
conv8 312 9.93 9.34 -0.98 -0.68
conv8 313 3.49 4.64 4.47 -7.82
conv8 314 -8.24 -2.31 2.76 -0.84
conv8 315 -2.64 1.10 2.19 -1.07
conv8 316 -6.07 -0.08 8.69 1.83
conv8 317 6.95 -7.68 -1.27 7.00
conv8 318 5.01 1.83 -3.15 -2.25
conv8 319 -10.46 9.45 -2.47 -0.45
conv8 320 -19.35 -12.82 -0.56 -2.70
conv8 321 0.79 3.88 -2.14 -7.59
conv8 322 2.59 -6.41 -1.97 1.24
conv8 323 -8.61 9.17 4.58 -0.90
conv8 324 0.65 6.07 -0.96 -6.98
conv8 325 -10.21 6.13 0.84 -0.62
conv8 326 1.55 -3.85 -3.32 1.91
conv8 327 -5.40 13.28 0.20 -3.40
conv8 328 -10.52 -5.54 3.18 2.39
conv8 329 -2.76 -7.42 0.65 -0.76
conv8 330 12.23 11.48 1.83 -4.53
conv8 331 -0.70 -2.03 2.25 -0.73
conv8 332 14.29 24.33 -1.27 -2.45
conv8 333 3.77 3.12 -2.08 2.47
conv8 334 -12.32 8.75 2.14 -2.42
conv8 335 -9.28 -5.32 0.45 2.59
conv8 336 -2.73 -3.88 -0.34 5.99
conv8 337 3.23 7.65 -4.25 -5.48
conv8 338 -0.48 8.97 -4.56 -3.04
conv8 339 4.50 -5.88 -0.79 3.15
conv8 340 0.34 0.17 0.34 9.62
conv8 341 -0.73 -2.98 -2.67 3.71
conv8 342 2.76 -9.20 0.45 3.82
conv8 343 0.90 0.70 4.56 6.33
conv8 344 6.30 7.14 -4.75 -8.21
conv8 345 -0.28 -3.85 2.17 -4.53
conv8 346 1.91 -0.17 -5.03 -2.87
conv8 347 -10.72 -1.74 0.28 -4.95
conv8 348 -2.05 13.11 -3.40 -2.22
conv8 349 0.62 8.80 1.07 -1.10
conv8 350 -1.21 -4.33 4.98 -1.10
conv8 351 5.46 1.49 -6.52 -2.00
conv8 352 -1.35 2.53 2.90 -3.26
conv8 353 2.25 8.30 -2.14 -2.08
conv8 354 -1.72 -4.36 2.64 2.19
conv8 355 3.15 -3.82 -7.37 5.06
conv8 356 1.83 1.10 0.65 4.22
conv8 357 -12.18 -3.54 8.44 -1.97
conv8 358 8.55 -11.70 -0.73 1.38
conv8 359 -2.14 9.62 -0.42 -6.44
conv8 360 7.00 10.52 -0.03 -7.09
conv8 361 -2.19 1.57 6.10 -11.87
conv8 362 1.63 -2.47 -12.85 -6.72
conv8 363 0.48 1.27 -1.49 -4.70
conv8 364 4.89 12.32 -1.94 -5.01
conv8 365 -7.03 8.16 -0.08 4.27
conv8 366 1.13 -6.64 -6.05 3.66
conv8 367 1.15 -17.55 1.24 1.29
conv8 368 -3.88 2.19 2.95 3.94
conv8 369 11.22 12.35 4.58 -1.72
conv8 370 -1.10 2.70 -0.62 -5.40
conv8 371 -0.17 1.83 -0.90 -8.61
conv8 372 2.70 8.61 -2.08 -0.98
conv8 373 -0.59 0.96 -2.59 -4.39
conv8 374 -13.89 -0.59 4.87 -2.11
conv8 375 4.84 7.90 0.79 -3.54
conv8 376 -0.51 -4.08 -0.70 -1.49
conv8 377 -8.02 -12.74 1.63 -2.25
conv8 378 -4.75 3.15 0.68 -2.98
conv8 379 2.33 -9.25 0.73 9.08
conv8 380 8.38 17.35 -2.11 2.47
conv8 381 0.28 -3.60 2.67 5.23
conv8 382 -21.49 -8.16 -1.77 2.33
conv8 383 5.34 -11.36 -2.14 6.36
conv8 384 -6.69 -2.92 2.98 8.69
conv8 385 -2.62 -17.89 1.35 0.70
conv8 386 -8.80 -5.93 1.69 1.74
conv8 387 1.41 3.57 1.72 1.86
conv8 388 0.25 -0.39 0.62 -0.17
conv8 389 -3.37 -18.79 -1.24 2.28
conv8 390 -2.50 -0.23 -0.45 6.81
conv8 391 0.31 15.10 -1.72 -1.35
conv8 392 1.88 9.00 -3.09 -4.92
conv8 393 0.56 -5.68 1.13 -2.25
conv8 394 0.45 -5.06 0.22 2.36
conv8 395 -0.82 2.28 -4.56 -6.19
conv8 396 -1.38 -9.39 1.86 2.90
conv8 397 0.96 -8.94 -1.52 0.76
conv8 398 -2.53 0.06 1.12 1.69
conv8 399 5.40 0.93 -0.67 2.62
conv8 400 -9.87 14.48 1.41 -2.48
conv8 401 4.70 -9.76 -5.09 5.01
conv8 402 1.60 4.25 -1.52 -5.82
conv8 403 -7.71 22.92 2.64 -2.17
conv8 404 0.14 -0.31 0.34 0.00
conv8 405 -9.53 -7.20 1.15 3.97
conv8 406 -5.20 7.82 7.68 -0.28
conv8 407 -13.58 3.12 -5.63 -3.12
conv8 408 -1.01 5.29 -3.23 -4.61
conv8 409 1.80 -2.25 -1.69 -0.90
conv8 410 3.43 0.93 -6.30 1.88
conv8 411 4.27 -5.99 -3.49 4.22
conv8 412 5.15 -1.32 -2.81 -3.26
conv8 413 -13.61 -8.92 -3.15 -3.37
conv8 414 15.58 5.85 -1.69 -0.84
conv8 415 1.72 1.66 1.60 -4.56
conv8 416 0.11 -3.88 1.24 4.50
conv8 417 -8.78 9.84 2.92 -6.95
conv8 418 12.40 -3.99 -5.54 1.80
conv8 419 -2.90 -5.85 4.61 -1.94
conv8 420 5.17 17.38 -1.74 8.10
conv8 421 0.53 16.73 -1.15 -8.44
conv8 422 -16.57 16.68 0.98 -3.18
conv8 423 -10.29 -6.64 4.89 -0.84
conv8 424 3.77 9.39 -2.64 -2.08
conv8 425 -5.88 -13.87 6.16 4.58
conv8 426 -1.38 -24.81 -1.80 3.60
conv8 427 -1.86 3.04 2.25 -4.89
conv8 428 -11.81 -4.61 -2.22 2.14
conv8 429 2.73 -2.70 1.57 2.45
conv8 430 6.13 -2.73 -3.29 0.51
conv8 431 -7.42 -0.28 4.78 0.79
conv8 432 -1.46 -10.01 2.56 -1.55
conv8 433 -5.54 -1.32 -4.81 1.72
conv8 434 -1.18 11.90 -0.87 -8.04
conv8 435 -8.10 3.07 3.32 1.86
conv8 436 -1.97 -2.59 4.39 1.97
conv8 437 10.74 -12.91 0.34 2.42
conv8 438 7.00 3.80 -8.94 -7.99
conv8 439 -5.71 -16.82 -2.00 3.91
conv8 440 0.98 1.46 -8.44 1.46
conv8 441 0.51 0.03 -7.03 1.46
conv8 442 -8.72 0.90 8.21 2.53
conv8 443 18.31 6.30 -2.87 -6.27
conv8 444 -2.73 -1.46 8.97 0.98
conv8 445 8.18 -3.54 -5.32 2.53
conv8 446 -14.09 5.20 1.52 1.01
conv8 447 -7.26 -7.09 -0.34 0.96
conv8 448 -1.88 12.54 3.09 -2.76
conv8 449 -4.44 10.21 -0.84 -7.42
conv8 450 3.26 23.60 0.22 2.90
conv8 451 2.78 16.42 -0.37 -0.37
conv8 452 -2.05 1.32 -2.02 -2.31
conv8 453 -1.29 1.15 -2.11 4.25
conv8 454 6.13 -17.32 1.94 -1.66
conv8 455 -7.85 -9.20 3.21 7.03
conv8 456 0.06 -8.41 3.35 6.05
conv8 457 -5.37 -2.53 4.58 -1.29
conv8 458 -5.74 -3.43 1.69 2.36
conv8 459 -11.62 -10.32 2.53 -0.90
conv8 460 -3.40 -2.33 4.81 1.24
conv8 461 21.32 -15.19 1.74 -0.28
conv8 462 4.95 0.20 3.32 4.42
conv8 463 1.86 -0.79 -3.63 5.85
conv8 464 -2.14 0.84 0.11 -1.41
conv8 465 -1.24 -2.64 2.67 0.87
conv8 466 -0.06 7.42 1.91 -7.82
conv8 467 0.45 -11.00 -0.45 5.60
conv8 468 6.44 3.26 -5.20 -2.45
conv8 469 -4.61 3.80 3.74 -3.63
conv8 470 -1.43 3.94 1.07 -2.64
conv8 471 -4.50 1.49 1.49 -2.53
conv8 472 -4.33 -0.08 2.25 2.03
conv8 473 6.55 -0.79 -9.87 -4.47
conv8 474 -0.76 4.75 -0.90 -1.46
conv8 475 -9.17 4.39 0.62 -2.36
conv8 476 1.24 0.62 -9.82 0.76
conv8 477 -1.01 5.51 3.63 0.48
conv8 478 2.42 -0.22 -4.05 -0.68
conv8 479 -13.67 15.10 -2.42 0.45
conv8 480 12.37 0.62 -5.65 -1.49
conv8 481 1.15 -2.47 -4.53 0.62
conv8 482 5.34 2.76 -2.90 -4.19
conv8 483 4.05 4.30 -1.49 -6.67
conv8 484 12.60 10.04 -2.31 -4.25
conv8 485 8.30 -2.81 -6.05 -1.07
conv8 486 -1.49 4.19 4.58 -9.00
conv8 487 -5.12 9.06 -3.29 -0.68
conv8 488 -2.90 -9.00 -1.74 -0.45
conv8 489 2.56 13.81 0.06 -7.82
conv8 490 0.20 -12.15 -5.77 5.71
conv8 491 -14.23 5.17 0.45 -1.24
conv8 492 6.72 0.73 -2.31 0.93
conv8 493 1.38 3.04 -0.17 -0.28
conv8 494 -6.75 3.77 0.51 -4.61
conv8 495 -9.82 -11.17 -1.24 2.31
conv8 496 2.87 3.94 -0.37 -1.69
conv8 497 5.17 4.44 -3.12 -7.37
conv8 498 -5.74 0.70 5.51 -0.93
conv8 499 -13.16 -16.00 1.24 -0.39
conv8 500 15.64 3.60 -2.98 -0.98
conv8 501 6.97 9.37 -1.74 -2.08
conv8 502 -1.46 -3.15 -1.49 -3.07
conv8 503 -5.79 1.97 4.33 -0.98
conv8 504 -5.37 -4.75 2.47 -1.52
conv8 505 -3.52 -2.50 4.50 2.00
conv8 506 -1.91 3.91 2.08 -4.50
conv8 507 -12.88 13.56 3.07 -1.43
conv8 508 6.44 15.24 -2.47 -4.16
conv8 509 -3.01 -5.15 4.72 7.48
conv8 510 2.87 -7.54 0.96 7.03
conv8 511 -1.55 2.92 5.85 0.11
conv9 0 -2.92 14.32 -1.71 -5.99
conv9 1 6.20 -5.63 -1.39 10.15
conv9 2 -4.56 -1.46 -1.00 2.99
conv9 3 -1.85 -11.33 2.60 11.79
conv9 4 -8.12 7.55 5.95 -3.35
conv9 5 -18.85 6.52 6.23 -5.20
conv9 6 3.06 -2.64 2.57 11.90
conv9 7 -4.52 -4.13 4.38 1.89
conv9 8 7.55 1.43 -9.73 -0.18
conv9 9 0.11 -6.59 2.81 -2.57
conv9 10 -2.85 -13.22 -1.43 5.91
conv9 11 -0.64 1.75 4.81 -0.89
conv9 12 3.74 0.07 -8.51 7.34
conv9 13 1.35 19.95 -1.28 3.53
conv9 14 0.28 0.29 1.78 1.60
conv9 15 3.42 5.70 -7.30 -3.17
conv9 16 -12.61 -1.71 4.70 3.35
conv9 17 -4.03 15.85 -0.46 2.21
conv9 18 -19.27 25.72 1.28 3.42
conv9 19 -1.35 1.50 -6.20 3.46
conv9 20 4.52 8.05 -2.53 -8.37
conv9 21 -0.57 0.36 -3.38 -12.15
conv9 22 -3.85 -6.02 2.46 3.95
conv9 23 3.42 6.73 1.28 1.85
conv9 24 1.67 -24.15 2.81 5.99
conv9 25 -2.00 -0.57 -2.28 -0.64
conv9 26 0.39 -7.91 -2.85 6.52
conv9 27 5.63 0.39 -4.60 1.46
conv9 28 -23.90 31.49 -1.39 -3.53
conv9 29 0.18 -4.74 4.81 14.57
conv9 30 -6.95 10.76 -3.60 -7.62
conv9 31 -2.03 13.32 0.93 -6.27
conv9 32 6.34 0.71 2.89 1.78
conv9 33 -6.48 -4.88 1.39 7.77
conv9 34 0.46 -2.74 -6.09 9.23
conv9 35 2.28 18.56 -0.96 0.78
conv9 36 -10.87 1.53 5.91 1.42
conv9 37 -4.13 -13.43 1.71 2.21
conv9 38 -9.33 0.07 4.67 -3.28
conv9 39 -13.39 9.33 1.35 -3.38
conv9 40 -7.16 -4.56 8.41 3.17
conv9 41 -1.75 -2.21 0.78 -0.32
conv9 42 2.21 -9.62 -5.81 3.31
conv9 43 -10.15 -15.60 1.35 -2.24
conv9 44 1.43 0.39 -2.17 -1.21
conv9 45 -0.86 -6.91 4.17 7.48
conv9 46 -0.39 4.03 -5.70 -4.31
conv9 47 1.18 -12.36 3.03 1.82
conv9 48 -2.39 -0.36 1.25 7.70
conv9 49 -9.19 14.71 1.64 -12.40
conv9 50 -4.60 -6.09 0.71 1.67
conv9 51 4.74 -5.66 3.14 -9.76
conv9 52 -8.51 1.43 -0.46 1.10
conv9 53 -9.83 1.67 -0.28 -1.82
conv9 54 2.74 19.56 -1.28 -8.09
conv9 55 3.24 6.13 6.95 -1.32
conv9 56 -1.39 -7.13 -0.53 -5.09
conv9 57 9.94 -15.39 1.14 0.86
conv9 58 -1.60 -1.10 2.71 0.78
conv9 59 -1.71 4.99 1.82 -9.48
conv9 60 -3.56 2.78 -0.07 2.17
conv9 61 2.67 0.96 2.32 -2.17
conv9 62 -0.21 5.20 0.18 0.96
conv9 63 12.50 -0.71 -15.18 2.21
conv9 64 -1.43 -7.27 -0.32 -0.82
conv9 65 2.96 3.17 1.39 -1.89
conv9 66 -2.42 -0.32 5.34 0.50
conv9 67 3.28 3.38 -7.80 -0.18
conv9 68 -12.50 20.41 0.68 -3.74
conv9 69 11.58 -10.76 0.07 -1.42
conv9 70 4.31 -16.71 -0.43 11.26
conv9 71 -9.05 6.66 12.58 -1.60
conv9 72 1.53 -0.28 -3.03 -0.14
conv9 73 -10.22 -2.96 4.06 2.74
conv9 74 -6.02 9.69 3.14 -5.34
conv9 75 -9.37 -0.78 2.71 -0.11
conv9 76 -24.58 1.50 -2.96 -5.74
conv9 77 -1.21 -20.38 -5.74 -0.43
conv9 78 13.25 -2.81 -4.10 2.10
conv9 79 -13.04 14.61 2.07 -0.78
conv9 80 32.56 -16.53 0.78 2.42
conv9 81 -8.51 -7.30 -0.50 -0.89
conv9 82 -7.77 22.76 -1.78 -0.46
conv9 83 1.71 -5.77 -3.49 6.63
conv9 84 13.86 -20.59 2.24 -0.32
conv9 85 3.56 0.85 -7.66 -6.23
conv9 86 -13.89 -9.48 3.74 2.57
conv9 87 0.50 7.30 -1.50 -3.03
conv9 88 -3.06 -4.17 2.39 10.12
conv9 89 -9.94 10.72 -9.16 -3.92
conv9 90 -8.09 3.53 15.03 -2.32
conv9 91 3.42 4.77 -2.07 -7.23
conv9 92 4.49 -8.26 -3.10 5.41
conv9 93 1.85 3.88 -1.57 -7.30
conv9 94 18.38 -4.38 0.78 3.85
conv9 95 -3.67 -15.92 2.71 -1.92
conv9 96 5.77 -7.87 8.41 -0.96
conv9 97 -17.99 0.21 -0.86 2.00
conv9 98 -0.64 1.60 -3.63 -6.09
conv9 99 14.04 -23.83 -3.78 -5.24
conv9 100 -11.83 -22.16 1.32 3.99
conv9 101 16.24 5.77 0.50 1.46
conv9 102 -23.30 -13.54 -1.43 4.31
conv9 103 -0.53 -2.35 -2.24 1.39
conv9 104 -1.25 -3.56 1.43 -2.07
conv9 105 2.64 6.02 -1.43 -0.21
conv9 106 8.91 14.82 0.53 -10.62
conv9 107 -0.93 -1.99 2.92 4.03
conv9 108 15.43 -5.02 -12.15 2.24
conv9 109 -4.35 -8.12 1.89 -2.00
conv9 110 -17.95 -10.83 1.78 -4.35
conv9 111 -1.82 -0.36 8.44 2.39
conv9 112 -33.91 -12.08 0.96 -7.09
conv9 113 26.18 -1.85 -2.53 1.43
conv9 114 17.21 -0.75 -1.14 -1.92
conv9 115 -1.89 4.99 -6.27 -10.83
conv9 116 14.14 17.10 -1.92 -2.92
conv9 117 8.98 -10.58 -1.43 5.95
conv9 118 -0.39 0.50 0.14 -0.04
conv9 119 -0.25 -3.31 -2.42 8.55
conv9 120 0.18 26.01 -3.67 1.71
conv9 121 1.50 1.50 1.71 1.50
conv9 122 12.36 16.85 -1.43 0.32
conv9 123 -10.97 -11.54 -0.86 7.09
conv9 124 0.61 8.16 -6.38 -4.06
conv9 125 -4.20 6.73 0.04 -14.18
conv9 126 17.63 -1.82 -0.57 -4.17
conv9 127 -2.32 -0.36 2.64 8.80
conv9 128 1.14 -3.88 -4.88 6.23
conv9 129 2.17 -3.38 0.93 -4.70
conv9 130 7.98 12.93 -0.93 -10.51
conv9 131 -20.38 0.46 3.42 -4.74
conv9 132 -4.20 3.78 1.39 3.28
conv9 133 0.75 0.07 -5.20 2.60
conv9 134 19.24 -14.36 -4.85 5.24
conv9 135 5.38 -14.93 1.28 -0.43
conv9 136 -21.02 -11.47 3.10 5.42
conv9 137 4.63 -0.28 -5.02 5.95
conv9 138 -8.27 11.93 -0.93 1.75
conv9 139 -5.45 -24.33 0.68 -0.46
conv9 140 -0.57 -0.78 3.63 7.77
conv9 141 1.18 1.53 0.68 -2.99
conv9 142 14.86 23.19 0.93 2.21
conv9 143 4.99 -5.77 2.39 -9.19
conv9 144 -20.16 -4.63 4.35 0.50
conv9 145 -8.27 13.61 3.78 -5.02
conv9 146 -0.46 2.46 4.31 -0.57
conv9 147 7.59 9.62 -4.81 -7.02
conv9 148 -1.78 -16.46 2.07 7.73
conv9 149 3.06 0.82 -8.76 1.85
conv9 150 3.49 6.95 -5.81 -3.03
conv9 151 2.49 1.07 0.14 1.10
conv9 152 1.25 2.78 -4.42 -9.33
conv9 153 5.98 -8.05 -0.28 -6.13
conv9 154 0.36 0.21 0.07 1.96
conv9 155 -1.00 2.64 1.46 -11.79
conv9 156 10.05 1.00 2.78 0.86
conv9 157 9.01 1.39 0.46 -3.74
conv9 158 -25.65 24.76 4.45 -4.49
conv9 159 -4.92 -5.77 4.17 -1.46
conv9 160 -7.23 9.26 4.24 -8.37
conv9 161 -4.35 -10.01 0.00 5.70
conv9 162 0.71 -0.71 1.21 2.00
conv9 163 2.17 6.13 -3.46 -3.74
conv9 164 -6.63 -3.60 -0.46 -4.03
conv9 165 4.13 -5.70 -2.92 2.14
conv9 166 -3.35 -1.78 -1.21 -0.71
conv9 167 1.32 2.99 -6.66 -10.12
conv9 168 -9.05 -6.34 -4.70 0.68
conv9 169 1.50 -0.14 1.43 0.28
conv9 170 0.78 -12.68 -2.32 1.82
conv9 171 8.12 0.61 -3.88 -0.46
conv9 172 -4.56 13.43 1.75 -0.39
conv9 173 -6.66 9.23 0.96 0.75
conv9 174 16.57 -15.32 0.71 -4.42
conv9 175 -1.60 -8.34 -3.85 10.33
conv9 176 -8.37 21.95 0.61 3.49
conv9 177 20.81 -4.81 -0.46 -3.03
conv9 178 -3.42 -7.87 -1.53 6.73
conv9 179 -7.09 5.81 0.85 0.57
conv9 180 -0.28 -8.37 1.89 3.21
conv9 181 2.67 1.00 2.14 -0.68
conv9 182 0.21 -4.17 -4.67 6.91
conv9 183 8.66 -0.86 -5.59 -0.32
conv9 184 -10.94 2.00 4.28 3.63
conv9 185 1.96 0.86 -4.10 8.80
conv9 186 3.24 6.88 -4.52 -7.09
conv9 187 -3.35 -14.43 -0.82 0.43
conv9 188 -30.60 6.13 -1.07 -4.60
conv9 189 -3.31 22.94 2.89 -4.74
conv9 190 -7.55 -0.46 2.28 1.14
conv9 191 3.95 2.28 -1.67 -3.38
conv9 192 -0.71 -1.75 3.67 -5.77
conv9 193 -1.53 -0.32 2.24 0.11
conv9 194 -27.32 28.50 -1.92 3.03
conv9 195 -19.42 -0.50 -7.77 -0.28
conv9 196 0.53 -1.78 -0.82 -4.31
conv9 197 -5.77 -18.88 -1.07 1.32
conv9 198 0.50 -21.62 2.14 1.43
conv9 199 -6.66 8.59 10.12 -3.49
conv9 200 6.31 1.14 -8.55 -14.14
conv9 201 -1.78 7.59 1.32 -3.53
conv9 202 -1.25 2.35 -1.03 -11.79
conv9 203 6.73 18.74 0.11 -1.46
conv9 204 -7.94 6.02 0.04 -4.56
conv9 205 12.47 -13.54 -1.32 0.00
conv9 206 0.14 2.99 -1.35 -2.46
conv9 207 -7.41 8.94 6.48 -6.34
conv9 208 17.85 -6.31 -21.09 0.11
conv9 209 -8.02 -2.57 -2.49 6.91
conv9 210 1.42 -8.30 3.10 5.49
conv9 211 -12.97 -19.06 4.17 -1.46
conv9 212 -13.25 10.44 -5.81 -6.09
conv9 213 -1.25 3.24 -3.38 -0.21
conv9 214 4.13 3.81 -8.09 -5.20
conv9 215 -0.11 -5.95 -5.17 5.56
conv9 216 15.11 -6.73 2.53 -2.53
conv9 217 -15.39 -17.56 -1.82 -2.57
conv9 218 -21.37 -16.89 -2.39 0.04
conv9 219 -8.30 2.03 5.17 -4.38
conv9 220 -7.84 -1.85 10.37 -0.32
conv9 221 -4.49 -4.77 6.02 4.77
conv9 222 -2.49 -9.73 -0.14 7.05
conv9 223 -7.84 2.10 3.53 -2.85
conv9 224 3.35 -6.52 2.24 -1.82
conv9 225 16.53 1.28 -11.47 -0.00
conv9 226 12.40 -2.21 -1.64 0.07
conv9 227 -2.67 -8.51 -2.81 11.22
conv9 228 15.78 -7.77 -1.21 0.71
conv9 229 -7.23 -7.34 3.49 4.74
conv9 230 -2.21 0.82 1.07 -0.25
conv9 231 0.71 -4.42 -2.07 5.84
conv9 232 -4.60 -18.03 -0.53 3.38
conv9 233 8.02 -13.00 -0.89 3.03
conv9 234 -7.05 -5.27 9.55 6.48
conv9 235 -13.36 0.75 1.85 -0.07
conv9 236 3.35 -7.94 -3.81 4.74
conv9 237 -8.05 -9.62 -0.82 7.52
conv9 238 -0.46 -1.35 -2.78 -9.90
conv9 239 24.01 -5.06 -0.21 1.60
conv9 240 -26.18 -9.37 -1.28 -2.57
conv9 241 16.96 13.39 1.00 1.75
conv9 242 7.98 -7.52 -2.64 10.33
conv9 243 2.24 11.04 -4.06 -8.69
conv9 244 7.70 5.17 5.20 3.88
conv9 245 10.33 0.53 -6.16 -7.05
conv9 246 -5.70 -0.14 -3.95 -1.28
conv9 247 2.81 1.32 -4.95 1.10
conv9 248 -3.17 3.31 0.50 8.73
conv9 249 -4.77 -1.64 5.52 -4.17
conv9 250 3.99 -2.35 -7.55 6.80
conv9 251 3.31 4.60 -2.28 1.60
conv9 252 -11.76 -1.07 16.89 6.34
conv9 253 0.53 1.00 2.32 -6.09
conv9 254 1.21 2.07 2.42 -3.10
conv9 255 0.86 -2.57 0.36 2.07
conv9 256 -29.35 -19.13 -4.20 0.71
conv9 257 6.23 -6.80 0.21 -4.28
conv9 258 -1.00 -6.66 -5.84 6.06
conv9 259 -27.57 8.34 0.11 -3.46
conv9 260 1.00 3.17 -5.77 -7.59
conv9 261 -0.18 -11.83 -2.07 8.62
conv9 262 -0.43 2.92 -1.92 -1.67
conv9 263 -1.14 -8.16 0.36 -3.49
conv9 264 4.81 11.72 -5.59 -4.49
conv9 265 -2.03 -1.25 0.00 9.90
conv9 266 -6.09 8.34 2.56 -5.20
conv9 267 -2.21 -3.56 2.03 -1.10
conv9 268 -10.83 -9.40 4.24 4.20
conv9 269 -10.05 -11.19 1.39 8.41
conv9 270 1.78 -5.27 2.53 10.01
conv9 271 -0.68 -4.06 -2.78 3.92
conv9 272 -8.44 7.77 6.09 -8.48
conv9 273 0.25 3.49 10.15 -4.17
conv9 274 3.14 -19.74 -2.39 -0.53
conv9 275 -1.10 -0.39 3.53 5.13
conv9 276 -4.85 -11.26 7.23 3.81
conv9 277 -9.94 0.89 -8.02 1.32
conv9 278 -6.98 -12.93 2.60 0.11
conv9 279 -1.85 -10.76 -1.35 -3.14
conv9 280 -13.79 -1.92 6.63 3.14
conv9 281 8.23 -12.43 -3.88 6.91
conv9 282 4.56 -2.78 -5.74 4.03
conv9 283 1.07 -3.03 -4.06 0.57
conv9 284 -31.17 1.50 -2.46 0.93
conv9 285 -18.38 -5.13 1.92 2.46
conv9 286 0.07 -2.85 -2.89 2.96
conv9 287 -3.67 -24.51 1.35 -4.31
conv9 288 4.27 1.96 -2.32 -7.98
conv9 289 1.07 5.59 -0.28 -7.94
conv9 290 10.54 1.67 -3.06 0.78
conv9 291 -1.75 0.96 9.44 11.04
conv9 292 9.40 0.39 -3.14 -3.63
conv9 293 7.87 -4.70 -3.03 8.73
conv9 294 -21.59 15.89 2.17 1.92
conv9 295 -1.43 1.85 -0.78 -9.48
conv9 296 -5.84 19.38 2.24 -3.31
conv9 297 1.75 21.62 -2.92 -8.44
conv9 298 -4.81 13.89 2.85 -3.42
conv9 299 -11.51 -2.64 -1.39 1.92
conv9 300 6.55 20.13 -3.92 -4.28
conv9 301 4.70 -15.18 -0.25 -1.57
conv9 302 13.61 6.52 -1.67 -5.06
conv9 303 -1.28 -2.35 0.85 1.53
conv9 304 15.82 -5.66 -0.36 1.28
conv9 305 -2.46 -11.47 -6.56 4.70
conv9 306 11.58 2.92 -6.66 3.42
conv9 307 3.49 2.10 2.78 4.63
conv9 308 0.39 1.00 -2.10 5.88
conv9 309 1.50 4.35 -13.36 -6.31
conv9 310 1.99 -15.85 -3.42 8.27
conv9 311 -9.19 -2.64 7.37 3.53
conv9 312 11.36 11.97 -0.89 -4.88
conv9 313 23.66 11.01 2.07 -3.14
conv9 314 -3.21 -0.14 3.71 15.71
conv9 315 0.32 9.76 -3.03 -7.34
conv9 316 -6.06 -0.14 -3.78 -0.82
conv9 317 -5.09 -2.17 2.35 1.14
conv9 318 3.60 -4.42 -0.32 -2.60
conv9 319 3.03 5.95 -5.31 4.92
conv9 320 4.95 -8.37 -0.71 4.20
conv9 321 -18.38 -8.27 -10.22 -0.18
conv9 322 -0.71 -0.61 1.89 -5.20
conv9 323 8.80 -13.00 -0.14 1.35
conv9 324 -16.99 3.99 -3.81 5.24
conv9 325 -8.09 -1.53 6.20 9.94
conv9 326 8.41 1.43 -9.97 -15.35
conv9 327 0.61 -14.39 1.50 2.28
conv9 328 3.03 -2.21 6.88 1.21
conv9 329 -17.56 2.07 -0.07 -1.35
conv9 330 10.54 -3.99 -1.64 4.06
conv9 331 0.61 -24.51 -4.42 -3.81
conv9 332 -30.85 -5.34 -1.85 2.07
conv9 333 6.16 8.48 -4.70 -3.67
conv9 334 0.14 -0.21 -6.77 -3.67
conv9 335 13.32 -17.31 -0.28 -3.46
conv9 336 0.04 -1.18 3.14 0.86
conv9 337 -11.19 4.88 1.67 -10.19
conv9 338 9.69 -6.70 -3.85 5.41
conv9 339 -7.94 5.49 3.53 -2.49
conv9 340 -12.36 -1.18 4.28 -7.27
conv9 341 -1.67 -1.64 0.75 2.17
conv9 342 6.27 13.18 0.28 -6.09
conv9 343 11.08 -13.39 -3.24 6.20
conv9 344 3.46 14.36 -2.64 -1.78
conv9 345 1.57 0.39 2.96 0.43
conv9 346 -2.28 -5.49 1.64 -2.49
conv9 347 4.31 -10.19 -0.46 7.12
conv9 348 3.99 -4.10 -3.38 2.49
conv9 349 -1.96 -0.53 -4.28 -1.82
conv9 350 1.07 -2.78 -4.49 5.84
conv9 351 -4.60 0.85 -10.26 -15.28
conv9 352 -0.11 -9.19 -0.96 2.21
conv9 353 -16.96 7.34 2.85 -13.54
conv9 354 -20.13 6.38 2.03 -3.71
conv9 355 4.17 1.18 -8.09 -5.81
conv9 356 2.74 -1.00 -6.84 7.27
conv9 357 18.99 15.00 0.75 -6.80
conv9 358 0.71 1.39 0.78 -3.88
conv9 359 7.69 2.49 -1.57 -6.70
conv9 360 -12.08 -12.08 1.39 -1.39
conv9 361 -1.00 5.77 -0.21 1.39
conv9 362 0.21 -3.71 -3.03 2.60
conv9 363 0.78 1.46 -1.03 -2.92
conv9 364 0.96 2.78 -3.35 -6.77
conv9 365 -13.22 -14.93 1.46 13.89
conv9 366 -3.21 -2.81 5.56 4.63
conv9 367 -11.08 -2.07 2.42 -3.10
conv9 368 0.78 -2.99 6.77 4.74
conv9 369 -10.08 8.98 -3.81 -0.53
conv9 370 -5.52 -3.56 5.66 -3.06
conv9 371 5.27 -5.91 -1.64 4.13
conv9 372 7.37 -7.62 4.60 -0.78
conv9 373 8.02 -22.66 -0.68 -0.57
conv9 374 -8.66 11.26 4.31 -3.10
conv9 375 5.13 4.20 0.50 -0.61
conv9 376 -7.73 -1.67 1.96 11.08
conv9 377 -1.07 -5.09 0.11 8.51
conv9 378 -9.48 10.90 -0.39 3.88
conv9 379 -5.63 -2.42 -0.96 0.53
conv9 380 -9.19 8.98 3.78 -2.35
conv9 381 -5.66 16.32 -7.23 -5.41
conv9 382 -4.70 -16.14 -1.57 1.25
conv9 383 6.41 10.47 -0.04 5.63
conv9 384 -11.36 -4.95 12.33 -0.29
conv9 385 -6.77 12.86 0.14 -5.09
conv9 386 1.39 -1.35 -0.32 -4.60
conv9 387 -5.24 2.78 1.03 -4.81
conv9 388 -7.34 -1.35 -5.06 0.75
conv9 389 -10.05 -8.37 -1.18 2.53
conv9 390 -1.85 10.01 -7.09 -4.31
conv9 391 -1.89 7.55 -1.43 -3.56
conv9 392 -0.21 2.24 -0.93 3.92
conv9 393 14.07 -16.32 1.92 -3.74
conv9 394 27.86 1.46 0.21 -0.64
conv9 395 11.40 -24.30 0.07 -4.24
conv9 396 -5.06 -2.64 2.10 1.92
conv9 397 15.07 6.98 -8.69 -6.84
conv9 398 -13.29 7.91 6.41 0.36
conv9 399 4.13 0.96 1.92 2.42
conv9 400 -1.46 1.67 -0.28 -0.71
conv9 401 -4.42 -7.34 5.27 -2.67
conv9 402 9.12 3.88 -10.97 -3.38
conv9 403 -10.30 -4.31 3.78 -2.07
conv9 404 11.47 17.81 -2.53 -2.03
conv9 405 -3.35 -22.59 -0.57 4.06
conv9 406 -18.63 1.32 -0.43 4.49
conv9 407 -9.94 21.16 -1.18 -2.96
conv9 408 -0.36 3.10 3.14 -3.85
conv9 409 17.49 -4.03 3.21 0.36
conv9 410 -5.91 -2.99 9.40 3.14
conv9 411 4.20 19.20 -3.95 -2.78
conv9 412 20.52 5.70 -8.80 -0.00
conv9 413 3.81 -0.36 -15.85 -3.24
conv9 414 1.25 -5.66 -4.92 5.98
conv9 415 15.43 0.25 -1.03 1.71
conv9 416 3.92 3.95 0.57 3.06
conv9 417 -10.12 -18.92 1.35 -7.80
conv9 418 -1.35 -1.71 5.91 1.10
conv9 419 1.18 -17.67 -2.49 -9.19
conv9 420 -3.38 3.81 3.78 -0.21
conv9 421 8.94 -9.23 1.10 10.01
conv9 422 -4.88 -0.85 8.30 -4.03
conv9 423 0.93 16.03 -5.31 -3.10
conv9 424 20.88 -5.13 -2.49 3.14
conv9 425 -0.36 -2.96 5.84 15.35
conv9 426 8.48 -6.88 -1.50 6.88
conv9 427 1.03 -2.46 -1.89 4.13
conv9 428 -1.85 0.43 -1.21 -2.49
conv9 429 -3.03 -0.61 3.88 -1.60
conv9 430 -1.32 1.03 -4.60 -5.91
conv9 431 5.66 18.95 0.29 -3.99
conv9 432 3.46 -4.10 -2.03 5.59
conv9 433 -18.74 -14.36 0.53 1.50
conv9 434 0.11 2.64 -9.87 -2.39
conv9 435 17.63 8.66 -0.43 0.36
conv9 436 -3.06 -1.25 5.34 10.12
conv9 437 -0.04 2.57 0.75 -0.53
conv9 438 2.49 -4.84 -5.88 6.27
conv9 439 -5.56 -8.05 0.28 2.00
conv9 440 -0.64 -11.83 4.81 9.97
conv9 441 -0.89 1.89 -2.24 -9.90
conv9 442 10.65 -16.03 -4.56 -0.50
conv9 443 -24.55 -11.19 3.85 1.99
conv9 444 3.60 -17.14 -3.10 3.28
conv9 445 -7.91 9.69 1.00 -2.39
conv9 446 2.03 6.59 -4.03 -4.35
conv9 447 6.20 3.31 1.71 -4.45
conv9 448 7.52 -15.07 -1.50 6.95
conv9 449 15.39 -9.30 4.77 0.32
conv9 450 21.20 -2.39 -10.01 1.07
conv9 451 6.13 -2.81 -1.14 -0.93
conv9 452 11.83 7.87 -4.70 -8.34
conv9 453 -3.63 16.64 -0.07 -5.88
conv9 454 13.43 22.19 1.82 5.24
conv9 455 -9.58 21.02 0.14 -7.84
conv9 456 -0.18 -3.38 -1.67 7.59
conv9 457 -3.99 1.60 -1.53 -2.74
conv9 458 -0.11 -14.89 -0.43 6.48
conv9 459 -5.91 -2.32 -6.23 -10.12
conv9 460 -15.75 -31.63 4.42 -2.81
conv9 461 -1.28 -0.28 -0.53 -16.78
conv9 462 4.92 -5.56 -11.83 10.33
conv9 463 0.07 -0.53 -2.78 -12.97
conv9 464 7.16 -10.65 -6.77 3.81
conv9 465 -6.13 0.21 5.66 0.75
conv9 466 -9.90 -0.25 1.03 0.61
conv9 467 -4.56 18.74 -5.34 -0.85
conv9 468 -14.07 -6.09 -3.24 0.21
conv9 469 3.99 -9.90 -0.29 4.67
conv9 470 2.03 0.04 0.00 14.68
conv9 471 14.29 -3.14 -1.67 3.67
conv9 472 7.16 0.57 -7.34 0.82
conv9 473 0.04 1.57 4.67 0.50
conv9 474 -10.79 10.26 1.00 -0.14
conv9 475 5.84 1.64 1.42 -3.63
conv9 476 7.59 -2.74 -5.13 3.38
conv9 477 13.57 -12.18 1.67 1.00
conv9 478 3.56 -16.67 -2.71 0.85
conv9 479 5.02 1.57 -1.46 -3.10
conv9 480 14.50 -2.53 -8.98 0.82
conv9 481 1.03 4.13 -5.42 -9.55
conv9 482 0.82 -14.43 2.71 1.00
conv9 483 -12.50 2.32 5.27 0.78
conv9 484 0.86 0.43 -0.14 -0.04
conv9 485 -3.99 3.49 -1.46 -7.34
conv9 486 -3.60 -2.85 2.10 15.07
conv9 487 -2.74 -4.81 5.34 3.85
conv9 488 -6.48 4.20 0.71 2.07
conv9 489 0.18 6.63 0.04 -6.23
conv9 490 -5.38 16.21 0.68 -3.14
conv9 491 9.26 2.03 -8.12 -2.60
conv9 492 -2.81 -14.57 -0.18 1.75
conv9 493 11.90 -3.92 -5.31 3.17
conv9 494 19.17 4.49 -3.88 1.85
conv9 495 -14.32 -0.28 -1.64 4.85
conv9 496 -11.29 -10.01 0.93 2.24
conv9 497 -3.99 -4.28 2.35 2.89
conv9 498 -0.32 -0.82 -0.00 0.93
conv9 499 -22.12 6.38 -5.95 -1.78
conv9 500 10.30 8.98 2.74 -1.18
conv9 501 -21.09 10.40 1.07 -2.53
conv9 502 -2.67 5.27 4.52 -8.16
conv9 503 2.89 10.58 0.21 -1.10
conv9 504 21.62 4.17 3.85 -6.70
conv9 505 -0.86 6.48 -3.78 -5.42
conv9 506 -1.60 3.31 2.46 -2.17
conv9 507 -5.45 -12.75 -4.77 1.18
conv9 508 6.20 -12.79 0.78 2.42
conv9 509 12.61 8.59 -2.46 -0.00
conv9 510 -5.77 -3.24 0.64 14.61
conv9 511 1.35 -1.89 -2.74 -2.92
conv10 0 9.06 -1.68 -1.60 2.11
conv10 1 -1.94 2.89 -0.69 -2.80
conv10 2 0.52 2.63 4.57 -17.12
conv10 3 -2.37 0.86 -1.68 5.56
conv10 4 5.00 -8.06 -2.98 3.28
conv10 5 -11.30 8.15 4.10 -7.20
conv10 6 -0.73 -0.17 -0.13 -1.03
conv10 7 9.01 -19.79 -5.35 -0.95
conv10 8 9.01 -6.99 -0.73 -2.63
conv10 9 3.58 -1.38 -10.18 7.42
conv10 10 17.98 1.47 3.11 1.85
conv10 11 -2.20 3.06 -2.41 -5.69
conv10 12 -5.13 -3.28 2.11 6.08
conv10 13 -1.38 1.81 -2.50 -3.32
conv10 14 10.78 -2.89 -1.90 0.52
conv10 15 17.03 35.66 -0.34 -0.43
conv10 16 8.80 6.38 0.47 1.42
conv10 17 29.37 12.16 3.75 -4.96
conv10 18 4.79 -31.27 -0.47 0.26
conv10 19 -6.68 3.19 1.68 2.16
conv10 20 19.54 2.54 -1.72 -1.94
conv10 21 -20.79 7.76 2.11 -8.84
conv10 22 7.24 11.08 -0.65 12.07
conv10 23 2.16 -9.40 -0.47 -1.47
conv10 24 10.74 -7.63 -0.04 0.95
conv10 25 -2.50 -4.14 0.99 -2.76
conv10 26 -2.85 1.34 7.93 -6.73
conv10 27 2.46 0.09 -3.15 4.18
conv10 28 -4.96 25.06 0.13 3.41
conv10 29 -0.78 -0.47 4.74 0.43
conv10 30 -0.47 15.52 -6.17 -5.13
conv10 31 9.96 -7.29 -0.65 2.89
conv10 32 -8.71 -11.99 2.93 -3.45
conv10 33 3.49 7.98 -0.99 -2.33
conv10 34 0.22 2.50 2.20 -14.88
conv10 35 -0.60 1.29 -1.64 -0.60
conv10 36 -4.01 -14.62 1.38 6.25
conv10 37 -2.76 -12.89 -1.60 3.80
conv10 38 -0.09 -0.17 0.47 3.36
conv10 39 -0.95 3.58 5.78 8.19
conv10 40 7.16 3.79 -12.81 -3.84
conv10 41 -11.00 -2.16 6.47 2.03
conv10 42 17.16 -4.10 2.76 3.79
conv10 43 2.54 -4.70 -4.66 -5.26
conv10 44 -0.95 1.77 3.88 -10.91
conv10 45 -2.29 4.70 -0.17 -2.80
conv10 46 -5.26 -0.30 4.01 -1.64
conv10 47 20.96 -10.39 3.84 3.58
conv10 48 -23.72 7.37 0.99 0.13
conv10 49 -3.28 -0.43 0.60 4.36
conv10 50 1.60 5.09 0.78 -0.39
conv10 51 -7.03 3.84 -2.24 -0.17
conv10 52 3.11 1.42 -3.54 0.17
conv10 53 4.36 -4.18 1.77 -3.79
conv10 54 9.49 -0.04 -9.44 -3.28
conv10 55 -4.66 0.30 -0.52 8.41
conv10 56 -1.42 0.78 5.82 -2.67
conv10 57 6.04 -34.11 2.72 -3.80
conv10 58 1.21 -3.23 3.23 1.34
conv10 59 2.24 -28.38 -2.98 2.76
conv10 60 1.38 1.03 -4.83 0.56
conv10 61 3.23 10.39 -11.77 -14.75
conv10 62 -3.28 14.40 1.08 1.08
conv10 63 17.12 -0.26 3.11 -7.76
conv10 64 7.55 -3.41 -4.36 -1.08
conv10 65 -0.34 12.89 3.32 -14.32
conv10 66 1.12 -3.92 -0.86 -2.54
conv10 67 -8.62 -8.71 -2.16 -1.34
conv10 68 15.05 13.84 0.13 -0.22
conv10 69 13.97 1.12 -8.11 0.78
conv10 70 6.25 3.54 0.73 1.25
conv10 71 -4.36 -0.69 3.67 -1.64
conv10 72 7.37 -3.45 1.98 -6.21
conv10 73 7.81 0.95 -9.66 -2.63
conv10 74 -1.51 6.04 1.72 -3.28
conv10 75 -3.41 -4.48 -4.57 14.23
conv10 76 -39.29 1.38 1.42 -4.92
conv10 77 -1.03 -8.71 3.23 4.18
conv10 78 0.22 -32.21 -0.35 -3.41
conv10 79 -4.01 -10.69 -0.09 -4.27
conv10 80 15.14 11.64 -3.32 -5.82
conv10 81 14.02 12.46 -0.65 -3.54
conv10 82 11.17 0.73 -5.05 -3.32
conv10 83 -4.44 -0.22 10.82 4.18
conv10 84 -0.34 1.38 -3.54 -4.87
conv10 85 12.85 -6.43 -2.89 3.67
conv10 86 -0.65 -13.33 2.20 4.87
conv10 87 -3.79 10.69 -2.33 -1.55
conv10 88 13.50 0.26 -12.46 0.78
conv10 89 6.08 -24.93 -0.56 9.49
conv10 90 -0.78 7.46 -4.18 -5.65
conv10 91 -6.04 -8.97 3.88 -1.29
conv10 92 6.34 -8.06 4.31 -1.51
conv10 93 -6.43 1.29 -5.43 2.93
conv10 94 -19.54 1.38 1.55 -3.23
conv10 95 0.65 -0.86 11.04 3.19
conv10 96 -8.54 -5.52 0.22 -0.52
conv10 97 11.00 -5.91 -0.78 3.23
conv10 98 -5.39 11.04 -1.16 1.94
conv10 99 2.46 -12.46 -1.81 -8.84
conv10 100 -4.83 -2.59 -1.64 -1.94
conv10 101 -4.44 9.31 -3.80 -3.92
conv10 102 -0.86 4.79 0.52 -5.86
conv10 103 9.14 -10.78 -1.94 2.80
conv10 104 13.20 -26.44 0.04 6.21
conv10 105 3.06 1.90 -5.48 -3.97
conv10 106 -4.57 -0.30 1.12 2.50
conv10 107 3.06 -23.50 -2.67 3.15
conv10 108 -10.13 23.24 3.88 -5.78
conv10 109 4.53 0.47 -6.21 -10.78
conv10 110 3.62 11.08 -3.11 -9.88
conv10 111 -3.28 -11.77 -1.55 8.84
conv10 112 -12.16 -3.28 13.45 0.17
conv10 113 -6.86 0.04 2.54 2.67
conv10 114 -1.94 8.67 4.27 -8.45
conv10 115 -6.30 5.86 5.52 -6.30
conv10 116 -11.17 -2.20 9.70 4.27
conv10 117 -0.13 -0.65 -1.60 4.66
conv10 118 1.73 4.14 1.25 -9.14
conv10 119 4.92 1.64 -0.04 -4.48
conv10 120 -2.76 -1.25 -5.26 0.17
conv10 121 -5.26 8.54 0.17 -14.53
conv10 122 8.80 6.81 -7.42 -2.29
conv10 123 0.00 1.64 -10.31 -6.30
conv10 124 -2.03 9.01 -1.21 -7.50
conv10 125 2.46 -7.76 -1.94 4.18
conv10 126 -5.17 -11.17 -0.73 6.55
conv10 127 11.51 -11.64 -0.91 0.26
conv10 128 -1.90 -0.04 4.36 -3.58
conv10 129 1.25 5.13 0.09 1.29
conv10 130 -1.08 3.23 -5.52 0.04
conv10 131 -12.55 4.92 -2.11 -2.37
conv10 132 4.57 8.19 1.21 -11.56
conv10 133 2.76 13.24 -4.01 -7.55
conv10 134 -4.92 -2.20 7.03 2.72
conv10 135 2.33 -1.94 -4.36 3.28
conv10 136 -4.10 2.03 11.13 -4.79
conv10 137 3.71 -3.92 6.73 -3.19
conv10 138 0.00 -10.74 -2.59 5.74
conv10 139 -7.24 -8.80 -0.04 16.47
conv10 140 22.94 -17.59 -6.21 6.34
conv10 141 2.37 -12.77 -1.81 -4.87
conv10 142 -9.62 -9.36 -0.43 -0.26
conv10 143 9.01 -9.01 -5.61 7.76
conv10 144 5.65 -4.48 3.32 2.33
conv10 145 -3.58 2.11 -1.47 1.42
conv10 146 -8.28 -3.32 -0.73 -3.75
conv10 147 -2.33 3.92 8.62 -10.31
conv10 148 17.38 9.83 1.51 -1.85
conv10 149 7.16 -0.17 -15.01 -5.78
conv10 150 -2.85 -24.58 2.03 -2.03
conv10 151 -3.97 8.62 1.25 -4.05
conv10 152 4.05 9.83 -4.40 -11.56
conv10 153 13.76 -20.27 -2.11 5.35
conv10 154 -25.62 9.27 1.98 1.98
conv10 155 2.11 -4.05 -6.68 9.88
conv10 156 -10.22 12.42 -0.91 -1.51
conv10 157 6.30 -8.84 -2.72 10.69
conv10 158 -1.81 7.42 1.90 -1.38
conv10 159 -11.38 12.51 9.01 -9.49
conv10 160 15.91 -0.43 -8.71 -2.59
conv10 161 -3.36 -2.89 -1.55 8.28
conv10 162 -1.21 -7.03 0.91 12.03
conv10 163 -1.64 5.22 3.28 -7.07
conv10 164 -12.29 7.46 7.68 -8.67
conv10 165 -3.49 0.26 2.29 0.13
conv10 166 -1.60 -2.07 4.18 5.48
conv10 167 -0.43 -13.97 -2.29 -1.16
conv10 168 3.58 -8.15 3.19 2.37
conv10 169 -40.93 0.60 0.30 -2.20
conv10 170 -2.63 -18.98 -1.04 -2.20
conv10 171 -1.08 6.64 -0.04 -9.83
conv10 172 3.58 9.62 -1.03 0.95
conv10 173 4.70 -5.69 -10.61 7.85
conv10 174 -1.38 1.77 -0.82 3.97
conv10 175 2.33 9.01 -2.11 -7.55
conv10 176 9.83 -22.17 -1.16 4.74
conv10 177 8.80 12.12 -3.62 -11.64
conv10 178 2.76 1.21 -5.30 -12.85
conv10 179 19.32 -19.36 -0.95 5.00
conv10 180 -7.33 24.62 -1.98 -5.09
conv10 181 10.69 5.09 -5.91 -1.94
conv10 182 3.41 2.93 -2.63 0.82
conv10 183 8.11 -20.66 0.39 3.71
conv10 184 3.19 26.52 -3.71 1.38
conv10 185 3.75 -11.90 0.13 6.43
conv10 186 -6.25 9.01 -2.46 -7.85
conv10 187 21.30 -0.82 -2.03 -1.12
conv10 188 -18.37 17.85 -3.06 -1.72
conv10 189 -0.26 16.60 1.90 -0.91
conv10 190 6.08 -12.38 -8.58 5.30
conv10 191 -0.30 -2.54 1.73 0.82
conv10 192 -3.67 6.38 -4.23 0.34
conv10 193 -0.95 -1.90 0.30 13.67
conv10 194 -1.16 2.80 -4.31 0.22
conv10 195 -27.21 -0.69 1.72 5.35
conv10 196 18.50 -5.43 -4.74 -0.52
conv10 197 -6.64 -3.54 3.28 -3.32
conv10 198 -4.61 -10.35 3.02 0.78
conv10 199 7.81 -33.38 -0.86 1.72
conv10 200 -3.10 -22.73 3.32 5.09
conv10 201 -4.44 1.77 2.67 -12.25
conv10 202 0.00 -0.60 -4.48 -7.89
conv10 203 -36.31 -12.03 -0.99 3.97
conv10 204 2.11 -1.38 3.23 -6.73
conv10 205 0.13 -0.65 -0.17 6.55
conv10 206 0.43 -4.05 -5.78 3.02
conv10 207 2.63 1.47 0.30 -4.40
conv10 208 2.54 -13.54 -0.47 5.09
conv10 209 -17.34 -1.04 7.63 -2.80
conv10 210 -10.57 24.11 0.52 -3.06
conv10 211 19.97 -14.58 -3.54 -0.22
conv10 212 8.19 1.77 -6.38 0.26
conv10 213 7.50 -10.57 -7.59 4.83
conv10 214 -1.98 12.29 -1.68 4.01
conv10 215 2.59 5.05 -5.09 -12.64
conv10 216 29.50 -6.55 1.25 6.04
conv10 217 -9.14 15.44 3.80 -12.68
conv10 218 -11.34 6.12 7.07 -2.29
conv10 219 -6.30 -6.86 0.22 2.85
conv10 220 -16.22 -3.92 5.05 7.50
conv10 221 2.85 7.63 -4.48 -3.45
conv10 222 -7.85 -4.48 12.76 1.68
conv10 223 -5.99 -1.12 -2.46 3.06
conv10 224 19.71 -16.39 -2.20 -2.16
conv10 225 8.75 -0.73 -2.11 8.97
conv10 226 -1.16 -1.55 1.55 1.60
conv10 227 4.23 1.90 -6.17 -0.65
conv10 228 -7.89 1.60 -0.65 1.03
conv10 229 -5.86 5.35 2.37 -2.93
conv10 230 2.89 4.92 -2.07 -15.01
conv10 231 6.25 -3.54 0.95 -4.27
conv10 232 -5.69 3.23 3.36 -10.13
conv10 233 -11.26 -0.99 -0.86 -0.78
conv10 234 -0.04 -1.25 1.55 -3.79
conv10 235 -4.83 9.53 2.80 -7.42
conv10 236 -0.30 -1.03 0.99 5.00
conv10 237 3.71 3.71 -4.01 -13.50
conv10 238 -1.42 6.77 -0.43 -8.84
conv10 239 29.20 -2.24 -0.30 1.29
conv10 240 -11.04 -8.37 -1.55 0.52
conv10 241 -4.57 7.50 0.17 -2.20
conv10 242 5.22 4.48 0.91 -0.56
conv10 243 9.36 23.50 0.39 -4.05
conv10 244 -14.58 -34.67 -1.64 -11.82
conv10 245 31.01 28.42 -1.16 -5.69
conv10 246 -18.76 -16.00 -0.82 5.00
conv10 247 4.87 -26.78 -1.04 -1.64
conv10 248 26.39 -7.68 -5.95 -5.74
conv10 249 0.17 -6.30 4.87 2.67
conv10 250 10.09 16.17 -5.26 -6.21
conv10 251 3.67 9.40 1.90 2.33
conv10 252 -0.56 -2.98 1.98 2.72
conv10 253 0.86 15.05 0.78 -4.40
conv10 254 0.30 -7.03 0.73 1.04
conv10 255 -28.25 -29.50 1.25 2.54
conv10 256 -14.53 -7.94 -0.30 4.27
conv10 257 -20.87 6.34 2.50 -1.85
conv10 258 19.54 15.91 1.85 4.53
conv10 259 3.15 -5.69 -4.49 12.94
conv10 260 11.13 -20.35 -5.82 3.88
conv10 261 -6.99 -0.95 2.98 -6.81
conv10 262 -10.18 -9.49 3.88 0.22
conv10 263 4.96 -8.02 -9.10 5.22
conv10 264 -4.57 -34.28 0.99 5.69
conv10 265 1.34 -12.98 -0.39 -2.42
conv10 266 2.67 1.16 -3.67 0.34
conv10 267 -3.41 2.03 -3.49 6.17
conv10 268 -1.90 12.68 2.93 -1.21
conv10 269 -2.76 -9.79 -2.98 13.76
conv10 270 6.47 -0.86 1.34 3.10
conv10 271 9.96 -4.70 -13.07 5.69
conv10 272 13.93 1.51 -3.71 -4.18
conv10 273 1.60 -7.72 -6.12 17.94
conv10 274 -12.46 -24.84 -3.75 -0.73
conv10 275 -26.48 -22.68 2.41 4.18
conv10 276 3.06 13.11 -3.75 -6.08
conv10 277 -3.71 -22.86 -1.64 9.57
conv10 278 -0.09 0.17 -1.81 -2.63
conv10 279 -13.80 23.33 -0.13 -0.34
conv10 280 0.26 -0.52 1.55 -2.54
conv10 281 -7.29 -7.07 0.34 -1.77
conv10 282 -7.07 -6.17 -2.37 1.64
conv10 283 -7.03 -5.26 6.04 -1.21
conv10 284 5.69 -2.54 -3.88 1.47
conv10 285 11.13 12.20 -6.68 -0.91
conv10 286 8.97 -1.16 -5.09 2.80
conv10 287 -4.23 4.92 0.00 -8.71
conv10 288 -12.81 4.10 -0.65 -0.22
conv10 289 -3.58 12.94 -0.43 -11.38
conv10 290 4.57 17.59 -0.04 -7.03
conv10 291 -5.69 -1.29 -1.85 -0.39
conv10 292 -3.54 0.52 -5.26 4.74
conv10 293 0.86 16.21 -0.26 -0.86
conv10 294 8.71 -8.32 0.43 -0.86
conv10 295 -3.41 -4.92 -4.70 12.03
conv10 296 -0.09 1.77 1.55 -0.78
conv10 297 1.51 -0.99 4.70 -7.94
conv10 298 8.32 -25.27 -5.35 9.27
conv10 299 16.21 5.13 -9.14 -1.60
conv10 300 -15.87 -9.49 -2.50 0.09
conv10 301 13.41 2.93 -7.20 -0.60
conv10 302 24.84 -20.83 1.12 5.82
conv10 303 -6.55 -4.49 8.37 0.26
conv10 304 -0.13 -0.30 5.56 -1.90
conv10 305 2.37 -15.44 2.93 -0.13
conv10 306 -14.49 -5.00 1.68 3.84
conv10 307 3.19 4.01 -9.96 -0.78
conv10 308 1.42 -7.42 -0.39 9.36
conv10 309 -9.44 14.23 -4.74 4.31
conv10 310 -6.34 -10.52 9.06 2.46
conv10 311 0.60 -2.59 -7.33 1.42
conv10 312 -7.24 -2.80 -0.34 -0.26
conv10 313 1.55 7.37 -3.02 -2.76
conv10 314 -11.13 2.85 -2.24 5.69
conv10 315 6.81 1.12 -6.17 0.82
conv10 316 -2.76 -10.74 -4.48 -1.21
conv10 317 0.13 -0.69 -3.58 3.36
conv10 318 6.47 -14.02 -1.64 0.30
conv10 319 -13.11 -3.06 8.02 2.11
conv10 320 -3.75 -15.09 -3.49 5.39
conv10 321 -2.24 -17.59 -4.01 15.65
conv10 322 -7.76 4.48 6.34 -8.28
conv10 323 0.95 0.82 3.62 -7.42
conv10 324 21.26 27.43 0.52 0.60
conv10 325 -6.81 28.81 2.80 3.49
conv10 326 -2.54 -2.24 -4.70 -10.18
conv10 327 0.60 -8.54 -5.35 12.42
conv10 328 -0.82 -7.46 -0.17 6.64
conv10 329 -4.57 23.98 -2.59 -3.28
conv10 330 4.74 15.96 4.44 -11.43
conv10 331 -8.24 -14.88 1.90 4.10
conv10 332 1.60 -2.85 -3.15 -0.82
conv10 333 -17.98 9.10 0.34 -4.31
conv10 334 -1.55 -5.82 -5.69 -2.20
conv10 335 -8.50 12.64 1.98 3.23
conv10 336 0.91 15.40 -6.73 1.85
conv10 337 18.97 -9.57 6.34 -3.49
conv10 338 1.64 17.25 -0.04 -9.01
conv10 339 -6.81 3.06 0.78 -3.10
conv10 340 -0.09 -6.12 -1.81 -6.04
conv10 341 8.45 28.85 0.86 0.35
conv10 342 -5.95 26.78 1.73 -1.25
conv10 343 -13.41 -2.93 6.86 2.37
conv10 344 -4.96 1.42 1.68 3.62
conv10 345 4.53 -5.05 -0.56 6.12
conv10 346 -2.63 -3.97 6.25 -5.74
conv10 347 -3.36 0.91 -0.13 0.17
conv10 348 -11.82 16.73 8.02 -1.25
conv10 349 3.36 0.47 -1.77 -2.33
conv10 350 3.54 6.64 2.76 -8.24
conv10 351 -7.89 -0.22 9.19 -1.51
conv10 352 8.75 29.67 -3.36 0.95
conv10 353 2.59 -2.20 -2.37 10.13
conv10 354 -15.35 -33.03 -2.24 1.38
conv10 355 -9.75 -5.39 4.66 13.07
conv10 356 0.86 10.09 -0.22 -0.60
conv10 357 9.10 4.10 0.91 1.81
conv10 358 -6.60 0.43 1.34 1.85
conv10 359 1.98 1.90 -2.03 -8.50
conv10 360 5.78 -6.47 -1.60 1.29
conv10 361 1.64 -2.80 5.74 -2.98
conv10 362 6.47 30.70 -4.23 2.67
conv10 363 -1.68 -1.73 -3.28 3.06
conv10 364 4.23 11.43 -3.06 -3.19
conv10 365 -3.54 12.89 6.43 -2.89
conv10 366 -0.69 3.02 0.86 -8.84
conv10 367 6.51 -4.87 -3.88 4.05
conv10 368 -6.47 2.33 1.90 -8.75
conv10 369 -6.77 -2.11 2.98 -0.17
conv10 370 -2.80 -6.25 2.98 9.57
conv10 371 -1.64 -6.90 -0.47 13.63
conv10 372 -0.56 7.85 0.56 -6.55
conv10 373 4.36 -9.23 -9.79 0.91
conv10 374 -0.52 -0.22 1.12 4.01
conv10 375 13.89 6.94 -2.98 0.78
conv10 376 -14.66 -1.98 10.87 3.15
conv10 377 -1.64 -9.62 -6.08 7.55
conv10 378 -8.37 -3.36 -5.99 -11.04
conv10 379 -2.42 1.38 6.34 -5.91
conv10 380 -0.00 7.89 3.75 -0.17
conv10 381 -3.88 -3.79 8.19 0.99
conv10 382 -20.79 0.47 2.93 2.24
conv10 383 25.62 -10.95 0.73 0.04
conv10 384 4.31 -1.47 -2.85 8.19
conv10 385 1.77 -5.22 -3.19 0.17
conv10 386 -0.60 7.85 0.04 -5.99
conv10 387 -0.99 1.55 -1.72 -0.47
conv10 388 -4.36 -1.08 4.92 7.63
conv10 389 -5.56 -1.94 1.29 -3.97
conv10 390 11.00 -10.39 0.73 -0.17
conv10 391 3.62 0.73 -5.65 -11.34
conv10 392 -7.16 3.75 4.44 -5.30
conv10 393 12.16 9.19 0.52 -7.72
conv10 394 1.64 3.84 -0.22 -8.84
conv10 395 -6.30 0.91 2.37 0.30
conv10 396 -4.79 6.64 -8.58 1.98
conv10 397 3.58 1.81 0.91 -7.33
conv10 398 -2.46 0.22 0.95 -7.12
conv10 399 4.79 18.33 -3.15 -9.01
conv10 400 -2.50 -0.13 6.90 -2.37
conv10 401 12.81 5.35 -2.16 -0.95
conv10 402 -8.28 -12.94 4.44 -0.91
conv10 403 -14.45 19.23 4.44 0.04
conv10 404 -1.94 2.03 2.03 -2.33
conv10 405 4.61 4.18 -2.63 -8.02
conv10 406 -0.09 -18.76 1.77 3.45
conv10 407 -10.91 -7.03 4.96 -1.60
conv10 408 3.58 6.43 -2.80 -1.47
conv10 409 24.93 -19.45 2.29 -3.67
conv10 410 -0.43 2.33 9.27 -17.16
conv10 411 0.09 12.33 1.51 -5.65
conv10 412 -0.26 -1.47 -0.86 6.55
conv10 413 -18.11 -7.07 -0.82 -1.21
conv10 414 27.34 20.48 0.35 4.14
conv10 415 -7.16 2.93 7.72 -5.65
conv10 416 -0.04 4.23 3.80 -1.98
conv10 417 3.79 -14.14 -3.49 8.28
conv10 418 10.95 -2.50 -6.43 -0.91
conv10 419 -0.52 -4.92 17.90 -6.12
conv10 420 1.38 -1.77 -3.71 -3.19
conv10 421 -1.55 0.56 2.37 -5.09
conv10 422 -6.17 -2.54 0.99 -2.11
conv10 423 -4.36 14.58 -1.42 -1.81
conv10 424 -7.72 28.03 0.56 0.47
conv10 425 -6.30 25.75 4.48 -3.06
conv10 426 -2.16 -8.19 -1.16 5.82
conv10 427 1.98 0.78 -0.95 -6.90
conv10 428 -0.78 -0.65 -5.65 0.99
conv10 429 -3.15 15.74 -1.51 -12.07
conv10 430 -0.99 -1.77 0.22 -1.98
conv10 431 -10.44 2.76 2.33 -0.91
conv10 432 -1.64 2.42 -2.59 -9.31
conv10 433 -17.21 -24.45 -0.43 -6.68
conv10 434 -36.53 -10.00 4.31 4.61
conv10 435 -0.22 -6.04 2.50 5.56
conv10 436 1.94 -1.16 -2.33 6.90
conv10 437 27.82 10.91 -9.36 3.32
conv10 438 6.04 6.81 -1.64 -3.75
conv10 439 -21.26 12.85 3.97 -2.59
conv10 440 11.08 1.68 -10.35 -2.33
conv10 441 -3.06 3.88 10.78 5.39
conv10 442 -7.50 -17.98 0.13 8.75
conv10 443 -3.06 5.09 -0.34 -6.25
conv10 444 1.42 2.80 -7.68 -6.64
conv10 445 -6.21 -3.19 1.90 2.50
conv10 446 -4.36 4.66 2.63 6.04
conv10 447 14.83 -7.42 2.54 -0.69
conv10 448 -40.19 -19.58 -0.04 4.48
conv10 449 -1.51 4.53 2.54 -10.13
conv10 450 36.27 -30.49 2.11 -6.68
conv10 451 -2.29 7.59 -2.80 -4.18
conv10 452 1.08 -0.22 1.38 -4.23
conv10 453 3.58 -1.12 -2.24 0.26
conv10 454 -1.81 6.68 0.17 0.43
conv10 455 4.36 -22.42 -4.36 -0.43
conv10 456 0.30 2.29 -2.76 -4.96
conv10 457 0.91 -2.93 -5.82 1.68
conv10 458 -13.02 3.02 3.32 0.78
conv10 459 5.09 13.50 7.50 -2.33
conv10 460 25.57 -10.69 -6.56 5.65
conv10 461 -5.26 1.03 3.02 -2.72
conv10 462 17.77 -16.99 -5.09 3.67
conv10 463 0.56 -8.97 1.12 12.42
conv10 464 -7.98 -22.34 1.94 -3.15
conv10 465 1.55 -10.05 -1.51 5.26
conv10 466 -5.61 -6.21 9.83 -1.60
conv10 467 11.34 -17.81 0.82 1.85
conv10 468 -3.02 3.36 6.51 0.22
conv10 469 -2.46 -0.69 3.67 1.12
conv10 470 -24.49 1.03 3.28 1.98
conv10 471 14.53 9.49 3.36 -6.25
conv10 472 -3.41 -8.54 1.03 8.80
conv10 473 2.07 1.12 3.88 -2.67
conv10 474 0.99 -2.93 1.47 2.80
conv10 475 2.98 6.90 -4.70 -11.00
conv10 476 -5.48 -8.50 3.88 7.55
conv10 477 -3.71 -1.25 2.89 1.42
conv10 478 2.67 4.79 -6.94 -12.89
conv10 479 11.17 -5.17 -1.51 5.09
conv10 480 -4.96 -0.43 -1.08 -1.34
conv10 481 10.35 8.97 -0.82 -3.67
conv10 482 -1.29 -4.61 -1.29 -1.42
conv10 483 6.90 -8.97 -0.17 -3.75
conv10 484 3.45 -23.11 -1.03 -0.43
conv10 485 4.18 -29.84 3.02 1.29
conv10 486 -2.50 -1.94 5.00 -6.08
conv10 487 0.43 1.98 -6.17 -18.37
conv10 488 -2.59 -1.55 17.25 -8.54
conv10 489 24.84 -2.59 -7.98 4.14
conv10 490 0.60 8.06 1.94 2.50
conv10 491 -17.47 -2.85 1.08 -2.67
conv10 492 14.40 -10.00 -2.07 8.41
conv10 493 -10.13 -0.47 0.43 -7.20
conv10 494 30.14 -1.90 -1.85 2.16
conv10 495 -6.73 -3.23 10.52 0.95
conv10 496 1.12 -1.16 0.82 -2.76
conv10 497 -8.37 9.27 1.38 -1.77
conv10 498 -0.65 -6.60 4.83 11.43
conv10 499 0.86 2.11 -2.98 -1.12
conv10 500 -3.71 21.95 -0.30 -2.85
conv10 501 0.13 -11.13 -3.88 0.52
conv10 502 3.54 4.79 -5.82 -7.25
conv10 503 -4.83 -0.30 2.46 -2.80
conv10 504 -7.89 -3.54 4.44 6.47
conv10 505 10.22 -4.57 1.81 9.14
conv10 506 1.68 0.65 -8.11 3.28
conv10 507 5.52 7.42 0.95 -10.65
conv10 508 -2.93 27.21 2.59 3.11
conv10 509 4.83 -5.43 0.22 10.69
conv10 510 20.70 -10.09 1.12 2.63
conv10 511 -4.10 7.24 -1.81 -3.62
conv11 0 5.63 -5.63 -8.72 -12.56
conv11 1 -7.18 5.75 11.38 -17.94
conv11 2 2.17 -0.93 -3.84 -5.07
conv11 3 -5.26 4.08 -16.21 -3.16
conv11 4 7.05 0.99 3.34 -2.17
conv11 5 -7.05 -20.91 7.30 17.94
conv11 6 -20.85 -5.44 9.40 18.32
conv11 7 2.72 -14.35 -0.12 17.51
conv11 8 7.55 5.51 -2.04 -0.87
conv11 9 18.75 2.41 -19.37 2.29
conv11 10 0.06 -12.68 2.10 7.18
conv11 11 -9.53 -1.42 8.48 12.87
conv11 12 -10.15 -19.61 -4.95 4.95
conv11 13 -11.69 29.33 5.82 -4.58
conv11 14 -5.69 -10.27 6.87 -0.68
conv11 15 -0.62 9.53 2.60 -3.34
conv11 16 14.11 -6.99 -6.19 3.03
conv11 17 -6.93 -2.23 8.66 3.96
conv11 18 -42.69 -22.40 5.63 -1.30
conv11 19 -8.11 4.15 8.35 -13.24
conv11 20 -6.06 22.03 -1.36 -12.99
conv11 21 8.72 2.23 -0.74 -6.74
conv11 22 -6.13 27.47 2.97 0.56
conv11 23 -6.87 -19.00 1.98 21.41
conv11 24 0.25 12.19 3.03 -9.47
conv11 25 -28.09 -6.25 -4.27 5.32
conv11 26 3.65 5.44 -3.96 0.49
conv11 27 2.35 11.01 -3.65 -11.94
conv11 28 5.32 21.78 -1.48 3.90
conv11 29 -7.36 24.01 -1.55 -4.21
conv11 30 8.85 -9.03 -4.58 0.49
conv11 31 -1.86 0.93 13.74 -3.90
conv11 32 1.86 6.31 -1.48 7.67
conv11 33 4.15 10.58 1.30 1.67
conv11 34 7.30 1.98 -8.17 -9.84
conv11 35 -16.15 -5.01 4.39 17.39
conv11 36 14.42 -21.97 4.33 0.80
conv11 37 4.27 1.98 -5.32 21.04
conv11 38 3.65 -10.52 -10.64 -1.18
conv11 39 -11.32 -18.93 5.45 6.13
conv11 40 -1.73 -11.32 0.37 3.09
conv11 41 -5.51 -2.72 9.78 8.91
conv11 42 -6.68 37.43 2.23 -7.42
conv11 43 0.37 -21.53 1.18 8.04
conv11 44 10.09 -22.58 2.10 8.29
conv11 45 -29.45 9.78 0.68 -8.04
conv11 46 -6.06 -34.90 -4.52 13.30
conv11 47 4.15 38.49 -10.39 -5.82
conv11 48 -1.61 12.50 7.80 -5.63
conv11 49 18.69 -21.59 8.85 -1.73
conv11 50 3.84 16.83 -7.36 -14.85
conv11 51 -2.97 -15.72 2.66 10.83
conv11 52 -7.42 7.30 2.35 -6.19
conv11 53 -6.99 13.24 -4.33 0.25
conv11 54 0.68 -1.61 3.09 -7.67
conv11 55 -3.65 5.69 0.87 -0.25
conv11 56 -5.69 -3.53 2.60 10.83
conv11 57 -3.96 1.61 7.61 6.99
conv11 58 0.74 23.02 3.03 -1.86
conv11 59 12.68 -1.11 4.89 -15.53
conv11 60 -13.06 -10.39 9.28 16.09
conv11 61 -3.71 8.60 -3.40 -15.47
conv11 62 -16.64 -5.82 4.21 7.05
conv11 63 0.56 -2.47 0.50 -2.10
conv11 64 -30.07 -17.63 3.96 -10.77
conv11 65 6.93 -15.16 -13.67 0.87
conv11 66 0.80 6.25 -2.04 -12.75
conv11 67 -48.20 -21.47 0.68 -0.62
conv11 68 0.80 -13.49 -2.85 5.63
conv11 69 2.17 6.87 3.59 -13.92
conv11 70 -4.46 -0.49 -0.87 -22.77
conv11 71 -9.28 19.74 -7.55 -14.73
conv11 72 -8.72 8.97 -2.85 -13.49
conv11 73 8.54 6.56 -3.40 0.31
conv11 74 0.87 -22.77 -1.98 17.45
conv11 75 16.95 8.60 -0.74 -4.95
conv11 76 2.29 12.75 -0.68 -11.38
conv11 77 -32.36 -0.49 2.97 3.47
conv11 78 -0.12 -4.95 13.24 5.51
conv11 79 9.40 -4.58 -2.72 -0.19
conv11 80 12.00 5.44 -3.65 -12.56
conv11 81 -9.53 -15.96 8.17 7.55
conv11 82 -3.09 -13.61 -5.57 -1.11
conv11 83 0.62 -2.29 5.94 5.20
conv11 84 4.89 -14.48 3.71 13.74
conv11 85 4.45 -15.90 -7.36 13.18
conv11 86 -2.91 4.21 3.09 -15.28
conv11 87 6.68 7.12 2.35 -0.80
conv11 88 -5.63 -3.71 -3.03 0.37
conv11 89 -3.40 8.11 -3.84 9.22
conv11 90 4.39 19.80 -3.77 -2.17
conv11 91 11.32 21.35 3.84 -5.94
conv11 92 -0.25 -1.86 0.50 16.95
conv11 93 7.55 -17.88 -0.49 8.54
conv11 94 0.74 -6.50 -17.39 6.81
conv11 95 3.96 -4.21 -0.25 -4.21
conv11 96 1.86 0.12 2.35 22.27
conv11 97 -0.19 2.47 0.25 -4.58
conv11 98 -6.81 12.37 8.79 -4.83
conv11 99 7.30 -4.33 -6.56 -6.43
conv11 100 3.59 11.45 1.55 -4.76
conv11 101 -12.00 21.29 3.96 -13.67
conv11 102 -0.43 -11.94 1.79 1.30
conv11 103 -4.95 -8.11 -1.11 -13.98
conv11 104 15.47 7.49 1.18 -10.33
conv11 105 -13.80 -9.03 16.34 2.60
conv11 106 -2.54 13.36 -3.34 -7.05
conv11 107 11.20 -12.68 1.98 -3.53
conv11 108 1.05 4.70 -18.62 0.80
conv11 109 4.08 8.79 6.99 1.11
conv11 110 7.42 12.62 -0.37 -14.60
conv11 111 1.61 2.10 -5.57 8.60
conv11 112 1.98 18.07 -5.82 -17.51
conv11 113 -12.31 -2.85 -1.11 -3.46
conv11 114 2.85 15.22 -2.41 -3.65
conv11 115 -4.95 -5.01 5.88 -6.87
conv11 116 -0.43 8.23 -11.45 0.25
conv11 117 -4.33 28.83 1.79 -1.36
conv11 118 -2.91 -1.92 4.95 -0.99
conv11 119 -1.55 -23.08 3.09 4.52
conv11 120 0.74 -16.03 -5.94 9.28
conv11 121 9.71 14.29 -7.92 -13.74
conv11 122 -3.22 0.74 14.66 -15.84
conv11 123 2.91 2.54 3.53 -6.81
conv11 124 -4.02 -6.25 11.88 11.94
conv11 125 -12.56 38.61 7.36 0.68
conv11 126 -16.64 30.81 -1.24 -2.97
conv11 127 2.54 12.31 -6.37 -3.03
conv11 128 -8.72 -22.15 -1.05 -5.20
conv11 129 -0.99 -9.71 17.39 8.85
conv11 130 4.95 33.60 -1.05 2.35
conv11 131 -10.58 -11.08 4.08 0.74
conv11 132 -21.66 -12.31 12.99 7.05
conv11 133 -1.98 -8.35 3.28 -3.34
conv11 134 -8.04 -12.62 -3.46 -0.87
conv11 135 -14.85 -4.46 2.48 0.87
conv11 136 2.10 14.48 14.60 -10.27
conv11 137 28.09 15.53 -0.12 -6.00
conv11 138 -7.92 14.85 1.73 -5.88
conv11 139 6.37 13.43 0.06 -3.65
conv11 140 -27.23 -17.82 7.05 4.39
conv11 141 6.19 2.10 7.80 1.73
conv11 142 3.03 15.72 0.19 -10.02
conv11 143 -14.05 12.62 4.15 -4.39
conv11 144 23.08 -5.88 -20.67 -8.91
conv11 145 0.56 -1.49 0.31 6.81
conv11 146 15.84 -24.07 -7.98 10.27
conv11 147 0.37 16.40 -8.04 -18.81
conv11 148 -13.30 17.33 -0.25 -1.48
conv11 149 3.16 -34.65 -4.21 2.72
conv11 150 1.86 -11.76 -3.46 5.57
conv11 151 19.37 10.89 -10.02 -17.51
conv11 152 -1.30 19.61 -13.12 -2.54
conv11 153 16.58 10.09 0.25 2.97
conv11 154 -11.08 9.96 4.45 -3.34
conv11 155 13.61 21.41 -1.49 -3.16
conv11 156 3.77 12.87 -4.89 -23.95
conv11 157 -11.69 -4.39 -1.67 1.61
conv11 158 0.43 -9.96 2.10 12.99
conv11 159 -9.65 36.32 5.69 1.73
conv11 160 -14.54 -13.12 8.66 2.41
conv11 161 5.88 0.25 -4.95 3.90
conv11 162 -0.62 -8.85 -4.83 -3.34
conv11 163 1.79 -23.57 7.73 4.89
conv11 164 2.47 30.57 1.36 -12.37
conv11 165 8.60 4.21 1.73 4.52
conv11 166 2.29 7.43 -7.55 -11.45
conv11 167 -17.57 8.41 4.70 1.42
conv11 168 -7.18 2.60 0.62 -8.17
conv11 169 22.89 9.59 -8.23 -3.34
conv11 170 1.55 -38.92 4.08 -5.14
conv11 171 1.73 1.05 3.46 19.06
conv11 172 2.41 0.99 -1.73 10.15
conv11 173 -10.09 1.49 9.90 -9.84
conv11 174 -18.31 14.85 -0.62 2.47
conv11 175 -0.56 -27.91 -7.30 24.87
conv11 176 6.68 17.39 -5.44 -8.04
conv11 177 -2.17 27.97 6.93 0.12
conv11 178 13.98 -9.78 2.54 0.43
conv11 179 -3.03 5.32 5.32 5.44
conv11 180 -10.09 -13.12 2.35 9.40
conv11 181 -23.33 -5.44 9.28 4.64
conv11 182 11.01 -19.68 0.74 20.73
conv11 183 -28.52 -5.14 1.86 4.83
conv11 184 -4.39 2.35 9.96 -1.55
conv11 185 -7.80 -7.36 -1.48 14.42
conv11 186 12.25 10.09 -4.15 -8.29
conv11 187 18.38 16.33 -0.80 -11.20
conv11 188 8.54 -7.92 -5.32 -4.21
conv11 189 3.77 16.64 5.69 -11.82
conv11 190 -25.12 -26.85 -2.72 7.42
conv11 191 -30.94 -25.06 -0.19 -0.93
conv11 192 -2.47 25.49 1.49 1.30
conv11 193 -20.54 -2.29 0.49 5.32
conv11 194 6.87 -1.86 -0.37 -0.74
conv11 195 2.17 -5.88 -2.97 -5.82
conv11 196 2.10 10.15 1.18 -22.52
conv11 197 -2.04 -19.30 2.23 -1.49
conv11 198 -10.39 13.98 4.39 -9.90
conv11 199 8.48 20.85 2.29 -5.32
conv11 200 -10.83 -1.30 7.61 5.32
conv11 201 1.55 15.34 4.33 -2.54
conv11 202 13.98 -17.14 -7.98 0.31
conv11 203 12.00 -17.08 -2.04 9.22
conv11 204 -8.66 5.38 7.67 -20.42
conv11 205 -1.24 2.41 0.12 -0.25
conv11 206 0.43 0.19 -11.57 1.24
conv11 207 -5.57 2.29 -13.43 -5.88
conv11 208 -4.27 2.04 8.85 12.56
conv11 209 -10.70 -18.13 10.09 4.83
conv11 210 -13.06 -4.15 2.91 -0.93
conv11 211 8.60 27.10 6.68 -4.52
conv11 212 18.69 -0.74 -12.87 0.62
conv11 213 -16.15 -6.68 6.25 9.16
conv11 214 -1.79 0.06 6.31 2.60
conv11 215 15.90 6.56 -6.99 -11.14
conv11 216 -23.20 -1.98 14.11 0.19
conv11 217 8.29 -1.92 -11.88 -7.61
conv11 218 -22.58 -16.83 4.33 -0.00
conv11 219 -1.05 7.80 9.84 -11.01
conv11 220 9.28 5.94 13.80 10.27
conv11 221 18.93 -2.91 -12.62 -1.30
conv11 222 -4.27 -9.78 5.14 -6.00
conv11 223 -3.34 -7.18 2.29 1.92
conv11 224 -11.01 -22.77 3.34 4.95
conv11 225 0.31 -7.24 -2.85 5.51
conv11 226 1.79 8.97 2.85 -3.22
conv11 227 7.05 -16.03 2.91 20.05
conv11 228 -4.70 -7.18 3.22 21.72
conv11 229 9.41 -14.97 6.56 2.72
conv11 230 -18.56 11.01 -1.24 3.16
conv11 231 6.43 -3.96 -7.36 7.12
conv11 232 10.39 -13.67 -4.83 4.83
conv11 233 -2.60 4.15 14.11 -3.59
conv11 234 -11.20 24.69 6.87 -5.63
conv11 235 -38.67 -20.54 4.70 -2.72
conv11 236 1.73 -13.92 -6.06 12.37
conv11 237 -26.92 5.01 5.44 -10.58
conv11 238 1.79 0.74 -3.53 -3.65
conv11 239 7.67 -10.70 -4.39 -9.71
conv11 240 -0.25 13.43 4.21 -0.87
conv11 241 -5.51 22.40 -0.06 -15.65
conv11 242 -5.14 -4.33 1.11 -9.10
conv11 243 -12.68 13.61 -0.99 -6.06
conv11 244 33.91 -11.69 -1.86 0.19
conv11 245 -6.25 38.73 5.44 1.73
conv11 246 9.59 -0.87 2.60 -10.02
conv11 247 -4.08 -6.25 -3.90 2.17
conv11 248 -10.77 5.07 3.16 3.40
conv11 249 0.43 -14.42 -1.86 6.43
conv11 250 2.78 -13.18 -6.00 7.92
conv11 251 0.06 2.47 -1.61 5.94
conv11 252 0.43 15.10 -4.27 -7.98
conv11 253 3.16 15.35 -3.22 5.57
conv11 254 2.72 -17.32 1.36 5.14
conv11 255 -2.60 -3.84 5.38 -2.35
conv11 256 -3.03 -24.81 5.20 20.79
conv11 257 10.77 -15.47 -1.05 3.03
conv11 258 11.57 -22.65 -5.45 7.30
conv11 259 -4.52 10.52 -2.60 -13.49
conv11 260 -4.02 3.28 -8.54 -20.23
conv11 261 2.72 5.38 -9.84 -9.34
conv11 262 1.11 -6.74 -6.56 20.17
conv11 263 3.59 -0.00 -0.99 1.48
conv11 264 -1.49 3.90 -0.68 0.31
conv11 265 -2.29 7.80 6.06 -18.44
conv11 266 24.13 6.68 5.51 -11.45
conv11 267 0.00 -2.41 5.94 3.96
conv11 268 0.37 -0.68 -8.04 -14.60
conv11 269 15.16 -19.18 -5.82 1.79
conv11 270 8.48 2.41 -6.87 5.94
conv11 271 13.18 16.46 -9.47 1.67
conv11 272 -3.65 -5.63 -3.59 6.56
conv11 273 -0.37 -14.29 -5.44 20.42
conv11 274 -5.88 -6.81 17.32 -10.15
conv11 275 22.15 -6.93 -6.74 5.75
conv11 276 4.70 -14.60 -0.37 12.31
conv11 277 3.46 9.59 -8.66 -15.28
conv11 278 -0.37 -5.69 1.79 -1.05
conv11 279 6.00 -15.04 -2.35 6.31
conv11 280 -13.24 5.51 5.69 -12.50
conv11 281 -11.63 24.69 4.58 -2.10
conv11 282 -32.79 -26.85 4.52 -0.06
conv11 283 -3.03 -4.89 -9.90 -6.62
conv11 284 4.21 23.88 2.23 -4.33
conv11 285 39.11 1.30 0.74 2.85
conv11 286 8.60 -4.15 -5.32 6.31
conv11 287 -1.24 12.00 3.46 -5.94
conv11 288 -1.86 -15.53 2.48 2.66
conv11 289 7.18 -12.13 2.97 7.55
conv11 290 7.86 8.66 -16.27 2.04
conv11 291 -7.42 22.40 0.43 -7.42
conv11 292 -0.12 -24.01 -0.06 10.89
conv11 293 6.00 3.53 -3.16 -13.43
conv11 294 34.65 1.11 1.30 0.25
conv11 295 8.72 -18.75 -6.43 12.99
conv11 296 3.09 14.17 1.24 -5.51
conv11 297 9.47 13.36 6.62 -6.93
conv11 298 -2.17 20.42 6.56 -13.86
conv11 299 15.16 -12.25 -0.56 1.11
conv11 300 -2.72 -9.59 6.87 16.71
conv11 301 8.04 26.98 -0.87 5.69
conv11 302 0.74 -23.14 1.67 5.07
conv11 303 -1.24 14.54 -1.61 -4.39
conv11 304 -2.04 18.87 4.08 -18.69
conv11 305 -11.32 19.74 5.57 -1.18
conv11 306 -0.00 -10.09 1.86 6.19
conv11 307 -11.88 -12.13 8.35 1.24
conv11 308 19.86 19.49 -0.49 -1.86
conv11 309 -6.62 -4.08 2.66 7.30
conv11 310 -16.40 4.45 2.41 -4.21
conv11 311 3.40 -0.12 -10.39 3.22
conv11 312 0.00 -20.79 0.43 1.18
conv11 313 -0.06 -18.87 1.36 10.77
conv11 314 7.73 -4.64 -16.03 4.89
conv11 315 -7.80 -20.05 2.60 11.08
conv11 316 -1.30 6.81 -9.84 -21.04
conv11 317 0.99 13.98 -1.98 -9.34
conv11 318 -4.27 -12.25 2.97 -6.44
conv11 319 -15.78 17.94 -0.37 -13.98
conv11 320 -27.47 9.10 -11.26 7.12
conv11 321 -10.02 4.95 20.91 -0.74
conv11 322 -0.19 7.92 -0.12 -11.01
conv11 323 0.19 -20.36 -4.15 7.05
conv11 324 13.06 -0.37 -7.49 3.77
conv11 325 0.25 0.06 -9.28 -8.11
conv11 326 -27.97 -9.59 10.27 1.73
conv11 327 0.37 -0.99 -0.49 -23.76
conv11 328 1.98 1.18 10.52 -6.56
conv11 329 2.66 -21.04 -0.49 12.93
conv11 330 -3.96 -7.86 14.11 15.47
conv11 331 -31.25 -22.40 -1.49 -0.62
conv11 332 4.89 -6.25 3.77 15.96
conv11 333 1.98 -6.19 3.03 3.96
conv11 334 4.58 1.05 -1.24 -2.41
conv11 335 -10.64 1.73 3.53 2.91
conv11 336 -2.17 0.00 5.07 3.96
conv11 337 -9.65 -8.91 3.84 3.16
conv11 338 -0.06 -26.92 1.79 8.04
conv11 339 6.68 -13.92 2.54 -5.63
conv11 340 9.53 36.82 -0.37 -4.58
conv11 341 -6.56 -3.84 4.58 -4.45
conv11 342 -5.32 4.52 3.71 -20.17
conv11 343 -11.69 -13.61 -4.21 -4.83
conv11 344 3.46 -4.52 -2.41 -2.72
conv11 345 -0.12 6.93 -9.47 -7.80
conv11 346 -4.33 -13.98 2.85 7.42
conv11 347 7.61 -12.68 1.86 4.52
conv11 348 0.31 -7.18 11.63 12.37
conv11 349 -3.09 6.68 0.06 -3.40
conv11 350 -10.52 6.43 10.09 -11.01
conv11 351 -17.45 -2.35 -2.23 -10.15
conv11 352 -10.39 -0.12 5.94 0.19
conv11 353 16.77 16.52 -0.12 -8.29
conv11 354 1.11 4.83 -0.87 -5.69
conv11 355 -24.32 8.54 2.48 -7.18
conv11 356 -1.98 -21.66 -2.17 1.79
conv11 357 2.85 11.01 -7.92 -16.64
conv11 358 11.57 -12.19 -1.11 -6.44
conv11 359 -0.99 14.48 -2.48 -9.16
conv11 360 -6.99 4.45 6.87 -12.81
conv11 361 -12.75 15.16 7.42 -13.98
conv11 362 24.94 10.02 -5.57 2.91
conv11 363 -2.66 12.31 2.66 1.49
conv11 364 -2.72 9.78 1.98 -9.90
conv11 365 -18.62 7.12 2.48 9.16
conv11 366 7.98 24.63 4.33 -2.72
conv11 367 7.05 7.98 -7.05 4.83
conv11 368 3.59 4.95 -1.86 2.78
conv11 369 -6.31 9.40 7.24 2.91
conv11 370 -4.39 -16.40 2.29 8.54
conv11 371 -7.49 3.59 10.77 6.44
conv11 372 -15.59 13.67 5.45 -10.39
conv11 373 19.49 4.33 -6.19 -1.98
conv11 374 -9.96 8.85 4.76 2.78
conv11 375 -2.23 -6.62 -2.23 -1.24
conv11 376 -12.56 22.34 4.89 -11.69
conv11 377 7.49 -10.27 -2.66 -2.41
conv11 378 -12.31 -0.12 0.87 0.80
conv11 379 4.95 -6.74 6.74 4.21
conv11 380 -21.90 20.11 7.67 -3.34
conv11 381 4.64 20.11 1.67 -14.48
conv11 382 4.27 -4.21 0.80 -2.66
conv11 383 22.52 6.81 -17.32 -12.31
conv11 384 -5.69 5.69 5.14 -1.92
conv11 385 -24.94 18.44 -3.22 -8.79
conv11 386 -17.70 -35.64 -2.72 2.97
conv11 387 0.06 3.46 5.20 -21.22
conv11 388 -9.96 10.95 -0.37 -9.90
conv11 389 -3.03 0.87 0.12 9.16
conv11 390 -21.10 7.55 16.27 -2.78
conv11 391 0.93 12.68 0.43 -5.57
conv11 392 6.13 1.67 -4.15 -3.59
conv11 393 22.46 -5.14 -0.31 6.25
conv11 394 28.03 3.28 -4.70 4.83
conv11 395 24.75 -7.73 0.99 4.70
conv11 396 3.34 -6.87 -3.34 19.18
conv11 397 -4.76 -5.75 5.82 -8.23
conv11 398 14.54 -5.69 -5.57 3.40
conv11 399 3.53 -21.78 2.72 -1.73
conv11 400 -3.96 6.68 -1.24 -5.88
conv11 401 0.99 -2.17 -0.43 10.77
conv11 402 -26.48 -26.67 -2.10 9.90
conv11 403 1.30 20.29 2.41 -7.30
conv11 404 10.70 -7.61 -3.28 8.91
conv11 405 1.42 -1.42 -1.36 8.97
conv11 406 14.05 -10.89 -20.23 1.79
conv11 407 -22.89 1.30 0.62 -10.27
conv11 408 -3.59 6.06 5.45 -14.85
conv11 409 -0.37 -12.44 -1.55 3.40
conv11 410 0.37 30.75 2.47 -2.47
conv11 411 -1.67 3.77 -4.27 -3.90
conv11 412 -6.81 8.54 -6.00 -10.52
conv11 413 0.74 -27.84 -5.94 -0.62
conv11 414 -13.61 -2.85 6.93 -4.52
conv11 415 -3.96 -2.23 -7.12 1.24
conv11 416 -0.74 34.28 0.49 -16.95
conv11 417 41.02 -11.57 0.00 -0.31
conv11 418 2.17 -7.42 -0.12 17.70
conv11 419 -4.33 -1.24 9.53 -8.91
conv11 420 5.32 48.26 0.80 -3.46
conv11 421 -6.93 22.40 3.40 1.98
conv11 422 -0.49 -25.18 -0.19 -1.11
conv11 423 -22.65 -26.48 4.08 0.19
conv11 424 -1.86 -4.64 6.00 8.48
conv11 425 4.76 -15.41 -2.97 14.11
conv11 426 0.25 -12.62 5.94 2.72
conv11 427 9.47 -9.53 6.87 -2.91
conv11 428 -11.08 -35.76 0.74 -0.31
conv11 429 -4.15 -20.29 -1.11 0.06
conv11 430 3.65 -19.00 2.60 14.05
conv11 431 -4.76 -10.33 6.81 2.66
conv11 432 -6.99 -18.25 -3.22 -6.06
conv11 433 18.69 -6.68 -12.19 8.23
conv11 434 -15.10 -9.34 8.17 7.55
conv11 435 7.98 -33.54 -1.86 17.26
conv11 436 -2.41 -0.12 3.34 16.52
conv11 437 -4.89 -11.45 2.29 7.05
conv11 438 6.37 1.49 -4.64 1.36
conv11 439 14.85 3.46 2.60 7.98
conv11 440 -21.04 -4.15 12.50 -3.22
conv11 441 -1.05 17.76 -0.56 -4.45
conv11 442 -8.17 11.26 6.37 -7.36
conv11 443 17.26 15.28 -5.82 -10.52
conv11 444 -9.16 5.82 -2.23 -1.11
conv11 445 -4.45 -5.69 -0.25 16.27
conv11 446 -3.09 4.39 0.87 -19.49
conv11 447 18.44 27.29 -0.00 -7.18
conv11 448 -1.92 14.11 0.87 -14.97
conv11 449 12.68 -9.28 -6.81 -0.00
conv11 450 -0.43 5.44 3.34 16.89
conv11 451 -0.43 -0.93 0.62 0.93
conv11 452 23.76 -19.74 -9.65 0.12
conv11 453 -6.68 3.90 9.03 3.34
conv11 454 -3.28 -12.44 0.49 4.27
conv11 455 -4.21 9.28 -2.72 -0.87
conv11 456 -17.39 7.98 8.91 -5.01
conv11 457 39.85 -15.22 2.41 3.71
conv11 458 -11.88 18.93 6.87 -6.43
conv11 459 -7.42 24.94 5.94 -10.02
conv11 460 1.98 -15.59 1.79 13.92
conv11 461 7.18 -6.25 -13.49 10.83
conv11 462 -3.28 -1.05 12.56 6.93
conv11 463 2.23 3.53 -7.92 -2.72
conv11 464 1.61 -14.23 3.03 2.66
conv11 465 19.31 -7.30 2.72 4.95
conv11 466 -26.79 10.21 -7.92 -2.66
conv11 467 4.21 34.40 -0.50 -4.08
conv11 468 7.12 30.50 -2.17 -8.91
conv11 469 -24.44 2.85 15.47 6.93
conv11 470 -15.04 15.10 0.12 -11.01
conv11 471 -4.33 -5.26 5.75 5.94
conv11 472 2.35 -16.83 -12.19 -11.38
conv11 473 15.04 19.92 2.72 -8.79
conv11 474 2.97 1.92 -11.51 -7.92
conv11 475 -2.72 10.89 7.43 -6.56
conv11 476 3.46 11.14 -3.28 -17.08
conv11 477 -19.49 -14.42 21.41 11.76
conv11 478 -0.37 -1.36 -3.65 -8.41
conv11 479 2.60 -1.05 -5.20 7.36
conv11 480 -1.86 4.21 4.70 -15.10
conv11 481 -3.84 15.90 2.47 -8.41
conv11 482 10.58 23.70 -2.66 -3.09
conv11 483 2.72 11.26 -6.25 -19.30
conv11 484 -0.56 7.55 2.91 -18.13
conv11 485 2.04 2.48 -6.56 -1.48
conv11 486 -11.08 19.12 5.51 -4.76
conv11 487 10.02 22.03 5.57 -10.15
conv11 488 16.46 -10.58 1.61 5.32
conv11 489 -8.41 -36.75 -1.73 12.75
conv11 490 5.69 -3.90 3.40 -4.21
conv11 491 -7.55 -17.08 3.22 1.11
conv11 492 -9.47 -7.73 10.58 -1.67
conv11 493 -15.22 7.61 0.37 -21.04
conv11 494 21.66 -10.39 -10.21 12.68
conv11 495 8.35 3.40 3.90 1.24
conv11 496 6.99 -15.65 -5.44 15.22
conv11 497 34.90 15.22 0.50 0.43
conv11 498 48.26 31.19 -6.37 -6.99
conv11 499 3.16 -4.64 -11.82 -2.04
conv11 500 -14.05 11.76 2.91 1.49
conv11 501 14.29 -16.58 -0.43 4.83
conv11 502 13.98 24.07 2.72 0.68
conv11 503 -12.56 -4.15 6.37 13.86
conv11 504 -6.62 10.15 4.64 -13.67
conv11 505 1.55 -21.84 -6.99 1.42
conv11 506 -44.36 -11.38 1.11 4.76
conv11 507 4.70 -6.31 4.08 14.60
conv11 508 3.65 -25.12 2.04 3.28
conv11 509 1.30 -14.91 -4.52 10.77
conv11 510 -6.99 -13.98 2.97 12.99
conv11 511 3.59 -3.28 -12.19 10.64
