conv5 0 5 10
conv5 1 40 8
conv5 2 9 11
conv5 3 33 5
conv5 4 20 44
conv5 5 13 43
conv5 6 33 17
conv5 7 10 18
conv5 8 17 14
conv5 9 38 18
conv5 10 7 26
conv5 11 30 17
conv5 12 13 43
conv5 13 10 23
conv5 14 17 36
conv5 15 22 16
conv5 16 16 12
conv5 17 20 23
conv5 18 12 23
conv5 19 22 31
conv5 20 102 8
conv5 21 5 8
conv5 22 12 25
conv5 23 18 8
conv5 24 18 17
conv5 25 9 18
conv5 26 38 10
conv5 27 21 30
conv5 28 44 6
conv5 29 2 155
conv5 30 20 21
conv5 31 6 10
conv5 32 54 8
conv5 33 9 38
conv5 34 29 14
conv5 35 59 27
conv5 36 10 33
conv5 37 10 30
conv5 38 15 21
conv5 39 23 21
conv5 40 20 111
conv5 41 14 14
conv5 42 14 42
conv5 43 7 99
conv5 44 17 14
conv5 45 37 19
conv5 46 111 12
conv5 47 18 25
conv5 48 6 31
conv5 49 5 27
conv5 50 20 21
conv5 51 17 8
conv5 52 35 14
conv5 53 18 14
conv5 54 8 51
conv5 55 31 11
conv5 56 19 10
conv5 57 32 22
conv5 58 33 15
conv5 59 80 10
conv5 60 47 11
conv5 61 12 22
conv5 62 21 18
conv5 63 7 32
conv5 64 6 5
conv5 65 22 5
conv5 66 17 31
conv5 67 20 29
conv5 68 23 13
conv5 69 26 16
conv5 70 54 12
conv5 71 17 30
conv5 72 14 19
conv5 73 15 19
conv5 74 50 18
conv5 75 55 10
conv5 76 28 23
conv5 77 35 7
conv5 78 2 49
conv5 79 37 23
conv5 80 25 10
conv5 81 32 9
conv5 82 7 17
conv5 83 9 41
conv5 84 7 14
conv5 85 1 27
conv5 86 30 13
conv5 87 58 11
conv5 88 17 20
conv5 89 81 17
conv5 90 42 8
conv5 91 12 9
conv5 92 29 26
conv5 93 89 17
conv5 94 18 9
conv5 95 116 4
conv5 96 18 22
conv5 97 77 13
conv5 98 13 20
conv5 99 22 9
conv5 100 25 29
conv5 101 44 16
conv5 102 42 11
conv5 103 27 7
conv5 104 15 17
conv5 105 32 19
conv5 106 11 32
conv5 107 12 32
conv5 108 15 22
conv5 109 4 60
conv5 110 24 20
conv5 111 31 36
conv5 112 9 10
conv5 113 17 20
conv5 114 30 8
conv5 115 12 42
conv5 116 10 34
conv5 117 33 9
conv5 118 33 24
conv5 119 6 22
conv5 120 24 20
conv5 121 13 24
conv5 122 20 20
conv5 123 8 11
conv5 124 127 4
conv5 125 49 10
conv5 126 20 15
conv5 127 1 91
conv5 128 3 25
conv5 129 14 35
conv5 130 14 36
conv5 131 25 12
conv5 132 10 4
conv5 133 14 29
conv5 134 24 21
conv5 135 40 15
conv5 136 25 26
conv5 137 3 36
conv5 138 18 18
conv5 139 61 6
conv5 140 34 11
conv5 141 64 9
conv5 142 10 9
conv5 143 16 29
conv5 144 24 24
conv5 145 19 25
conv5 146 9 55
conv5 147 8 103
conv5 148 18 24
conv5 149 36 11
conv5 150 71 15
conv5 151 41 15
conv5 152 33 17
conv5 153 15 15
conv5 154 6 16
conv5 155 26 36
conv5 156 27 13
conv5 157 11 20
conv5 158 7 9
conv5 159 6 10
conv5 160 30 29
conv5 161 12 13
conv5 162 24 10
conv5 163 29 6
conv5 164 3 62
conv5 165 29 25
conv5 166 4 67
conv5 167 28 9
conv5 168 6 9
conv5 169 14 22
conv5 170 30 7
conv5 171 23 25
conv5 172 31 15
conv5 173 23 22
conv5 174 120 6
conv5 175 15 13
conv5 176 14 11
conv5 177 5 122
conv5 178 13 33
conv5 179 2 14
conv5 180 121 11
conv5 181 9 24
conv5 182 14 41
conv5 183 26 23
conv5 184 64 13
conv5 185 8 17
conv5 186 11 25
conv5 187 22 22
conv5 188 17 14
conv5 189 56 10
conv5 190 22 11
conv5 191 20 8
conv5 192 6 13
conv5 193 11 5
conv5 194 6 20
conv5 195 35 4
conv5 196 18 21
conv5 197 44 6
conv5 198 29 18
conv5 199 19 23
conv5 200 17 15
conv5 201 123 5
conv5 202 18 31
conv5 203 23 15
conv5 204 7 10
conv5 205 98 8
conv5 206 27 10
conv5 207 6 16
conv5 208 21 15
conv5 209 19 28
conv5 210 37 27
conv5 211 0 66
conv5 212 26 7
conv5 213 24 25
conv5 214 17 8
conv5 215 17 24
conv5 216 7 15
conv5 217 24 8
conv5 218 8 22
conv5 219 35 17
conv5 220 10 81
conv5 221 15 40
conv5 222 5 13
conv5 223 66 5
conv5 224 3 48
conv5 225 6 40
conv5 226 13 34
conv5 227 37 65
conv5 228 17 33
conv5 229 9 41
conv5 230 26 13
conv5 231 32 20
conv5 232 14 19
conv5 233 109 8
conv5 234 9 10
conv5 235 27 15
conv5 236 23 10
conv5 237 17 16
conv5 238 12 79
conv5 239 21 28
conv5 240 21 32
conv5 241 11 8
conv5 242 18 20
conv5 243 28 24
conv5 244 10 65
conv5 245 12 31
conv5 246 31 24
conv5 247 5 53
conv5 248 16 13
conv5 249 18 11
conv5 250 16 14
conv5 251 5 14
conv5 252 15 27
conv5 253 20 21
conv5 254 44 4
conv5 255 16 14
conv6 0 38 9
conv6 1 13 105
conv6 2 33 24
conv6 3 64 8
conv6 4 11 15
conv6 5 8 32
conv6 6 34 15
conv6 7 22 10
conv6 8 16 16
conv6 9 23 27
conv6 10 3 25
conv6 11 44 21
conv6 12 21 28
conv6 13 5 22
conv6 14 31 7
conv6 15 9 15
conv6 16 20 35
conv6 17 22 17
conv6 18 11 112
conv6 19 129 28
conv6 20 50 9
conv6 21 4 92
conv6 22 17 25
conv6 23 116 12
conv6 24 6 13
conv6 25 31 10
conv6 26 14 32
conv6 27 11 21
conv6 28 13 21
conv6 29 31 13
conv6 30 22 43
conv6 31 36 16
conv6 32 10 83
conv6 33 21 17
conv6 34 20 25
conv6 35 20 24
conv6 36 51 13
conv6 37 79 23
conv6 38 53 12
conv6 39 28 31
conv6 40 12 29
conv6 41 11 16
conv6 42 76 4
conv6 43 18 24
conv6 44 19 19
conv6 45 5 16
conv6 46 25 36
conv6 47 99 41
conv6 48 16 24
conv6 49 22 25
conv6 50 2 55
conv6 51 40 41
conv6 52 14 13
conv6 53 25 9
conv6 54 10 39
conv6 55 2 101
conv6 56 4 27
conv6 57 27 37
conv6 58 100 7
conv6 59 15 10
conv6 60 12 24
conv6 61 21 155
conv6 62 101 10
conv6 63 5 34
conv6 64 8 19
conv6 65 14 16
conv6 66 6 14
conv6 67 89 8
conv6 68 6 86
conv6 69 18 27
conv6 70 15 17
conv6 71 25 115
conv6 72 7 35
conv6 73 43 18
conv6 74 11 109
conv6 75 4 28
conv6 76 12 99
conv6 77 35 20
conv6 78 28 19
conv6 79 12 75
conv6 80 34 32
conv6 81 59 25
conv6 82 16 28
conv6 83 9 13
conv6 84 38 9
conv6 85 1 112
conv6 86 18 21
conv6 87 8 29
conv6 88 14 10
conv6 89 15 34
conv6 90 104 9
conv6 91 72 13
conv6 92 12 107
conv6 93 5 10
conv6 94 3 165
conv6 95 8 33
conv6 96 26 18
conv6 97 34 61
conv6 98 11 19
conv6 99 1 142
conv6 100 21 8
conv6 101 12 17
conv6 102 122 19
conv6 103 21 12
conv6 104 94 6
conv6 105 7 92
conv6 106 15 19
conv6 107 11 27
conv6 108 5 143
conv6 109 4 33
conv6 110 14 34
conv6 111 24 13
conv6 112 10 39
conv6 113 13 30
conv6 114 7 11
conv6 115 92 23
conv6 116 7 33
conv6 117 14 14
conv6 118 31 9
conv6 119 3 27
conv6 120 21 14
conv6 121 11 129
conv6 122 20 45
conv6 123 36 48
conv6 124 81 26
conv6 125 20 28
conv6 126 25 18
conv6 127 12 41
conv6 128 8 14
conv6 129 27 16
conv6 130 23 19
conv6 131 24 27
conv6 132 23 17
conv6 133 13 16
conv6 134 16 42
conv6 135 30 25
conv6 136 7 55
conv6 137 25 50
conv6 138 16 129
conv6 139 16 20
conv6 140 24 23
conv6 141 7 28
conv6 142 24 26
conv6 143 59 10
conv6 144 7 46
conv6 145 22 32
conv6 146 5 32
conv6 147 7 52
conv6 148 12 31
conv6 149 12 29
conv6 150 63 6
conv6 151 30 32
conv6 152 79 9
conv6 153 15 15
conv6 154 35 40
conv6 155 29 24
conv6 156 11 80
conv6 157 8 38
conv6 158 97 8
conv6 159 25 19
conv6 160 41 26
conv6 161 18 29
conv6 162 3 103
conv6 163 4 21
conv6 164 12 55
conv6 165 4 20
conv6 166 29 12
conv6 167 92 16
conv6 168 32 47
conv6 169 16 11
conv6 170 12 30
conv6 171 30 26
conv6 172 6 159
conv6 173 11 17
conv6 174 20 27
conv6 175 6 30
conv6 176 6 15
conv6 177 5 16
conv6 178 29 40
conv6 179 22 25
conv6 180 36 17
conv6 181 4 23
conv6 182 20 27
conv6 183 12 23
conv6 184 24 33
conv6 185 16 40
conv6 186 4 106
conv6 187 21 31
conv6 188 2 100
conv6 189 15 15
conv6 190 22 34
conv6 191 27 20
conv6 192 5 56
conv6 193 7 38
conv6 194 12 132
conv6 195 9 40
conv6 196 58 27
conv6 197 4 53
conv6 198 33 25
conv6 199 84 31
conv6 200 13 25
conv6 201 4 23
conv6 202 96 4
conv6 203 10 28
conv6 204 10 25
conv6 205 87 8
conv6 206 26 31
conv6 207 0 22
conv6 208 37 25
conv6 209 7 27
conv6 210 4 27
conv6 211 26 28
conv6 212 9 101
conv6 213 30 13
conv6 214 10 18
conv6 215 34 21
conv6 216 18 79
conv6 217 8 8
conv6 218 9 20
conv6 219 4 32
conv6 220 10 10
conv6 221 4 98
conv6 222 12 16
conv6 223 68 12
conv6 224 39 39
conv6 225 6 25
conv6 226 26 25
conv6 227 8 122
conv6 228 12 12
conv6 229 12 25
conv6 230 50 18
conv6 231 34 37
conv6 232 71 10
conv6 233 48 10
conv6 234 38 19
conv6 235 9 19
conv6 236 12 11
conv6 237 4 107
conv6 238 20 19
conv6 239 16 19
conv6 240 34 59
conv6 241 5 15
conv6 242 3 65
conv6 243 15 30
conv6 244 57 7
conv6 245 8 50
conv6 246 8 22
conv6 247 8 16
conv6 248 10 15
conv6 249 35 13
conv6 250 2 109
conv6 251 4 22
conv6 252 35 101
conv6 253 18 143
conv6 254 21 23
conv6 255 9 97
conv7 0 13 44
conv7 1 8 146
conv7 2 3 35
conv7 3 13 31
conv7 4 13 128
conv7 5 39 20
conv7 6 24 48
conv7 7 3 129
conv7 8 2 50
conv7 9 7 44
conv7 10 5 23
conv7 11 4 27
conv7 12 10 29
conv7 13 33 14
conv7 14 11 59
conv7 15 1 126
conv7 16 4 36
conv7 17 17 112
conv7 18 8 108
conv7 19 40 36
conv7 20 5 47
conv7 21 23 22
conv7 22 10 125
conv7 23 4 22
conv7 24 3 51
conv7 25 7 33
conv7 26 4 87
conv7 27 3 70
conv7 28 2 47
conv7 29 22 27
conv7 30 5 64
conv7 31 4 44
conv7 32 10 23
conv7 33 7 159
conv7 34 17 14
conv7 35 17 12
conv7 36 8 19
conv7 37 125 17
conv7 38 12 113
conv7 39 4 142
conv7 40 50 11
conv7 41 3 103
conv7 42 5 39
conv7 43 49 11
conv7 44 17 25
conv7 45 14 53
conv7 46 5 15
conv7 47 0 38
conv7 48 1 34
conv7 49 5 20
conv7 50 1 109
conv7 51 21 31
conv7 52 2 111
conv7 53 5 134
conv7 54 5 18
conv7 55 4 125
conv7 56 3 15
conv7 57 13 14
conv7 58 8 5
conv7 59 6 90
conv7 60 1 127
conv7 61 3 117
conv7 62 2 83
conv7 63 2 107
conv7 64 147 8
conv7 65 3 87
conv7 66 10 45
conv7 67 1 132
conv7 68 5 71
conv7 69 11 21
conv7 70 2 110
conv7 71 6 21
conv7 72 2 113
conv7 73 4 34
conv7 74 6 22
conv7 75 18 18
conv7 76 6 54
conv7 77 8 142
conv7 78 2 93
conv7 79 4 31
conv7 80 6 138
conv7 81 10 15
conv7 82 10 113
conv7 83 7 144
conv7 84 2 128
conv7 85 52 30
conv7 86 7 115
conv7 87 1 79
conv7 88 13 115
conv7 89 6 35
conv7 90 4 89
conv7 91 23 23
conv7 92 3 100
conv7 93 5 43
conv7 94 3 25
conv7 95 16 23
conv7 96 14 28
conv7 97 20 13
conv7 98 2 115
conv7 99 9 40
conv7 100 3 118
conv7 101 4 128
conv7 102 12 157
conv7 103 4 176
conv7 104 11 24
conv7 105 9 29
conv7 106 3 146
conv7 107 33 21
conv7 108 5 15
conv7 109 3 153
conv7 110 11 35
conv7 111 15 33
conv7 112 1 108
conv7 113 11 26
conv7 114 1 76
conv7 115 5 23
conv7 116 16 34
conv7 117 4 23
conv7 118 10 41
conv7 119 12 14
conv7 120 1 115
conv7 121 10 150
conv7 122 15 151
conv7 123 4 122
conv7 124 4 49
conv7 125 7 79
conv7 126 8 20
conv7 127 16 54
conv7 128 4 29
conv7 129 9 55
conv7 130 11 45
conv7 131 14 36
conv7 132 7 144
conv7 133 3 132
conv7 134 16 44
conv7 135 61 24
conv7 136 6 39
conv7 137 38 42
conv7 138 2 136
conv7 139 3 12
conv7 140 12 146
conv7 141 14 25
conv7 142 4 93
conv7 143 6 12
conv7 144 17 39
conv7 145 6 136
conv7 146 20 34
conv7 147 15 29
conv7 148 13 26
conv7 149 1 39
conv7 150 19 28
conv7 151 43 7
conv7 152 7 45
conv7 153 6 38
conv7 154 3 32
conv7 155 4 121
conv7 156 24 20
conv7 157 3 53
conv7 158 3 126
conv7 159 10 43
conv7 160 3 120
conv7 161 10 112
conv7 162 3 22
conv7 163 2 34
conv7 164 8 34
conv7 165 17 48
conv7 166 5 80
conv7 167 3 118
conv7 168 9 64
conv7 169 37 13
conv7 170 3 10
conv7 171 5 41
conv7 172 17 14
conv7 173 2 161
conv7 174 7 46
conv7 175 1 27
conv7 176 2 114
conv7 177 3 118
conv7 178 2 119
conv7 179 4 11
conv7 180 1 131
conv7 181 9 135
conv7 182 32 16
conv7 183 2 124
conv7 184 6 44
conv7 185 5 23
conv7 186 33 17
conv7 187 1 48
conv7 188 8 53
conv7 189 9 16
conv7 190 2 133
conv7 191 28 27
conv7 192 2 126
conv7 193 3 45
conv7 194 10 36
conv7 195 3 122
conv7 196 16 31
conv7 197 17 26
conv7 198 8 34
conv7 199 68 25
conv7 200 4 25
conv7 201 2 135
conv7 202 5 125
conv7 203 2 129
conv7 204 7 44
conv7 205 2 63
conv7 206 4 118
conv7 207 4 119
conv7 208 9 31
conv7 209 8 28
conv7 210 3 19
conv7 211 3 34
conv7 212 5 52
conv7 213 2 125
conv7 214 3 46
conv7 215 19 25
conv7 216 7 72
conv7 217 4 39
conv7 218 3 24
conv7 219 61 15
conv7 220 13 31
conv7 221 9 58
conv7 222 1 139
conv7 223 4 47
conv7 224 3 54
conv7 225 6 19
conv7 226 3 111
conv7 227 56 22
conv7 228 2 17
conv7 229 10 60
conv7 230 28 26
conv7 231 8 52
conv7 232 11 147
conv7 233 17 25
conv7 234 5 24
conv7 235 5 109
conv7 236 11 35
conv7 237 10 35
conv7 238 11 34
conv7 239 120 4
conv7 240 1 59
conv7 241 16 14
conv7 242 2 132
conv7 243 2 92
conv7 244 17 30
conv7 245 5 22
conv7 246 8 44
conv7 247 2 126
conv7 248 4 33
conv7 249 5 57
conv7 250 5 112
conv7 251 4 143
conv7 252 7 126
conv7 253 5 36
conv7 254 2 36
conv7 255 10 91
conv8 0 8 7
conv8 1 6 15
conv8 2 5 52
conv8 3 39 16
conv8 4 19 17
conv8 5 13 24
conv8 6 41 21
conv8 7 3 51
conv8 8 5 28
conv8 9 26 12
conv8 10 0 50
conv8 11 8 10
conv8 12 11 20
conv8 13 4 28
conv8 14 9 30
conv8 15 6 33
conv8 16 2 104
conv8 17 32 6
conv8 18 10 19
conv8 19 12 44
conv8 20 46 10
conv8 21 9 28
conv8 22 6 46
conv8 23 7 10
conv8 24 5 20
conv8 25 13 23
conv8 26 23 56
conv8 27 42 19
conv8 28 17 18
conv8 29 17 142
conv8 30 25 17
conv8 31 14 11
conv8 32 18 29
conv8 33 4 24
conv8 34 2 161
conv8 35 5 39
conv8 36 16 18
conv8 37 7 13
conv8 38 17 12
conv8 39 13 33
conv8 40 1 36
conv8 41 14 38
conv8 42 24 27
conv8 43 13 10
conv8 44 48 27
conv8 45 2 30
conv8 46 11 10
conv8 47 10 49
conv8 48 4 38
conv8 49 96 13
conv8 50 8 26
conv8 51 10 14
conv8 52 13 46
conv8 53 9 36
conv8 54 13 23
conv8 55 6 16
conv8 56 16 4
conv8 57 35 16
conv8 58 14 26
conv8 59 1 38
conv8 60 10 5
conv8 61 37 11
conv8 62 27 7
conv8 63 4 28
conv8 64 11 39
conv8 65 14 30
conv8 66 18 51
conv8 67 3 20
conv8 68 15 24
conv8 69 4 46
conv8 70 10 43
conv8 71 12 25
conv8 72 12 28
conv8 73 57 6
conv8 74 6 45
conv8 75 12 22
conv8 76 6 27
conv8 77 2 19
conv8 78 10 62
conv8 79 19 122
conv8 80 7 33
conv8 81 1 72
conv8 82 41 28
conv8 83 3 17
conv8 84 29 12
conv8 85 18 12
conv8 86 9 37
conv8 87 7 71
conv8 88 23 17
conv8 89 29 22
conv8 90 6 12
conv8 91 5 83
conv8 92 7 13
conv8 93 39 19
conv8 94 2 92
conv8 95 24 17
conv8 96 5 11
conv8 97 16 36
conv8 98 10 33
conv8 99 0 72
conv8 100 11 42
conv8 101 24 12
conv8 102 180 7
conv8 103 11 46
conv8 104 12 30
conv8 105 49 10
conv8 106 7 60
conv8 107 22 17
conv8 108 6 11
conv8 109 5 39
conv8 110 17 45
conv8 111 23 14
conv8 112 11 33
conv8 113 29 36
conv8 114 29 18
conv8 115 23 23
conv8 116 12 14
conv8 117 3 60
conv8 118 13 69
conv8 119 22 42
conv8 120 17 9
conv8 121 25 16
conv8 122 15 15
conv8 123 8 14
conv8 124 1 76
conv8 125 11 7
conv8 126 9 22
conv8 127 0 40
conv8 128 4 41
conv8 129 3 26
conv8 130 17 22
conv8 131 7 60
conv8 132 15 27
conv8 133 2 80
conv8 134 14 37
conv8 135 48 7
conv8 136 43 6
conv8 137 18 29
conv8 138 7 20
conv8 139 48 8
conv8 140 11 12
conv8 141 13 36
conv8 142 2 137
conv8 143 6 25
conv8 144 9 17
conv8 145 21 29
conv8 146 5 27
conv8 147 3 46
conv8 148 15 20
conv8 149 9 38
conv8 150 10 55
conv8 151 114 9
conv8 152 6 95
conv8 153 13 30
conv8 154 13 60
conv8 155 10 33
conv8 156 25 34
conv8 157 11 55
conv8 158 11 42
conv8 159 2 39
conv8 160 4 23
conv8 161 35 11
conv8 162 14 14
conv8 163 5 19
conv8 164 18 24
conv8 165 6 49
conv8 166 5 28
conv8 167 14 16
conv8 168 21 29
conv8 169 32 30
conv8 170 8 110
conv8 171 5 44
conv8 172 11 26
conv8 173 122 13
conv8 174 8 25
conv8 175 46 12
conv8 176 20 10
conv8 177 47 9
conv8 178 1 105
conv8 179 13 11
conv8 180 29 17
conv8 181 10 9
conv8 182 4 45
conv8 183 19 12
conv8 184 14 29
conv8 185 5 38
conv8 186 3 72
conv8 187 17 48
conv8 188 50 11
conv8 189 16 24
conv8 190 6 57
conv8 191 1 35
conv8 192 38 15
conv8 193 9 69
conv8 194 3 14
conv8 195 9 24
conv8 196 129 9
conv8 197 10 31
conv8 198 10 17
conv8 199 13 16
conv8 200 118 3
conv8 201 5 84
conv8 202 16 42
conv8 203 7 17
conv8 204 21 14
conv8 205 3 48
conv8 206 2 59
conv8 207 8 20
conv8 208 1 75
conv8 209 9 32
conv8 210 20 31
conv8 211 2 45
conv8 212 60 5
conv8 213 40 23
conv8 214 32 14
conv8 215 1 61
conv8 216 55 37
conv8 217 21 28
conv8 218 12 47
conv8 219 1 47
conv8 220 3 47
conv8 221 15 15
conv8 222 1 37
conv8 223 16 57
conv8 224 9 21
conv8 225 3 86
conv8 226 19 19
conv8 227 22 28
conv8 228 7 41
conv8 229 41 10
conv8 230 38 17
conv8 231 32 32
conv8 232 3 59
conv8 233 1 124
conv8 234 7 51
conv8 235 9 111
conv8 236 21 13
conv8 237 141 12
conv8 238 3 173
conv8 239 21 19
conv8 240 28 14
conv8 241 35 7
conv8 242 10 58
conv8 243 12 33
conv8 244 22 20
conv8 245 31 25
conv8 246 1 65
conv8 247 8 17
conv8 248 8 96
conv8 249 7 8
conv8 250 2 155
conv8 251 14 23
conv8 252 6 44
conv8 253 14 14
conv8 254 6 26
conv8 255 61 6
conv8 256 5 57
conv8 257 26 28
conv8 258 11 31
conv8 259 6 26
conv8 260 2 51
conv8 261 13 6
conv8 262 12 146
conv8 263 2 33
conv8 264 14 24
conv8 265 8 21
conv8 266 46 20
conv8 267 28 20
conv8 268 7 26
conv8 269 13 42
conv8 270 19 16
conv8 271 14 8
conv8 272 11 160
conv8 273 12 14
conv8 274 25 16
conv8 275 23 17
conv8 276 1 67
conv8 277 9 41
conv8 278 19 14
conv8 279 8 18
conv8 280 3 65
conv8 281 5 42
conv8 282 10 13
conv8 283 24 26
conv8 284 18 28
conv8 285 4 61
conv8 286 7 54
conv8 287 5 22
conv8 288 87 9
conv8 289 28 15
conv8 290 151 24
conv8 291 7 32
conv8 292 8 46
conv8 293 67 18
conv8 294 5 36
conv8 295 19 46
conv8 296 2 134
conv8 297 14 38
conv8 298 2 50
conv8 299 1 69
conv8 300 15 13
conv8 301 9 23
conv8 302 26 23
conv8 303 14 53
conv8 304 16 33
conv8 305 1 52
conv8 306 2 51
conv8 307 53 18
conv8 308 21 29
conv8 309 6 33
conv8 310 10 28
conv8 311 44 19
conv8 312 15 30
conv8 313 13 19
conv8 314 50 8
conv8 315 11 39
conv8 316 17 23
conv8 317 16 19
conv8 318 12 12
conv8 319 107 34
conv8 320 4 31
conv8 321 13 49
conv8 322 5 10
conv8 323 4 57
conv8 324 10 37
conv8 325 39 6
conv8 326 5 68
conv8 327 14 24
conv8 328 9 45
conv8 329 22 46
conv8 330 1 83
conv8 331 7 20
conv8 332 1 53
conv8 333 7 34
conv8 334 8 14
conv8 335 167 6
conv8 336 5 44
conv8 337 7 25
conv8 338 27 8
conv8 339 7 10
conv8 340 21 16
conv8 341 5 8
conv8 342 4 130
conv8 343 7 67
conv8 344 5 51
conv8 345 96 6
conv8 346 19 9
conv8 347 30 9
conv8 348 26 22
conv8 349 9 54
conv8 350 14 60
conv8 351 4 39
conv8 352 7 13
conv8 353 16 38
conv8 354 15 9
conv8 355 11 42
conv8 356 14 38
conv8 357 27 22
conv8 358 24 26
conv8 359 5 23
conv8 360 34 20
conv8 361 28 42
conv8 362 12 17
conv8 363 3 77
conv8 364 2 45
conv8 365 53 16
conv8 366 2 61
conv8 367 2 42
conv8 368 14 22
conv8 369 13 15
conv8 370 5 25
conv8 371 14 61
conv8 372 8 28
conv8 373 6 10
conv8 374 7 39
conv8 375 64 7
conv8 376 3 132
conv8 377 18 28
conv8 378 11 22
conv8 379 15 18
conv8 380 14 31
conv8 381 13 24
conv8 382 5 56
conv8 383 67 30
conv8 384 12 3
conv8 385 35 29
conv8 386 26 10
conv8 387 7 12
conv8 388 16 20
conv8 389 32 24
conv8 390 8 54
conv8 391 6 47
conv8 392 22 38
conv8 393 11 15
conv8 394 8 29
conv8 395 8 44
conv8 396 6 40
conv8 397 8 34
conv8 398 122 4
conv8 399 27 10
conv8 400 12 34
conv8 401 25 25
conv8 402 9 39
conv8 403 0 29
conv8 404 18 7
conv8 405 50 6
conv8 406 6 19
conv8 407 0 82
conv8 408 5 107
conv8 409 5 8
conv8 410 9 35
conv8 411 9 176
conv8 412 17 15
conv8 413 3 47
conv8 414 8 126
conv8 415 6 56
conv8 416 27 22
conv8 417 21 8
conv8 418 58 7
conv8 419 4 47
conv8 420 9 11
conv8 421 2 25
conv8 422 0 39
conv8 423 12 8
conv8 424 29 13
conv8 425 7 46
conv8 426 1 34
conv8 427 4 70
conv8 428 1 159
conv8 429 88 23
conv8 430 10 14
conv8 431 26 16
conv8 432 26 6
conv8 433 12 51
conv8 434 6 19
conv8 435 41 16
conv8 436 4 12
conv8 437 30 17
conv8 438 3 56
conv8 439 26 47
conv8 440 10 37
conv8 441 4 35
conv8 442 18 29
conv8 443 2 50
conv8 444 16 22
conv8 445 14 41
conv8 446 0 46
conv8 447 7 14
conv8 448 16 10
conv8 449 143 11
conv8 450 1 56
conv8 451 3 57
conv8 452 16 18
conv8 453 6 48
conv8 454 126 25
conv8 455 17 21
conv8 456 7 45
conv8 457 4 33
conv8 458 19 20
conv8 459 72 9
conv8 460 4 42
conv8 461 0 60
conv8 462 5 57
conv8 463 16 26
conv8 464 13 45
conv8 465 5 56
conv8 466 6 26
conv8 467 42 18
conv8 468 5 38
conv8 469 133 12
conv8 470 14 21
conv8 471 15 21
conv8 472 14 14
conv8 473 10 17
conv8 474 10 90
conv8 475 9 18
conv8 476 3 98
conv8 477 5 54
conv8 478 10 16
conv8 479 1 42
conv8 480 5 40
conv8 481 4 33
conv8 482 5 26
conv8 483 30 17
conv8 484 4 42
conv8 485 33 9
conv8 486 16 51
conv8 487 40 23
conv8 488 124 7
conv8 489 7 26
conv8 490 53 10
conv8 491 1 20
conv8 492 11 11
conv8 493 12 10
conv8 494 4 106
conv8 495 32 26
conv8 496 5 56
conv8 497 15 13
conv8 498 7 11
conv8 499 62 12
conv8 500 7 58
conv8 501 23 16
conv8 502 19 22
conv8 503 3 20
conv8 504 7 19
conv8 505 6 72
conv8 506 4 55
conv8 507 15 25
conv8 508 3 59
conv8 509 5 27
conv8 510 5 38
conv8 511 16 20
conv9 0 3 34
conv9 1 2 46
conv9 2 14 26
conv9 3 10 30
conv9 4 15 79
conv9 5 17 34
conv9 6 12 153
conv9 7 6 117
conv9 8 9 42
conv9 9 38 14
conv9 10 12 48
conv9 11 9 135
conv9 12 12 160
conv9 13 6 55
conv9 14 2 63
conv9 15 3 29
conv9 16 9 37
conv9 17 17 35
conv9 18 0 148
conv9 19 19 30
conv9 20 6 26
conv9 21 4 170
conv9 22 7 150
conv9 23 53 6
conv9 24 20 10
conv9 25 1 97
conv9 26 6 125
conv9 27 3 116
conv9 28 1 135
conv9 29 29 157
conv9 30 13 14
conv9 31 6 47
conv9 32 3 30
conv9 33 15 18
conv9 34 13 45
conv9 35 2 75
conv9 36 3 11
conv9 37 23 171
conv9 38 7 55
conv9 39 5 42
conv9 40 8 67
conv9 41 6 60
conv9 42 24 24
conv9 43 1 143
conv9 44 9 132
conv9 45 11 36
conv9 46 11 160
conv9 47 26 14
conv9 48 1 124
conv9 49 34 33
conv9 50 8 61
conv9 51 6 158
conv9 52 20 34
conv9 53 11 37
conv9 54 4 181
conv9 55 48 35
conv9 56 0 36
conv9 57 1 25
conv9 58 14 22
conv9 59 6 49
conv9 60 4 147
conv9 61 11 44
conv9 62 3 129
conv9 63 20 42
conv9 64 1 43
conv9 65 3 142
conv9 66 15 43
conv9 67 10 45
conv9 68 155 20
conv9 69 1 45
conv9 70 3 106
conv9 71 21 22
conv9 72 3 68
conv9 73 28 14
conv9 74 22 16
conv9 75 6 40
conv9 76 142 21
conv9 77 10 79
conv9 78 10 12
conv9 79 17 30
conv9 80 2 46
conv9 81 180 13
conv9 82 15 163
conv9 83 4 71
conv9 84 144 13
conv9 85 3 128
conv9 86 19 20
conv9 87 1 34
conv9 88 9 60
conv9 89 1 143
conv9 90 8 45
conv9 91 2 183
conv9 92 15 72
conv9 93 9 70
conv9 94 34 11
conv9 95 12 32
conv9 96 14 21
conv9 97 6 64
conv9 98 14 46
conv9 99 1 42
conv9 100 22 23
conv9 101 3 89
conv9 102 34 25
conv9 103 2 48
conv9 104 27 95
conv9 105 137 22
conv9 106 15 19
conv9 107 3 189
conv9 108 44 40
conv9 109 2 132
conv9 110 14 45
conv9 111 2 148
conv9 112 0 137
conv9 113 6 47
conv9 114 1 60
conv9 115 35 11
conv9 116 1 154
conv9 117 100 19
conv9 118 7 111
conv9 119 34 31
conv9 120 1 42
conv9 121 4 65
conv9 122 11 26
conv9 123 23 18
conv9 124 9 15
conv9 125 33 16
conv9 126 2 51
conv9 127 1 82
conv9 128 16 138
conv9 129 7 20
conv9 130 7 55
conv9 131 65 21
conv9 132 9 43
conv9 133 1 62
conv9 134 3 51
conv9 135 29 16
conv9 136 17 27
conv9 137 1 137
conv9 138 52 19
conv9 139 61 16
conv9 140 6 64
conv9 141 74 15
conv9 142 31 25
conv9 143 3 52
conv9 144 16 35
conv9 145 1 138
conv9 146 11 21
conv9 147 6 76
conv9 148 9 25
conv9 149 14 53
conv9 150 3 50
conv9 151 3 39
conv9 152 18 36
conv9 153 6 34
conv9 154 1 95
conv9 155 7 146
conv9 156 3 68
conv9 157 1 22
conv9 158 27 54
conv9 159 11 43
conv9 160 4 51
conv9 161 0 35
conv9 162 3 46
conv9 163 6 154
conv9 164 5 38
conv9 165 6 54
conv9 166 107 8
conv9 167 19 134
conv9 168 2 71
conv9 169 5 40
conv9 170 9 55
conv9 171 4 144
conv9 172 1 68
conv9 173 2 133
conv9 174 2 32
conv9 175 22 17
conv9 176 0 35
conv9 177 143 39
conv9 178 32 27
conv9 179 4 35
conv9 180 9 31
conv9 181 1 155
conv9 182 2 78
conv9 183 9 45
conv9 184 80 6
conv9 185 19 25
conv9 186 6 40
conv9 187 12 26
conv9 188 2 22
conv9 189 43 19
conv9 190 3 33
conv9 191 1 63
conv9 192 3 115
conv9 193 1 123
conv9 194 1 97
conv9 195 11 43
conv9 196 8 175
conv9 197 7 34
conv9 198 2 29
conv9 199 8 23
conv9 200 4 24
conv9 201 14 30
conv9 202 2 166
conv9 203 35 41
conv9 204 20 19
conv9 205 21 17
conv9 206 6 60
conv9 207 13 12
conv9 208 23 50
conv9 209 2 52
conv9 210 7 51
conv9 211 0 148
conv9 212 1 167
conv9 213 0 139
conv9 214 11 44
conv9 215 13 110
conv9 216 12 146
conv9 217 1 85
conv9 218 155 40
conv9 219 11 50
conv9 220 18 32
conv9 221 11 30
conv9 222 25 5
conv9 223 3 40
conv9 224 12 77
conv9 225 6 26
conv9 226 2 60
conv9 227 23 91
conv9 228 46 13
conv9 229 9 23
conv9 230 4 78
conv9 231 1 35
conv9 232 14 41
conv9 233 5 77
conv9 234 2 58
conv9 235 15 45
conv9 236 13 69
conv9 237 5 134
conv9 238 30 24
conv9 239 7 41
conv9 240 143 16
conv9 241 115 26
conv9 242 16 19
conv9 243 10 78
conv9 244 57 24
conv9 245 4 40
conv9 246 1 148
conv9 247 4 31
conv9 248 6 42
conv9 249 9 76
conv9 250 2 183
conv9 251 13 60
conv9 252 5 55
conv9 253 1 127
conv9 254 4 53
conv9 255 2 99
conv9 256 0 47
conv9 257 3 72
conv9 258 45 12
conv9 259 1 141
conv9 260 10 117
conv9 261 3 25
conv9 262 6 91
conv9 263 41 30
conv9 264 4 36
conv9 265 6 154
conv9 266 7 16
conv9 267 2 85
conv9 268 23 19
conv9 269 4 61
conv9 270 20 25
conv9 271 3 104
conv9 272 9 36
conv9 273 21 32
conv9 274 24 44
conv9 275 3 138
conv9 276 8 31
conv9 277 5 34
conv9 278 2 42
conv9 279 32 10
conv9 280 27 13
conv9 281 23 30
conv9 282 9 165
conv9 283 5 176
conv9 284 1 71
conv9 285 3 78
conv9 286 3 131
conv9 287 6 38
conv9 288 23 23
conv9 289 7 143
conv9 290 6 42
conv9 291 22 32
conv9 292 11 25
conv9 293 13 36
conv9 294 46 29
conv9 295 8 148
conv9 296 5 50
conv9 297 2 71
conv9 298 3 30
conv9 299 9 30
conv9 300 51 10
conv9 301 12 45
conv9 302 10 41
conv9 303 45 39
conv9 304 1 135
conv9 305 8 11
conv9 306 6 35
conv9 307 63 7
conv9 308 12 30
conv9 309 11 77
conv9 310 110 22
conv9 311 6 38
conv9 312 2 41
conv9 313 6 37
conv9 314 19 17
conv9 315 2 182
conv9 316 7 135
conv9 317 12 24
conv9 318 3 55
conv9 319 15 29
conv9 320 14 22
conv9 321 15 34
conv9 322 5 75
conv9 323 6 49
conv9 324 23 32
conv9 325 1 74
conv9 326 11 186
conv9 327 2 185
conv9 328 5 62
conv9 329 38 12
conv9 330 5 43
conv9 331 10 37
conv9 332 8 27
conv9 333 15 54
conv9 334 4 46
conv9 335 2 196
conv9 336 22 22
conv9 337 5 41
conv9 338 7 16
conv9 339 3 148
conv9 340 29 32
conv9 341 12 78
conv9 342 7 39
conv9 343 1 117
conv9 344 15 32
conv9 345 5 157
conv9 346 157 12
conv9 347 8 29
conv9 348 16 161
conv9 349 3 145
conv9 350 1 62
conv9 351 19 42
conv9 352 1 74
conv9 353 6 55
conv9 354 115 26
conv9 355 25 33
conv9 356 3 152
conv9 357 2 34
conv9 358 4 75
conv9 359 10 36
conv9 360 16 155
conv9 361 3 57
conv9 362 17 18
conv9 363 23 104
conv9 364 2 167
conv9 365 15 26
conv9 366 11 32
conv9 367 12 18
conv9 368 13 130
conv9 369 1 73
conv9 370 19 114
conv9 371 6 26
conv9 372 4 31
conv9 373 0 77
conv9 374 34 17
conv9 375 5 73
conv9 376 5 165
conv9 377 11 40
conv9 378 1 136
conv9 379 3 145
conv9 380 2 77
conv9 381 13 16
conv9 382 16 27
conv9 383 9 29
conv9 384 13 35
conv9 385 3 150
conv9 386 4 99
conv9 387 22 27
conv9 388 3 66
conv9 389 25 19
conv9 390 16 156
conv9 391 27 29
conv9 392 5 65
conv9 393 0 33
conv9 394 3 50
conv9 395 12 34
conv9 396 7 64
conv9 397 35 36
conv9 398 18 34
conv9 399 1 117
conv9 400 23 18
conv9 401 9 10
conv9 402 3 49
conv9 403 1 150
conv9 404 6 19
conv9 405 4 64
conv9 406 47 19
conv9 407 6 161
conv9 408 7 42
conv9 409 23 19
conv9 410 5 48
conv9 411 14 16
conv9 412 16 28
conv9 413 8 64
conv9 414 2 131
conv9 415 9 23
conv9 416 22 8
conv9 417 1 152
conv9 418 7 48
conv9 419 23 23
conv9 420 5 25
conv9 421 14 21
conv9 422 6 87
conv9 423 32 23
conv9 424 1 45
conv9 425 11 162
conv9 426 12 26
conv9 427 5 40
conv9 428 18 156
conv9 429 12 83
conv9 430 2 179
conv9 431 1 107
conv9 432 14 57
conv9 433 147 25
conv9 434 6 52
conv9 435 9 140
conv9 436 6 26
conv9 437 16 45
conv9 438 12 155
conv9 439 3 53
conv9 440 22 38
conv9 441 3 141
conv9 442 41 20
conv9 443 5 61
conv9 444 10 46
conv9 445 3 169
conv9 446 6 43
conv9 447 6 30
conv9 448 58 16
conv9 449 2 45
conv9 450 20 18
conv9 451 15 23
conv9 452 4 91
conv9 453 4 41
conv9 454 9 28
conv9 455 0 229
conv9 456 23 30
conv9 457 7 55
conv9 458 28 29
conv9 459 2 29
conv9 460 0 51
conv9 461 11 72
conv9 462 5 26
conv9 463 14 44
conv9 464 19 36
conv9 465 9 13
conv9 466 149 7
conv9 467 47 28
conv9 468 43 38
conv9 469 11 25
conv9 470 4 137
conv9 471 32 30
conv9 472 14 54
conv9 473 3 164
conv9 474 1 33
conv9 475 36 19
conv9 476 5 133
conv9 477 124 27
conv9 478 197 20
conv9 479 4 150
conv9 480 33 28
conv9 481 8 35
conv9 482 4 209
conv9 483 12 18
conv9 484 8 65
conv9 485 11 97
conv9 486 6 72
conv9 487 158 7
conv9 488 6 99
conv9 489 23 33
conv9 490 3 25
conv9 491 14 9
conv9 492 11 47
conv9 493 2 176
conv9 494 3 41
conv9 495 5 18
conv9 496 6 146
conv9 497 2 25
conv9 498 3 21
conv9 499 6 175
conv9 500 5 35
conv9 501 112 40
conv9 502 4 61
conv9 503 32 25
conv9 504 109 17
conv9 505 17 11
conv9 506 4 44
conv9 507 2 45
conv9 508 116 19
conv9 509 8 29
conv9 510 3 66
conv9 511 3 133
conv10 0 0 194
conv10 1 4 169
conv10 2 4 172
conv10 3 2 57
conv10 4 1 186
conv10 5 5 35
conv10 6 8 88
conv10 7 4 190
conv10 8 0 192
conv10 9 2 176
conv10 10 2 206
conv10 11 1 182
conv10 12 5 150
conv10 13 4 128
conv10 14 7 63
conv10 15 0 180
conv10 16 2 136
conv10 17 15 31
conv10 18 10 32
conv10 19 4 157
conv10 20 11 67
conv10 21 5 34
conv10 22 1 55
conv10 23 2 158
conv10 24 0 155
conv10 25 9 190
conv10 26 2 44
conv10 27 8 174
conv10 28 1 193
conv10 29 4 162
conv10 30 3 82
conv10 31 3 185
conv10 32 10 56
conv10 33 2 48
conv10 34 9 77
conv10 35 4 153
conv10 36 23 23
conv10 37 24 31
conv10 38 3 140
conv10 39 3 141
conv10 40 9 147
conv10 41 14 152
conv10 42 1 158
conv10 43 3 198
conv10 44 5 162
conv10 45 21 173
conv10 46 1 163
conv10 47 1 175
conv10 48 2 141
conv10 49 7 127
conv10 50 5 164
conv10 51 3 186
conv10 52 8 140
conv10 53 9 174
conv10 54 2 162
conv10 55 4 158
conv10 56 2 175
conv10 57 3 50
conv10 58 14 124
conv10 59 3 118
conv10 60 3 71
conv10 61 3 179
conv10 62 4 153
conv10 63 4 201
conv10 64 0 189
conv10 65 6 147
conv10 66 4 118
conv10 67 12 52
conv10 68 0 159
conv10 69 2 144
conv10 70 1 164
conv10 71 1 153
conv10 72 2 130
conv10 73 13 155
conv10 74 1 120
conv10 75 27 161
conv10 76 0 55
conv10 77 2 199
conv10 78 0 56
conv10 79 4 198
conv10 80 5 155
conv10 81 166 16
conv10 82 2 154
conv10 83 3 36
conv10 84 5 147
conv10 85 7 188
conv10 86 7 106
conv10 87 2 53
conv10 88 6 33
conv10 89 0 67
conv10 90 3 161
conv10 91 2 172
conv10 92 2 167
conv10 93 26 114
conv10 94 16 160
conv10 95 1 49
conv10 96 2 61
conv10 97 16 27
conv10 98 9 151
conv10 99 1 146
conv10 100 2 163
conv10 101 6 155
conv10 102 4 156
conv10 103 2 140
conv10 104 7 44
conv10 105 5 147
conv10 106 22 173
conv10 107 0 152
conv10 108 28 39
conv10 109 8 54
conv10 110 9 153
conv10 111 137 23
conv10 112 2 142
conv10 113 3 150
conv10 114 4 179
conv10 115 9 124
conv10 116 8 145
conv10 117 4 155
conv10 118 10 187
conv10 119 5 191
conv10 120 11 137
conv10 121 1 144
conv10 122 2 167
conv10 123 4 130
conv10 124 24 143
conv10 125 4 150
conv10 126 3 158
conv10 127 0 162
conv10 128 2 164
conv10 129 4 103
conv10 130 6 51
conv10 131 1 106
conv10 132 5 159
conv10 133 4 188
conv10 134 3 161
conv10 135 6 110
conv10 136 4 146
conv10 137 1 177
conv10 138 3 162
conv10 139 9 139
conv10 140 2 36
conv10 141 3 126
conv10 142 8 180
conv10 143 2 109
conv10 144 9 25
conv10 145 1 139
conv10 146 8 135
conv10 147 5 127
conv10 148 7 26
conv10 149 12 169
conv10 150 2 49
conv10 151 9 173
conv10 152 1 162
conv10 153 4 178
conv10 154 1 169
conv10 155 23 85
conv10 156 2 123
conv10 157 5 133
conv10 158 7 152
conv10 159 1 113
conv10 160 2 156
conv10 161 5 153
conv10 162 6 135
conv10 163 10 133
conv10 164 14 34
conv10 165 3 211
conv10 166 9 157
conv10 167 2 125
conv10 168 14 166
conv10 169 0 85
conv10 170 2 205
conv10 171 2 149
conv10 172 7 137
conv10 173 5 135
conv10 174 2 116
conv10 175 2 133
conv10 176 1 134
conv10 177 7 130
conv10 178 4 52
conv10 179 23 45
conv10 180 0 154
conv10 181 14 187
conv10 182 3 147
conv10 183 1 62
conv10 184 2 47
conv10 185 9 47
conv10 186 7 170
conv10 187 1 204
conv10 188 39 17
conv10 189 4 71
conv10 190 11 134
conv10 191 2 54
conv10 192 1 113
conv10 193 3 124
conv10 194 5 113
conv10 195 19 40
conv10 196 3 157
conv10 197 3 153
conv10 198 2 146
conv10 199 0 141
conv10 200 3 182
conv10 201 3 179
conv10 202 2 166
conv10 203 0 166
conv10 204 1 166
conv10 205 11 55
conv10 206 16 98
conv10 207 2 126
conv10 208 6 134
conv10 209 6 150
conv10 210 8 50
conv10 211 0 176
conv10 212 27 23
conv10 213 19 52
conv10 214 13 34
conv10 215 1 189
conv10 216 4 34
conv10 217 7 37
conv10 218 3 65
conv10 219 4 157
conv10 220 9 24
conv10 221 4 135
conv10 222 2 122
conv10 223 11 56
conv10 224 1 180
conv10 225 3 203
conv10 226 4 134
conv10 227 9 137
conv10 228 4 54
conv10 229 3 166
conv10 230 1 172
conv10 231 0 152
conv10 232 18 159
conv10 233 2 40
conv10 234 5 169
conv10 235 23 145
conv10 236 11 163
conv10 237 4 201
conv10 238 7 157
conv10 239 2 39
conv10 240 1 164
conv10 241 4 40
conv10 242 4 26
conv10 243 22 36
conv10 244 1 62
conv10 245 1 71
conv10 246 1 76
conv10 247 1 167
conv10 248 0 151
conv10 249 1 145
conv10 250 6 125
conv10 251 3 160
conv10 252 5 111
conv10 253 8 120
conv10 254 4 155
conv10 255 1 40
conv10 256 3 129
conv10 257 3 48
conv10 258 2 147
conv10 259 17 59
conv10 260 3 165
conv10 261 3 56
conv10 262 4 174
conv10 263 6 175
conv10 264 8 27
conv10 265 1 191
conv10 266 4 170
conv10 267 2 156
conv10 268 2 129
conv10 269 9 115
conv10 270 2 152
conv10 271 6 160
conv10 272 2 147
conv10 273 3 191
conv10 274 2 39
conv10 275 5 47
conv10 276 21 145
conv10 277 22 18
conv10 278 11 170
conv10 279 1 116
conv10 280 4 184
conv10 281 2 150
conv10 282 2 157
conv10 283 5 153
conv10 284 11 170
conv10 285 3 69
conv10 286 7 128
conv10 287 3 136
conv10 288 16 53
conv10 289 2 33
conv10 290 8 46
conv10 291 3 66
conv10 292 4 46
conv10 293 1 131
conv10 294 9 126
conv10 295 18 40
conv10 296 1 188
conv10 297 3 162
conv10 298 3 75
conv10 299 3 32
conv10 300 14 24
conv10 301 4 130
conv10 302 0 119
conv10 303 1 160
conv10 304 2 131
conv10 305 30 144
conv10 306 3 146
conv10 307 5 175
conv10 308 23 162
conv10 309 1 52
conv10 310 4 186
conv10 311 4 118
conv10 312 4 132
conv10 313 1 173
conv10 314 3 34
conv10 315 11 119
conv10 316 1 86
conv10 317 13 209
conv10 318 12 16
conv10 319 7 173
conv10 320 0 196
conv10 321 2 155
conv10 322 6 163
conv10 323 6 132
conv10 324 1 39
conv10 325 0 65
conv10 326 14 102
conv10 327 3 149
conv10 328 4 146
conv10 329 1 176
conv10 330 3 161
conv10 331 3 154
conv10 332 3 176
conv10 333 4 40
conv10 334 5 152
conv10 335 1 174
conv10 336 1 148
conv10 337 23 34
conv10 338 2 55
conv10 339 3 140
conv10 340 3 170
conv10 341 1 81
conv10 342 3 44
conv10 343 9 39
conv10 344 5 150
conv10 345 14 31
conv10 346 4 128
conv10 347 3 178
conv10 348 1 54
conv10 349 16 109
conv10 350 5 38
conv10 351 13 63
conv10 352 147 38
conv10 353 5 31
conv10 354 2 34
conv10 355 14 27
conv10 356 3 165
conv10 357 5 141
conv10 358 8 121
conv10 359 2 161
conv10 360 2 164
conv10 361 2 170
conv10 362 11 35
conv10 363 1 155
conv10 364 1 167
conv10 365 13 65
conv10 366 6 150
conv10 367 3 109
conv10 368 3 174
conv10 369 1 137
conv10 370 1 117
conv10 371 22 152
conv10 372 2 54
conv10 373 7 126
conv10 374 6 190
conv10 375 85 20
conv10 376 1 191
conv10 377 6 137
conv10 378 2 157
conv10 379 6 153
conv10 380 5 138
conv10 381 12 143
conv10 382 7 59
conv10 383 0 144
conv10 384 12 161
conv10 385 8 156
conv10 386 34 33
conv10 387 1 52
conv10 388 14 146
conv10 389 6 128
conv10 390 14 39
conv10 391 5 191
conv10 392 5 147
conv10 393 2 37
conv10 394 15 130
conv10 395 9 148
conv10 396 3 102
conv10 397 1 165
conv10 398 2 143
conv10 399 1 23
conv10 400 4 171
conv10 401 2 133
conv10 402 12 118
conv10 403 3 168
conv10 404 2 146
conv10 405 2 125
conv10 406 1 155
conv10 407 9 111
conv10 408 2 169
conv10 409 1 149
conv10 410 1 162
conv10 411 1 172
conv10 412 1 127
conv10 413 0 74
conv10 414 2 72
conv10 415 5 56
conv10 416 16 167
conv10 417 6 174
conv10 418 7 94
conv10 419 6 67
conv10 420 3 201
conv10 421 8 145
conv10 422 6 157
conv10 423 2 159
conv10 424 2 149
conv10 425 0 184
conv10 426 10 152
conv10 427 1 148
conv10 428 6 147
conv10 429 2 150
conv10 430 1 162
conv10 431 4 122
conv10 432 2 64
conv10 433 1 108
conv10 434 21 40
conv10 435 14 183
conv10 436 5 161
conv10 437 33 23
conv10 438 2 168
conv10 439 4 55
conv10 440 7 48
conv10 441 19 30
conv10 442 36 15
conv10 443 1 181
conv10 444 19 118
conv10 445 7 126
conv10 446 13 166
conv10 447 3 188
conv10 448 0 80
conv10 449 2 104
conv10 450 0 104
conv10 451 2 63
conv10 452 11 120
conv10 453 1 139
conv10 454 3 163
conv10 455 5 172
conv10 456 5 182
conv10 457 2 185
conv10 458 25 36
conv10 459 2 178
conv10 460 1 52
conv10 461 1 122
conv10 462 13 134
conv10 463 17 31
conv10 464 168 25
conv10 465 9 156
conv10 466 9 118
conv10 467 4 177
conv10 468 2 168
conv10 469 12 49
conv10 470 9 27
conv10 471 0 138
conv10 472 34 17
conv10 473 2 115
conv10 474 15 54
conv10 475 27 148
conv10 476 23 150
conv10 477 1 115
conv10 478 1 184
conv10 479 6 44
conv10 480 13 173
conv10 481 3 127
conv10 482 6 157
conv10 483 3 113
conv10 484 7 37
conv10 485 2 49
conv10 486 6 223
conv10 487 21 161
conv10 488 2 133
conv10 489 14 30
conv10 490 0 151
conv10 491 2 66
conv10 492 2 155
conv10 493 2 136
conv10 494 0 34
conv10 495 4 159
conv10 496 1 116
conv10 497 7 25
conv10 498 11 59
conv10 499 31 31
conv10 500 2 77
conv10 501 1 175
conv10 502 26 126
conv10 503 4 146
conv10 504 5 158
conv10 505 1 165
conv10 506 3 175
conv10 507 9 170
conv10 508 0 146
conv10 509 14 148
conv10 510 14 155
conv10 511 6 152
conv11 0 19 22
conv11 1 10 19
conv11 2 9 23
conv11 3 8 47
conv11 4 6 36
conv11 5 32 45
conv11 6 20 14
conv11 7 37 9
conv11 8 7 40
conv11 9 13 19
conv11 10 199 14
conv11 11 5 37
conv11 12 22 32
conv11 13 5 57
conv11 14 14 22
conv11 15 74 13
conv11 16 12 42
conv11 17 52 5
conv11 18 2 61
conv11 19 13 28
conv11 20 14 28
conv11 21 7 73
conv11 22 28 22
conv11 23 17 17
conv11 24 19 31
conv11 25 13 32
conv11 26 23 31
conv11 27 5 25
conv11 28 21 17
conv11 29 2 46
conv11 30 20 20
conv11 31 7 34
conv11 32 16 20
conv11 33 93 10
conv11 34 1 101
conv11 35 6 53
conv11 36 14 45
conv11 37 10 61
conv11 38 62 11
conv11 39 13 17
conv11 40 18 39
conv11 41 11 34
conv11 42 14 14
conv11 43 11 19
conv11 44 29 34
conv11 45 14 39
conv11 46 9 39
conv11 47 10 25
conv11 48 72 5
conv11 49 3 53
conv11 50 25 22
conv11 51 9 18
conv11 52 66 9
conv11 53 19 19
conv11 54 2 11
conv11 55 11 29
conv11 56 6 62
conv11 57 15 35
conv11 58 1 47
conv11 59 37 32
conv11 60 15 31
conv11 61 1 31
conv11 62 13 36
conv11 63 26 13
conv11 64 1 45
conv11 65 16 31
conv11 66 16 21
conv11 67 2 41
conv11 68 10 46
conv11 69 13 34
conv11 70 2 24
conv11 71 8 24
conv11 72 14 20
conv11 73 7 30
conv11 74 3 24
conv11 75 8 81
conv11 76 17 42
conv11 77 36 17
conv11 78 6 29
conv11 79 10 37
conv11 80 4 33
conv11 81 21 17
conv11 82 17 40
conv11 83 43 16
conv11 84 82 9
conv11 85 19 21
conv11 86 15 20
conv11 87 30 25
conv11 88 14 34
conv11 89 29 35
conv11 90 9 45
conv11 91 10 26
conv11 92 20 21
conv11 93 20 22
conv11 94 21 32
conv11 95 23 21
conv11 96 28 17
conv11 97 84 10
conv11 98 3 89
conv11 99 40 19
conv11 100 18 26
conv11 101 9 29
conv11 102 66 14
conv11 103 20 34
conv11 104 5 66
conv11 105 6 17
conv11 106 20 18
conv11 107 133 19
conv11 108 42 22
conv11 109 4 64
conv11 110 22 19
conv11 111 28 43
conv11 112 34 45
conv11 113 28 35
conv11 114 8 22
conv11 115 19 42
conv11 116 35 21
conv11 117 100 20
conv11 118 30 23
conv11 119 7 44
conv11 120 28 22
conv11 121 14 21
conv11 122 68 15
conv11 123 3 48
conv11 124 1 36
conv11 125 16 30
conv11 126 37 13
conv11 127 31 25
conv11 128 14 32
conv11 129 50 9
conv11 130 35 18
conv11 131 36 13
conv11 132 57 14
conv11 133 15 36
conv11 134 13 15
conv11 135 23 10
conv11 136 12 39
conv11 137 10 25
conv11 138 28 17
conv11 139 22 24
conv11 140 23 15
conv11 141 26 23
conv11 142 2 57
conv11 143 151 25
conv11 144 22 33
conv11 145 18 30
conv11 146 47 18
conv11 147 8 36
conv11 148 34 37
conv11 149 121 35
conv11 150 83 10
conv11 151 7 39
conv11 152 14 20
conv11 153 58 15
conv11 154 7 36
conv11 155 12 28
conv11 156 14 22
conv11 157 10 20
conv11 158 27 15
conv11 159 8 31
conv11 160 23 31
conv11 161 6 66
conv11 162 24 26
conv11 163 12 33
conv11 164 17 22
conv11 165 5 29
conv11 166 13 22
conv11 167 4 29
conv11 168 43 8
conv11 169 6 40
conv11 170 11 47
conv11 171 24 29
conv11 172 52 8
conv11 173 25 29
conv11 174 2 49
conv11 175 13 10
conv11 176 7 62
conv11 177 28 27
conv11 178 9 57
conv11 179 49 9
conv11 180 23 27
conv11 181 9 39
conv11 182 9 19
conv11 183 159 9
conv11 184 5 48
conv11 185 18 29
conv11 186 10 28
conv11 187 21 19
conv11 188 20 20
conv11 189 10 27
conv11 190 16 27
conv11 191 1 41
conv11 192 11 45
conv11 193 42 15
conv11 194 9 50
conv11 195 14 42
conv11 196 11 45
conv11 197 4 19
conv11 198 8 53
conv11 199 34 24
conv11 200 13 21
conv11 201 44 24
conv11 202 6 42
conv11 203 5 24
conv11 204 9 38
conv11 205 65 7
conv11 206 15 27
conv11 207 5 37
conv11 208 13 34
conv11 209 45 18
conv11 210 12 54
conv11 211 47 28
conv11 212 38 22
conv11 213 20 28
conv11 214 1 30
conv11 215 42 16
conv11 216 35 42
conv11 217 3 144
conv11 218 20 20
conv11 219 24 17
conv11 220 17 25
conv11 221 19 21
conv11 222 50 18
conv11 223 19 29
conv11 224 28 26
conv11 225 11 30
conv11 226 55 11
conv11 227 20 15
conv11 228 61 17
conv11 229 30 18
conv11 230 5 27
conv11 231 43 16
conv11 232 96 12
conv11 233 5 24
conv11 234 4 25
conv11 235 36 12
conv11 236 29 28
conv11 237 18 14
conv11 238 4 20
conv11 239 27 27
conv11 240 3 41
conv11 241 16 33
conv11 242 14 11
conv11 243 11 28
conv11 244 33 18
conv11 245 12 20
conv11 246 35 15
conv11 247 8 56
conv11 248 2 29
conv11 249 26 11
conv11 250 6 29
conv11 251 11 29
conv11 252 7 69
conv11 253 21 33
conv11 254 16 28
conv11 255 9 18
conv11 256 12 20
conv11 257 40 17
conv11 258 13 14
conv11 259 34 17
conv11 260 8 30
conv11 261 17 27
conv11 262 17 25
conv11 263 6 23
conv11 264 7 68
conv11 265 11 42
conv11 266 33 37
conv11 267 57 13
conv11 268 4 38
conv11 269 4 32
conv11 270 18 23
conv11 271 6 34
conv11 272 36 10
conv11 273 4 31
conv11 274 30 31
conv11 275 6 19
conv11 276 5 41
conv11 277 16 22
conv11 278 44 20
conv11 279 14 18
conv11 280 66 6
conv11 281 46 17
conv11 282 2 17
conv11 283 13 28
conv11 284 2 63
conv11 285 21 13
conv11 286 25 26
conv11 287 34 11
conv11 288 22 16
conv11 289 21 19
conv11 290 12 57
conv11 291 103 29
conv11 292 7 27
conv11 293 31 14
conv11 294 7 35
conv11 295 41 5
conv11 296 46 26
conv11 297 16 21
conv11 298 23 13
conv11 299 168 17
conv11 300 15 24
conv11 301 9 29
conv11 302 8 49
conv11 303 10 20
conv11 304 7 18
conv11 305 37 24
conv11 306 13 36
conv11 307 13 28
conv11 308 23 39
conv11 309 40 17
conv11 310 15 44
conv11 311 1 38
conv11 312 9 43
conv11 313 49 33
conv11 314 18 30
conv11 315 18 33
conv11 316 10 59
conv11 317 19 35
conv11 318 23 24
conv11 319 113 8
conv11 320 11 46
conv11 321 61 17
conv11 322 3 24
conv11 323 23 22
conv11 324 62 12
conv11 325 19 23
conv11 326 36 9
conv11 327 16 21
conv11 328 17 17
conv11 329 1 39
conv11 330 39 27
conv11 331 25 21
conv11 332 4 75
conv11 333 1 91
conv11 334 7 23
conv11 335 15 65
conv11 336 14 28
conv11 337 4 104
conv11 338 16 35
conv11 339 57 17
conv11 340 139 15
conv11 341 14 20
conv11 342 7 17
conv11 343 42 20
conv11 344 18 22
conv11 345 54 17
conv11 346 10 32
conv11 347 20 43
conv11 348 30 15
conv11 349 11 15
conv11 350 22 13
conv11 351 36 17
conv11 352 108 16
conv11 353 35 25
conv11 354 45 15
conv11 355 9 78
conv11 356 13 49
conv11 357 27 32
conv11 358 14 32
conv11 359 8 57
conv11 360 5 35
conv11 361 25 34
conv11 362 9 31
conv11 363 47 11
conv11 364 7 46
conv11 365 33 17
conv11 366 20 20
conv11 367 14 21
conv11 368 11 22
conv11 369 11 74
conv11 370 29 21
conv11 371 41 19
conv11 372 15 28
conv11 373 17 26
conv11 374 6 71
conv11 375 3 21
conv11 376 5 38
conv11 377 14 46
conv11 378 5 22
conv11 379 41 13
conv11 380 11 13
conv11 381 11 41
conv11 382 6 78
conv11 383 13 42
conv11 384 50 15
conv11 385 4 43
conv11 386 61 46
conv11 387 43 9
conv11 388 10 21
conv11 389 33 14
conv11 390 9 17
conv11 391 7 34
conv11 392 14 53
conv11 393 4 40
conv11 394 17 22
conv11 395 2 52
conv11 396 18 11
conv11 397 5 53
conv11 398 7 40
conv11 399 17 33
conv11 400 15 39
conv11 401 1 53
conv11 402 21 24
conv11 403 12 27
conv11 404 36 25
conv11 405 7 45
conv11 406 29 12
conv11 407 3 37
conv11 408 8 60
conv11 409 5 23
conv11 410 4 70
conv11 411 9 37
conv11 412 27 26
conv11 413 26 29
conv11 414 2 42
conv11 415 7 37
conv11 416 5 15
conv11 417 10 33
conv11 418 21 15
conv11 419 4 54
conv11 420 177 19
conv11 421 16 26
conv11 422 8 33
conv11 423 3 57
conv11 424 10 29
conv11 425 31 36
conv11 426 5 57
conv11 427 29 33
conv11 428 33 35
conv11 429 11 62
conv11 430 20 37
conv11 431 56 29
conv11 432 7 37
conv11 433 8 50
conv11 434 38 21
conv11 435 18 29
conv11 436 1 71
conv11 437 17 28
conv11 438 12 13
conv11 439 7 57
conv11 440 17 33
conv11 441 15 42
conv11 442 14 33
conv11 443 10 22
conv11 444 39 11
conv11 445 15 15
conv11 446 4 34
conv11 447 14 28
conv11 448 22 31
conv11 449 34 10
conv11 450 12 29
conv11 451 38 20
conv11 452 6 30
conv11 453 10 21
conv11 454 109 23
conv11 455 6 34
conv11 456 37 29
conv11 457 0 18
conv11 458 170 35
conv11 459 3 40
conv11 460 20 24
conv11 461 24 20
conv11 462 14 18
conv11 463 55 28
conv11 464 19 26
conv11 465 33 15
conv11 466 13 38
conv11 467 13 17
conv11 468 2 34
conv11 469 10 38
conv11 470 13 17
conv11 471 4 28
conv11 472 22 32
conv11 473 7 21
conv11 474 27 15
conv11 475 31 15
conv11 476 5 27
conv11 477 14 16
conv11 478 16 26
conv11 479 6 37
conv11 480 23 14
conv11 481 24 34
conv11 482 65 24
conv11 483 7 40
conv11 484 27 30
conv11 485 4 27
conv11 486 52 13
conv11 487 11 14
conv11 488 13 21
conv11 489 10 34
conv11 490 28 52
conv11 491 41 41
conv11 492 21 33
conv11 493 25 21
conv11 494 6 61
conv11 495 8 62
conv11 496 9 19
conv11 497 2 69
conv11 498 2 53
conv11 499 13 39
conv11 500 11 38
conv11 501 2 45
conv11 502 21 21
conv11 503 24 25
conv11 504 20 23
conv11 505 31 40
conv11 506 124 18
conv11 507 23 27
conv11 508 9 31
conv11 509 44 6
conv11 510 16 21
conv11 511 4 147
conv12 0 4 189
conv12 1 3 95
conv12 2 29 33
conv12 3 0 49
conv12 4 4 60
conv12 5 17 31
conv12 6 6 176
conv12 7 18 23
conv12 8 1 103
conv12 9 20 55
conv12 10 16 41
conv12 11 31 47
conv12 12 16 24
conv12 13 6 28
conv12 14 34 93
conv12 15 24 50
conv12 16 153 19
conv12 17 13 51
conv12 18 9 52
conv12 19 0 92
conv12 20 10 82
conv12 21 13 173
conv12 22 26 25
conv12 23 3 28
conv12 24 12 23
conv12 25 14 48
conv12 26 1 59
conv12 27 2 33
conv12 28 41 28
conv12 29 18 144
conv12 30 5 44
conv12 31 76 5
conv12 32 23 38
conv12 33 8 119
conv12 34 16 39
conv12 35 25 11
conv12 36 21 11
conv12 37 21 26
conv12 38 13 57
conv12 39 21 201
conv12 40 25 11
conv12 41 9 54
conv12 42 10 42
conv12 43 16 23
conv12 44 3 45
conv12 45 26 149
conv12 46 22 14
conv12 47 36 39
conv12 48 6 48
conv12 49 17 34
conv12 50 13 231
conv12 51 56 23
conv12 52 15 42
conv12 53 48 40
conv12 54 26 43
conv12 55 10 77
conv12 56 5 86
conv12 57 9 203
conv12 58 2 64
conv12 59 20 40
conv12 60 2 58
conv12 61 21 47
conv12 62 31 32
conv12 63 29 77
conv12 64 27 35
conv12 65 14 54
conv12 66 40 16
conv12 67 47 17
conv12 68 73 18
conv12 69 2 50
conv12 70 9 41
conv12 71 6 38
conv12 72 42 19
conv12 73 10 61
conv12 74 162 33
conv12 75 3 169
conv12 76 48 15
conv12 77 33 37
conv12 78 16 39
conv12 79 27 38
conv12 80 10 60
conv12 81 11 53
conv12 82 10 46
conv12 83 7 204
conv12 84 6 79
conv12 85 6 63
conv12 86 20 37
conv12 87 15 24
conv12 88 5 137
conv12 89 58 25
conv12 90 147 28
conv12 91 2 62
conv12 92 57 8
conv12 93 6 50
conv12 94 3 53
conv12 95 11 157
conv12 96 4 28
conv12 97 52 18
conv12 98 33 36
conv12 99 10 43
conv12 100 7 38
conv12 101 47 56
conv12 102 2 111
conv12 103 18 70
conv12 104 25 30
conv12 105 44 24
conv12 106 3 83
conv12 107 18 34
conv12 108 2 74
conv12 109 1 85
conv12 110 65 7
conv12 111 2 35
conv12 112 18 18
conv12 113 54 24
conv12 114 26 149
conv12 115 10 50
conv12 116 16 40
conv12 117 52 15
conv12 118 1 91
conv12 119 15 35
conv12 120 16 28
conv12 121 7 85
conv12 122 26 27
conv12 123 61 18
conv12 124 6 79
conv12 125 8 57
conv12 126 1 88
conv12 127 13 24
conv12 128 3 63
conv12 129 7 46
conv12 130 3 192
conv12 131 15 95
conv12 132 9 59
conv12 133 9 47
conv12 134 33 30
conv12 135 4 176
conv12 136 12 71
conv12 137 19 49
conv12 138 3 119
conv12 139 7 29
conv12 140 7 69
conv12 141 18 36
conv12 142 6 65
conv12 143 59 16
conv12 144 24 84
conv12 145 12 58
conv12 146 4 61
conv12 147 20 45
conv12 148 29 149
conv12 149 18 60
conv12 150 2 75
conv12 151 22 40
conv12 152 6 62
conv12 153 7 45
conv12 154 7 93
conv12 155 6 67
conv12 156 21 17
conv12 157 15 54
conv12 158 21 49
conv12 159 4 65
conv12 160 9 62
conv12 161 22 39
conv12 162 31 39
conv12 163 24 41
conv12 164 3 167
conv12 165 7 22
conv12 166 20 41
conv12 167 18 64
conv12 168 12 38
conv12 169 7 59
conv12 170 3 76
conv12 171 18 64
conv12 172 2 61
conv12 173 35 40
conv12 174 39 27
conv12 175 9 185
conv12 176 19 24
conv12 177 19 24
conv12 178 15 179
conv12 179 2 25
conv12 180 40 28
conv12 181 1 59
conv12 182 17 40
conv12 183 21 30
conv12 184 21 58
conv12 185 3 89
conv12 186 13 17
conv12 187 3 75
conv12 188 31 26
conv12 189 10 32
conv12 190 1 114
conv12 191 22 25
conv12 192 25 35
conv12 193 2 82
conv12 194 14 48
conv12 195 4 98
conv12 196 33 58
conv12 197 10 47
conv12 198 20 39
conv12 199 29 53
conv12 200 13 32
conv12 201 23 22
conv12 202 1 67
conv12 203 41 27
conv12 204 8 53
conv12 205 3 63
conv12 206 11 35
conv12 207 28 30
conv12 208 25 23
conv12 209 31 41
conv12 210 23 33
conv12 211 20 35
conv12 212 18 31
conv12 213 18 59
conv12 214 7 49
conv12 215 70 12
conv12 216 3 57
conv12 217 14 24
conv12 218 14 49
conv12 219 18 51
conv12 220 9 111
conv12 221 17 44
conv12 222 12 26
conv12 223 17 51
conv12 224 2 218
conv12 225 2 51
conv12 226 23 78
conv12 227 39 13
conv12 228 9 29
conv12 229 31 43
conv12 230 9 42
conv12 231 5 56
conv12 232 3 39
conv12 233 39 25
conv12 234 76 18
conv12 235 11 32
conv12 236 7 25
conv12 237 12 35
conv12 238 3 78
conv12 239 2 73
conv12 240 2 48
conv12 241 2 64
conv12 242 9 68
conv12 243 7 100
conv12 244 4 60
conv12 245 8 81
conv12 246 21 48
conv12 247 5 69
conv12 248 16 31
conv12 249 1 108
conv12 250 2 55
conv12 251 16 29
conv12 252 11 38
conv12 253 5 60
conv12 254 1 116
conv12 255 3 162
conv12 256 11 47
conv12 257 18 35
conv12 258 59 7
conv12 259 3 62
conv12 260 14 88
conv12 261 5 101
conv12 262 1 66
conv12 263 5 196
conv12 264 1 142
conv12 265 10 55
conv12 266 11 35
conv12 267 26 29
conv12 268 45 24
conv12 269 14 63
conv12 270 19 27
conv12 271 11 34
conv12 272 8 39
conv12 273 5 215
conv12 274 44 21
conv12 275 31 20
conv12 276 1 167
conv12 277 12 21
conv12 278 7 195
conv12 279 19 27
conv12 280 22 89
conv12 281 10 19
conv12 282 4 49
conv12 283 2 85
conv12 284 30 23
conv12 285 29 25
conv12 286 8 38
conv12 287 31 24
conv12 288 8 34
conv12 289 3 37
conv12 290 23 147
conv12 291 3 56
conv12 292 39 22
conv12 293 5 76
conv12 294 9 250
conv12 295 6 64
conv12 296 1 203
conv12 297 5 68
conv12 298 0 88
conv12 299 7 35
conv12 300 6 27
conv12 301 20 65
conv12 302 12 47
conv12 303 19 33
conv12 304 2 198
conv12 305 18 43
conv12 306 17 85
conv12 307 19 37
conv12 308 23 78
conv12 309 6 47
conv12 310 66 15
conv12 311 3 44
conv12 312 5 49
conv12 313 15 19
conv12 314 37 30
conv12 315 5 49
conv12 316 11 35
conv12 317 48 8
conv12 318 3 62
conv12 319 5 233
conv12 320 6 196
conv12 321 35 27
conv12 322 13 66
conv12 323 41 49
conv12 324 12 44
conv12 325 35 12
conv12 326 18 44
conv12 327 10 26
conv12 328 32 50
conv12 329 26 27
conv12 330 9 54
conv12 331 3 59
conv12 332 17 31
conv12 333 11 20
conv12 334 4 66
conv12 335 50 26
conv12 336 60 13
conv12 337 20 95
conv12 338 10 79
conv12 339 12 33
conv12 340 25 37
conv12 341 17 37
conv12 342 13 47
conv12 343 20 16
conv12 344 22 23
conv12 345 8 68
conv12 346 24 24
conv12 347 5 9
conv12 348 5 47
conv12 349 9 73
conv12 350 1 61
conv12 351 1 42
conv12 352 2 88
conv12 353 35 33
conv12 354 46 38
conv12 355 7 68
conv12 356 20 27
conv12 357 11 39
conv12 358 19 154
conv12 359 59 10
conv12 360 6 17
conv12 361 3 59
conv12 362 16 38
conv12 363 1 137
conv12 364 174 30
conv12 365 2 53
conv12 366 5 69
conv12 367 5 38
conv12 368 3 34
conv12 369 4 64
conv12 370 2 56
conv12 371 7 35
conv12 372 1 109
conv12 373 2 53
conv12 374 12 70
conv12 375 6 92
conv12 376 2 253
conv12 377 13 42
conv12 378 29 16
conv12 379 1 57
conv12 380 13 85
conv12 381 16 124
conv12 382 19 23
conv12 383 52 22
conv12 384 140 71
conv12 385 4 112
conv12 386 10 23
conv12 387 32 41
conv12 388 3 54
conv12 389 1 92
conv12 390 3 41
conv12 391 9 43
conv12 392 3 45
conv12 393 13 49
conv12 394 1 91
conv12 395 1 76
conv12 396 16 24
conv12 397 190 27
conv12 398 1 56
conv12 399 20 53
conv12 400 5 48
conv12 401 5 66
conv12 402 11 69
conv12 403 3 32
conv12 404 23 37
conv12 405 38 23
conv12 406 17 27
conv12 407 3 29
conv12 408 167 14
conv12 409 19 58
conv12 410 4 60
conv12 411 52 158
conv12 412 5 59
conv12 413 3 192
conv12 414 18 51
conv12 415 13 25
conv12 416 4 201
conv12 417 30 33
conv12 418 2 59
conv12 419 42 24
conv12 420 4 24
conv12 421 16 58
conv12 422 30 32
conv12 423 9 125
conv12 424 4 180
conv12 425 15 45
conv12 426 48 20
conv12 427 8 65
conv12 428 10 83
conv12 429 5 67
conv12 430 27 21
conv12 431 4 72
conv12 432 9 25
conv12 433 2 66
conv12 434 2 64
conv12 435 15 161
conv12 436 12 47
conv12 437 7 36
conv12 438 25 62
conv12 439 0 76
conv12 440 0 40
conv12 441 49 18
conv12 442 23 31
conv12 443 2 89
conv12 444 19 46
conv12 445 42 7
conv12 446 51 4
conv12 447 7 52
conv12 448 192 24
conv12 449 42 42
conv12 450 19 26
conv12 451 19 68
conv12 452 8 29
conv12 453 38 13
conv12 454 7 55
conv12 455 31 22
conv12 456 192 10
conv12 457 7 60
conv12 458 71 10
conv12 459 3 72
conv12 460 60 28
conv12 461 20 31
conv12 462 14 55
conv12 463 43 43
conv12 464 31 29
conv12 465 15 41
conv12 466 30 42
conv12 467 32 32
conv12 468 5 49
conv12 469 32 48
conv12 470 6 178
conv12 471 2 54
conv12 472 27 16
conv12 473 1 54
conv12 474 36 14
conv12 475 8 55
conv12 476 18 31
conv12 477 21 52
conv12 478 23 65
conv12 479 11 56
conv12 480 1 83
conv12 481 24 41
conv12 482 3 59
conv12 483 15 49
conv12 484 8 157
conv12 485 4 198
conv12 486 5 40
conv12 487 3 110
conv12 488 30 16
conv12 489 3 130
conv12 490 8 35
conv12 491 28 132
conv12 492 11 39
conv12 493 10 54
conv12 494 3 66
conv12 495 5 52
conv12 496 7 51
conv12 497 8 54
conv12 498 13 56
conv12 499 22 38
conv12 500 7 73
conv12 501 1 202
conv12 502 25 49
conv12 503 5 46
conv12 504 4 86
conv12 505 27 34
conv12 506 24 15
conv12 507 2 106
conv12 508 1 47
conv12 509 15 22
conv12 510 4 91
conv12 511 15 200
