conv1 0 39 39
conv1 1 134 134
conv1 2 894 890
conv1 3 873 879
conv1 4 892 892
conv1 5 115 115
conv1 6 884 884
conv1 7 898 899
conv1 8 28 28
conv1 9 892 889
conv1 10 802 805
conv1 11 40 40
conv1 12 872 872
conv1 13 908 911
conv1 14 2 2
conv1 15 883 882
conv1 16 890 891
conv1 17 886 887
conv1 18 854 854
conv1 19 858 859
conv1 20 36 36
conv1 21 884 884
conv1 22 869 869
conv1 23 899 900
conv1 24 17 17
conv1 25 41 41
conv1 26 2 2
conv1 27 854 853
conv1 28 867 867
conv1 29 859 859
conv1 30 11 11
conv1 31 886 888
conv1 32 882 883
conv1 33 892 892
conv1 34 873 873
conv1 35 871 871
conv1 36 888 888
conv1 37 869 870
conv1 38 895 893
conv1 39 19 19
conv1 40 27 27
conv1 41 30 30
conv1 42 62 62
conv1 43 99 99
conv1 44 39 39
conv1 45 875 875
conv1 46 872 874
conv1 47 75 75
conv1 48 893 893
conv1 49 6 6
conv1 50 21 21
conv1 51 847 848
conv1 52 774 775
conv1 53 64 64
conv1 54 878 878
conv1 55 59 59
conv1 56 35 35
conv1 57 825 826
conv1 58 873 873
conv1 59 19 19
conv1 60 823 824
conv1 61 882 881
conv1 62 878 880
conv1 63 10 10
conv2 0 15 16
conv2 1 17 20
conv2 2 91 14
conv2 3 6 17
conv2 4 0 117
conv2 5 8 118
conv2 6 25 35
conv2 7 8 8
conv2 8 2 141
conv2 9 2 74
conv2 10 119 18
conv2 11 0 100
conv2 12 50 12
conv2 13 2 96
conv2 14 3 103
conv2 15 2 129
conv2 16 0 101
conv2 17 39 95
conv2 18 0 84
conv2 19 20 14
conv2 20 1 52
conv2 21 0 95
conv2 22 0 86
conv2 23 1 129
conv2 24 1 49
conv2 25 3 92
conv2 26 138 7
conv2 27 0 119
conv2 28 98 2
conv2 29 93 16
conv2 30 0 75
conv2 31 0 92
conv2 32 0 68
conv2 33 0 90
conv2 34 0 101
conv2 35 0 97
conv2 36 3 106
conv2 37 13 83
conv2 38 0 100
conv2 39 0 90
conv2 40 5 107
conv2 41 1 82
conv2 42 100 4
conv2 43 114 0
conv2 44 1 85
conv2 45 10 100
conv2 46 0 70
conv2 47 0 37
conv2 48 0 90
conv2 49 0 77
conv2 50 0 73
conv2 51 0 75
conv2 52 1 66
conv2 53 0 82
conv2 54 0 104
conv2 55 16 133
conv2 56 0 111
conv2 57 3 75
conv2 58 6 100
conv2 59 0 55
conv2 60 13 111
conv2 61 0 97
conv2 62 148 0
conv2 63 1 113
conv3 0 165 95
conv3 1 138 10
conv3 2 144 0
conv3 3 98 2
conv3 4 159 6
conv3 5 76 14
conv3 6 3 164
conv3 7 33 15
conv3 8 5 104
conv3 9 94 25
conv3 10 96 98
conv3 11 30 86
conv3 12 21 11
conv3 13 52 99
conv3 14 131 8
conv3 15 0 102
conv3 16 141 144
conv3 17 103 9
conv3 18 1 138
conv3 19 110 114
conv3 20 128 7
conv3 21 95 130
conv3 22 173 7
conv3 23 3 70
conv3 24 102 6
conv3 25 1 123
conv3 26 109 10
conv3 27 83 21
conv3 28 0 75
conv3 29 8 97
conv3 30 18 18
conv3 31 1 101
conv3 32 1 147
conv3 33 0 134
conv3 34 139 5
conv3 35 124 32
conv3 36 151 4
conv3 37 0 131
conv3 38 18 28
conv3 39 22 68
conv3 40 20 67
conv3 41 106 61
conv3 42 115 58
conv3 43 100 43
conv3 44 97 15
conv3 45 1 123
conv3 46 0 154
conv3 47 112 49
conv3 48 89 6
conv3 49 97 22
conv3 50 19 80
conv3 51 91 139
conv3 52 9 176
conv3 53 138 93
conv3 54 108 4
conv3 55 149 99
conv3 56 10 18
conv3 57 132 15
conv3 58 34 62
conv3 59 115 2
conv3 60 85 129
conv3 61 101 4
conv3 62 26 14
conv3 63 127 17
conv4 0 7 18
conv4 1 128 4
conv4 2 1 121
conv4 3 123 10
conv4 4 8 21
conv4 5 1 136
conv4 6 7 16
conv4 7 132 2
conv4 8 5 126
conv4 9 1 106
conv4 10 16 119
conv4 11 11 24
conv4 12 3 93
conv4 13 13 34
conv4 14 143 2
conv4 15 13 17
conv4 16 17 18
conv4 17 3 134
conv4 18 0 189
conv4 19 20 10
conv4 20 12 128
conv4 21 1 120
conv4 22 0 124
conv4 23 45 16
conv4 24 51 8
conv4 25 7 171
conv4 26 0 148
conv4 27 4 130
conv4 28 174 5
conv4 29 108 9
conv4 30 143 1
conv4 31 0 157
conv4 32 3 134
conv4 33 35 8
conv4 34 0 128
conv4 35 1 150
conv4 36 100 5
conv4 37 141 20
conv4 38 11 34
conv4 39 2 124
conv4 40 163 3
conv4 41 9 18
conv4 42 125 7
conv4 43 2 137
conv4 44 3 128
conv4 45 11 19
conv4 46 3 119
conv4 47 151 2
conv4 48 160 2
conv4 49 2 157
conv4 50 139 7
conv4 51 2 151
conv4 52 10 29
conv4 53 6 22
conv4 54 2 103
conv4 55 100 3
conv4 56 10 122
conv4 57 8 153
conv4 58 40 5
conv4 59 2 159
conv4 60 3 90
conv4 61 150 10
conv4 62 122 7
conv4 63 4 142
conv5 0 169 139
conv5 1 6 174
conv5 2 201 0
conv5 3 41 31
conv5 4 140 2
conv5 5 34 59
conv5 6 13 128
conv5 7 16 23
conv5 8 11 190
conv5 9 3 150
conv5 10 191 3
conv5 11 45 15
conv5 12 53 16
conv5 13 1 209
conv5 14 148 15
conv5 15 20 174
conv5 16 101 20
conv5 17 16 35
conv5 18 132 7
conv5 19 24 158
conv5 20 21 34
conv5 21 169 19
conv5 22 14 20
conv5 23 35 152
conv5 24 21 181
conv5 25 189 10
conv5 26 24 17
conv5 27 162 114
conv5 28 1 156
conv5 29 22 26
conv5 30 22 43
conv5 31 18 186
conv5 32 2 160
conv5 33 9 124
conv5 34 0 187
conv5 35 149 25
conv5 36 2 183
conv5 37 4 140
conv5 38 22 26
conv5 39 22 45
conv5 40 21 29
conv5 41 172 3
conv5 42 147 13
conv5 43 24 122
conv5 44 2 175
conv5 45 8 180
conv5 46 7 154
conv5 47 164 6
conv5 48 22 43
conv5 49 3 147
conv5 50 155 8
conv5 51 148 18
conv5 52 10 162
conv5 53 35 143
conv5 54 7 35
conv5 55 132 5
conv5 56 23 138
conv5 57 11 194
conv5 58 147 15
conv5 59 157 6
conv5 60 155 57
conv5 61 167 11
conv5 62 14 182
conv5 63 183 14
conv6 0 178 6
conv6 1 20 19
conv6 2 10 128
conv6 3 7 139
conv6 4 4 151
conv6 5 1 153
conv6 6 56 9
conv6 7 26 24
conv6 8 12 211
conv6 9 136 9
conv6 10 33 19
conv6 11 1 150
conv6 12 13 21
conv6 13 79 13
conv6 14 1 146
conv6 15 39 16
conv6 16 187 12
conv6 17 0 204
conv6 18 111 6
conv6 19 163 9
conv6 20 16 56
conv6 21 12 14
conv6 22 168 6
conv6 23 12 31
conv6 24 66 10
conv6 25 10 55
conv6 26 7 64
conv6 27 179 7
conv6 28 17 21
conv6 29 154 3
conv6 30 6 173
conv6 31 16 10
conv6 32 2 181
conv6 33 150 14
conv6 34 12 22
conv6 35 12 44
conv6 36 171 7
conv6 37 30 11
conv6 38 6 162
conv6 39 15 44
conv6 40 9 118
conv6 41 155 7
conv6 42 3 135
conv6 43 4 151
conv6 44 5 163
conv6 45 16 83
conv6 46 17 139
conv6 47 12 152
conv6 48 12 48
conv6 49 11 22
conv6 50 8 156
conv6 51 14 54
conv6 52 6 19
conv6 53 4 142
conv6 54 10 143
conv6 55 19 35
conv6 56 7 21
conv6 57 4 130
conv6 58 166 12
conv6 59 6 140
conv6 60 154 9
conv6 61 8 23
conv6 62 50 12
conv6 63 6 112
conv6 64 2 131
conv6 65 153 4
conv6 66 37 10
conv6 67 160 19
conv6 68 31 19
conv6 69 7 150
conv6 70 9 155
conv6 71 169 7
conv6 72 4 120
conv6 73 36 16
conv6 74 9 34
conv6 75 30 26
conv6 76 10 172
conv6 77 10 166
conv6 78 43 10
conv6 79 13 30
conv6 80 10 149
conv6 81 30 11
conv6 82 26 10
conv6 83 34 20
conv6 84 0 186
conv6 85 150 15
conv6 86 4 121
conv6 87 13 31
conv6 88 166 7
conv6 89 10 144
conv6 90 20 42
conv6 91 165 4
conv6 92 21 44
conv6 93 12 163
conv6 94 6 21
conv6 95 9 38
conv6 96 8 35
conv6 97 2 143
conv6 98 35 18
conv6 99 11 28
conv6 100 51 12
conv6 101 32 20
conv6 102 26 35
conv6 103 4 173
conv6 104 138 3
conv6 105 27 6
conv6 106 31 29
conv6 107 154 10
conv6 108 7 136
conv6 109 10 32
conv6 110 10 159
conv6 111 13 66
conv6 112 7 43
conv6 113 10 16
conv6 114 9 90
conv6 115 14 18
conv6 116 25 30
conv6 117 12 28
conv6 118 7 135
conv6 119 7 137
conv6 120 178 10
conv6 121 24 17
conv6 122 25 10
conv6 123 28 45
conv6 124 11 18
conv6 125 3 195
conv6 126 27 14
conv6 127 12 18
conv7 0 0 185
conv7 1 17 44
conv7 2 3 148
conv7 3 171 14
conv7 4 8 61
conv7 5 9 161
conv7 6 2 202
conv7 7 7 151
conv7 8 2 175
conv7 9 167 4
conv7 10 34 24
conv7 11 13 144
conv7 12 8 190
conv7 13 8 139
conv7 14 11 157
conv7 15 3 98
conv7 16 2 113
conv7 17 12 161
conv7 18 17 166
conv7 19 146 9
conv7 20 5 175
conv7 21 9 31
conv7 22 2 156
conv7 23 8 26
conv7 24 3 201
conv7 25 12 24
conv7 26 21 24
conv7 27 10 193
conv7 28 19 176
conv7 29 1 180
conv7 30 7 18
conv7 31 8 14
conv7 32 2 203
conv7 33 11 206
conv7 34 17 26
conv7 35 5 190
conv7 36 28 14
conv7 37 3 221
conv7 38 8 191
conv7 39 16 6
conv7 40 0 178
conv7 41 0 168
conv7 42 176 5
conv7 43 4 183
conv7 44 174 5
conv7 45 5 172
conv7 46 14 150
conv7 47 3 150
conv7 48 5 172
conv7 49 3 44
conv7 50 1 161
conv7 51 27 22
conv7 52 16 170
conv7 53 3 185
conv7 54 4 167
conv7 55 7 150
conv7 56 9 29
conv7 57 2 181
conv7 58 5 16
conv7 59 8 162
conv7 60 2 190
conv7 61 2 193
conv7 62 13 27
conv7 63 15 165
conv7 64 5 183
conv7 65 22 24
conv7 66 4 8
conv7 67 13 142
conv7 68 3 165
conv7 69 13 13
conv7 70 5 142
conv7 71 23 18
conv7 72 6 167
conv7 73 10 152
conv7 74 5 40
conv7 75 31 26
conv7 76 10 188
conv7 77 5 11
conv7 78 3 180
conv7 79 10 42
conv7 80 1 156
conv7 81 5 152
conv7 82 133 28
conv7 83 3 168
conv7 84 12 12
conv7 85 9 158
conv7 86 30 6
conv7 87 10 10
conv7 88 4 48
conv7 89 5 180
conv7 90 1 182
conv7 91 40 15
conv7 92 22 45
conv7 93 3 167
conv7 94 1 183
conv7 95 2 176
conv7 96 10 101
conv7 97 2 159
conv7 98 9 139
conv7 99 1 166
conv7 100 12 146
conv7 101 13 175
conv7 102 3 120
conv7 103 5 171
conv7 104 9 169
conv7 105 1 189
conv7 106 20 168
conv7 107 16 186
conv7 108 6 81
conv7 109 166 21
conv7 110 8 21
conv7 111 0 183
conv7 112 5 133
conv7 113 9 90
conv7 114 1 180
conv7 115 0 165
conv7 116 7 34
conv7 117 168 14
conv7 118 29 161
conv7 119 4 172
conv7 120 8 35
conv7 121 13 96
conv7 122 9 189
conv7 123 3 162
conv7 124 8 169
conv7 125 19 159
conv7 126 17 126
conv7 127 13 153
conv8 0 6 138
conv8 1 125 10
conv8 2 46 17
conv8 3 54 12
conv8 4 17 51
conv8 5 7 124
conv8 6 158 8
conv8 7 36 11
conv8 8 29 44
conv8 9 25 157
conv8 10 4 146
conv8 11 3 174
conv8 12 1 158
conv8 13 2 161
conv8 14 189 8
conv8 15 5 170
conv8 16 9 127
conv8 17 151 14
conv8 18 171 8
conv8 19 13 123
conv8 20 12 137
conv8 21 15 147
conv8 22 1 201
conv8 23 7 154
conv8 24 161 26
conv8 25 170 4
conv8 26 4 143
conv8 27 8 102
conv8 28 216 4
conv8 29 0 184
conv8 30 4 31
conv8 31 2 167
conv8 32 0 164
conv8 33 9 36
conv8 34 5 154
conv8 35 1 180
conv8 36 93 13
conv8 37 206 2
conv8 38 12 109
conv8 39 111 9
conv8 40 8 182
conv8 41 6 183
conv8 42 16 146
conv8 43 7 185
conv8 44 17 150
conv8 45 13 11
conv8 46 4 131
conv8 47 2 164
conv8 48 110 19
conv8 49 5 133
conv8 50 78 9
conv8 51 2 149
conv8 52 157 13
conv8 53 124 3
conv8 54 166 13
conv8 55 5 156
conv8 56 12 160
conv8 57 140 6
conv8 58 168 2
conv8 59 173 22
conv8 60 160 11
conv8 61 5 185
conv8 62 6 139
conv8 63 35 23
conv8 64 14 34
conv8 65 184 5
conv8 66 2 181
conv8 67 20 20
conv8 68 7 152
conv8 69 151 8
conv8 70 2 145
conv8 71 182 6
conv8 72 169 18
conv8 73 3 154
conv8 74 1 156
conv8 75 8 159
conv8 76 3 132
conv8 77 174 4
conv8 78 134 1
conv8 79 8 59
conv8 80 209 26
conv8 81 2 164
conv8 82 5 169
conv8 83 4 174
conv8 84 145 24
conv8 85 13 198
conv8 86 174 13
conv8 87 39 20
conv8 88 148 6
conv8 89 166 42
conv8 90 5 216
conv8 91 161 8
conv8 92 177 8
conv8 93 20 16
conv8 94 0 157
conv8 95 2 51
conv8 96 3 164
conv8 97 0 140
conv8 98 6 135
conv8 99 112 3
conv8 100 45 23
conv8 101 6 191
conv8 102 18 158
conv8 103 2 124
conv8 104 3 148
conv8 105 0 189
conv8 106 148 12
conv8 107 160 6
conv8 108 6 187
conv8 109 162 7
conv8 110 14 26
conv8 111 2 157
conv8 112 8 149
conv8 113 13 121
conv8 114 9 143
conv8 115 155 0
conv8 116 3 165
conv8 117 11 60
conv8 118 18 46
conv8 119 138 8
conv8 120 165 11
conv8 121 155 2
conv8 122 5 188
conv8 123 183 3
conv8 124 3 117
conv8 125 14 101
conv8 126 128 0
conv8 127 5 154
conv9 0 4 188
conv9 1 8 166
conv9 2 182 5
conv9 3 2 169
conv9 4 6 170
conv9 5 6 22
conv9 6 6 14
conv9 7 11 143
conv9 8 16 43
conv9 9 8 23
conv9 10 5 223
conv9 11 16 15
conv9 12 8 37
conv9 13 5 188
conv9 14 8 36
conv9 15 1 153
conv9 16 5 7
conv9 17 5 32
conv9 18 166 11
conv9 19 3 121
conv9 20 27 21
conv9 21 4 154
conv9 22 7 11
conv9 23 8 34
conv9 24 0 129
conv9 25 12 18
conv9 26 6 186
conv9 27 11 160
conv9 28 4 173
conv9 29 7 115
conv9 30 2 163
conv9 31 6 178
conv9 32 134 25
conv9 33 17 124
conv9 34 207 5
conv9 35 4 143
conv9 36 10 160
conv9 37 3 133
conv9 38 21 60
conv9 39 198 0
conv9 40 11 16
conv9 41 1 140
conv9 42 23 37
conv9 43 6 15
conv9 44 161 11
conv9 45 14 13
conv9 46 9 172
conv9 47 6 185
conv9 48 4 41
conv9 49 11 171
conv9 50 8 82
conv9 51 4 11
conv9 52 17 10
conv9 53 13 19
conv9 54 6 147
conv9 55 4 169
conv9 56 0 133
conv9 57 168 4
conv9 58 187 12
conv9 59 4 187
conv9 60 4 191
conv9 61 10 25
conv9 62 198 16
conv9 63 25 15
conv9 64 7 26
conv9 65 212 1
conv9 66 3 142
conv9 67 10 143
conv9 68 12 10
conv9 69 13 18
conv9 70 10 165
conv9 71 11 183
conv9 72 4 164
conv9 73 12 17
conv9 74 164 15
conv9 75 4 20
conv9 76 15 9
conv9 77 11 44
conv9 78 143 11
conv9 79 10 29
conv9 80 4 155
conv9 81 37 10
conv9 82 10 21
conv9 83 6 146
conv9 84 14 150
conv9 85 8 208
conv9 86 120 8
conv9 87 2 185
conv9 88 10 58
conv9 89 169 1
conv9 90 20 46
conv9 91 186 6
conv9 92 19 30
conv9 93 10 15
conv9 94 135 5
conv9 95 10 192
conv9 96 31 14
conv9 97 180 13
conv9 98 6 201
conv9 99 11 35
conv9 100 1 145
conv9 101 8 18
conv9 102 6 16
conv9 103 14 163
conv9 104 7 190
conv9 105 180 25
conv9 106 144 9
conv9 107 153 12
conv9 108 2 151
conv9 109 10 215
conv9 110 7 28
conv9 111 3 157
conv9 112 6 179
conv9 113 160 3
conv9 114 188 10
conv9 115 5 151
conv9 116 4 116
conv9 117 3 159
conv9 118 25 33
conv9 119 11 13
conv9 120 7 36
conv9 121 1 160
conv9 122 3 173
conv9 123 15 38
conv9 124 168 9
conv9 125 4 176
conv9 126 2 223
conv9 127 11 32
conv10 0 6 30
conv10 1 5 71
conv10 2 16 17
conv10 3 19 184
conv10 4 2 176
conv10 5 11 13
conv10 6 4 191
conv10 7 4 169
conv10 8 3 152
conv10 9 25 198
conv10 10 15 33
conv10 11 11 25
conv10 12 59 21
conv10 13 3 169
conv10 14 30 18
conv10 15 203 13
conv10 16 6 179
conv10 17 27 30
conv10 18 13 200
conv10 19 14 25
conv10 20 12 25
conv10 21 9 15
conv10 22 17 222
conv10 23 12 21
conv10 24 45 16
conv10 25 12 26
conv10 26 11 168
conv10 27 10 21
conv10 28 178 13
conv10 29 21 192
conv10 30 6 167
conv10 31 20 15
conv10 32 4 202
conv10 33 9 192
conv10 34 16 10
conv10 35 6 198
conv10 36 18 21
conv10 37 6 36
conv10 38 15 194
conv10 39 19 18
conv10 40 78 16
conv10 41 1 225
conv10 42 187 37
conv10 43 177 16
conv10 44 20 164
conv10 45 8 27
conv10 46 7 75
conv10 47 21 79
conv10 48 2 207
conv10 49 15 19
conv10 50 7 20
conv10 51 10 13
conv10 52 8 33
conv10 53 16 14
conv10 54 8 137
conv10 55 8 24
conv10 56 6 170
conv10 57 19 20
conv10 58 22 13
conv10 59 19 14
conv10 60 1 215
conv10 61 16 164
conv10 62 9 23
conv10 63 61 11
conv10 64 12 6
conv10 65 2 31
conv10 66 3 154
conv10 67 7 37
conv10 68 6 132
conv10 69 14 24
conv10 70 16 11
conv10 71 8 229
conv10 72 14 16
conv10 73 6 42
conv10 74 18 30
conv10 75 18 17
conv10 76 19 12
conv10 77 7 177
conv10 78 35 13
conv10 79 12 20
conv10 80 175 7
conv10 81 3 56
conv10 82 24 18
conv10 83 9 225
conv10 84 9 202
conv10 85 32 21
conv10 86 24 21
conv10 87 12 178
conv10 88 1 209
conv10 89 17 43
conv10 90 17 80
conv10 91 8 141
conv10 92 6 154
conv10 93 5 187
conv10 94 162 26
conv10 95 11 13
conv10 96 129 12
conv10 97 18 34
conv10 98 1 178
conv10 99 148 10
conv10 100 106 7
conv10 101 25 25
conv10 102 39 25
conv10 103 6 210
conv10 104 158 14
conv10 105 10 221
conv10 106 11 34
conv10 107 26 227
conv10 108 14 12
conv10 109 234 0
conv10 110 23 13
conv10 111 17 197
conv10 112 17 186
conv10 113 7 31
conv10 114 24 21
conv10 115 243 9
conv10 116 4 10
conv10 117 11 143
conv10 118 17 18
conv10 119 81 9
conv10 120 177 2
conv10 121 22 40
conv10 122 9 160
conv10 123 12 164
conv10 124 21 30
conv10 125 13 41
conv10 126 22 15
conv10 127 14 27
conv11 0 8 25
conv11 1 3 185
conv11 2 13 183
conv11 3 16 37
conv11 4 3 100
conv11 5 99 17
conv11 6 9 221
conv11 7 24 43
conv11 8 8 154
conv11 9 10 203
conv11 10 4 146
conv11 11 6 212
conv11 12 0 205
conv11 13 4 214
conv11 14 2 139
conv11 15 4 211
conv11 16 7 185
conv11 17 2 191
conv11 18 191 13
conv11 19 6 173
conv11 20 16 181
conv11 21 2 160
conv11 22 3 215
conv11 23 10 181
conv11 24 2 227
conv11 25 1 204
conv11 26 11 205
conv11 27 148 10
conv11 28 19 244
conv11 29 56 20
conv11 30 4 163
conv11 31 4 199
conv11 32 175 5
conv11 33 22 12
conv11 34 14 136
conv11 35 2 159
conv11 36 2 189
conv11 37 24 26
conv11 38 3 166
conv11 39 5 223
conv11 40 9 169
conv11 41 7 197
conv11 42 6 176
conv11 43 5 163
conv11 44 16 200
conv11 45 3 180
conv11 46 9 211
conv11 47 3 201
conv11 48 3 152
conv11 49 3 38
conv11 50 10 34
conv11 51 2 222
conv11 52 16 25
conv11 53 8 13
conv11 54 5 218
conv11 55 12 152
conv11 56 26 227
conv11 57 4 196
conv11 58 21 167
conv11 59 27 246
conv11 60 1 197
conv11 61 2 155
conv11 62 7 213
conv11 63 4 194
conv11 64 2 149
conv11 65 177 11
conv11 66 19 196
conv11 67 3 173
conv11 68 160 5
conv11 69 12 201
conv11 70 3 192
conv11 71 7 201
conv11 72 6 194
conv11 73 2 155
conv11 74 13 232
conv11 75 19 214
conv11 76 2 192
conv11 77 185 15
conv11 78 9 190
conv11 79 3 173
conv11 80 152 3
conv11 81 16 196
conv11 82 3 196
conv11 83 3 194
conv11 84 2 208
conv11 85 2 110
conv11 86 3 171
conv11 87 146 2
conv11 88 6 148
conv11 89 6 178
conv11 90 4 194
conv11 91 3 203
conv11 92 31 7
conv11 93 6 157
conv11 94 3 219
conv11 95 2 171
conv11 96 18 171
conv11 97 14 185
conv11 98 1 160
conv11 99 8 187
conv11 100 16 193
conv11 101 7 217
conv11 102 6 126
conv11 103 35 20
conv11 104 21 158
conv11 105 7 173
conv11 106 21 180
conv11 107 0 93
conv11 108 1 175
conv11 109 4 231
conv11 110 5 180
conv11 111 9 170
conv11 112 161 20
conv11 113 3 183
conv11 114 2 232
conv11 115 14 241
conv11 116 210 3
conv11 117 3 221
conv11 118 29 16
conv11 119 16 37
conv11 120 6 149
conv11 121 10 226
conv11 122 5 199
conv11 123 1 202
conv11 124 2 218
conv11 125 1 220
conv11 126 21 219
conv11 127 206 0
conv11 128 11 168
conv11 129 7 210
conv11 130 4 185
conv11 131 5 197
conv11 132 163 15
conv11 133 7 175
conv11 134 2 151
conv11 135 4 207
conv11 136 3 204
conv11 137 4 175
conv11 138 82 5
conv11 139 3 13
conv11 140 4 261
conv11 141 8 14
conv11 142 32 6
conv11 143 3 212
conv11 144 1 37
conv11 145 9 213
conv11 146 14 21
conv11 147 8 175
conv11 148 10 25
conv11 149 6 224
conv11 150 12 235
conv11 151 194 9
conv11 152 6 85
conv11 153 10 173
conv11 154 246 11
conv11 155 5 152
conv11 156 13 169
conv11 157 10 185
conv11 158 48 7
conv11 159 7 170
conv11 160 12 189
conv11 161 5 205
conv11 162 7 230
conv11 163 1 151
conv11 164 0 194
conv11 165 5 192
conv11 166 6 243
conv11 167 3 211
conv11 168 38 207
conv11 169 3 184
conv11 170 197 3
conv11 171 0 204
conv11 172 4 164
conv11 173 17 212
conv11 174 5 206
conv11 175 12 208
conv11 176 8 226
conv11 177 18 210
conv11 178 20 187
conv11 179 2 198
conv11 180 5 191
conv11 181 6 202
conv11 182 6 171
conv11 183 7 145
conv11 184 6 170
conv11 185 3 186
conv11 186 20 34
conv11 187 16 19
conv11 188 1 176
conv11 189 8 173
conv11 190 3 177
conv11 191 1 200
conv11 192 23 186
conv11 193 9 176
conv11 194 5 168
conv11 195 5 171
conv11 196 2 209
conv11 197 9 140
conv11 198 7 182
conv11 199 15 229
conv11 200 6 173
conv11 201 12 11
conv11 202 14 153
conv11 203 5 169
conv11 204 2 181
conv11 205 5 159
conv11 206 6 152
conv11 207 4 194
conv11 208 2 139
conv11 209 35 5
conv11 210 13 17
conv11 211 11 235
conv11 212 4 147
conv11 213 5 156
conv11 214 2 132
conv11 215 4 178
conv11 216 6 152
conv11 217 6 159
conv11 218 8 29
conv11 219 5 251
conv11 220 4 133
conv11 221 2 163
conv11 222 3 219
conv11 223 10 151
conv11 224 6 211
conv11 225 6 141
conv11 226 6 195
conv11 227 4 202
conv11 228 19 31
conv11 229 2 182
conv11 230 2 135
conv11 231 32 17
conv11 232 15 16
conv11 233 7 208
conv11 234 15 236
conv11 235 209 4
conv11 236 3 179
conv11 237 5 188
conv11 238 0 201
conv11 239 12 169
conv11 240 1 149
conv11 241 18 157
conv11 242 3 159
conv11 243 6 173
conv11 244 40 6
conv11 245 5 218
conv11 246 3 141
conv11 247 12 232
conv11 248 10 165
conv11 249 7 184
conv11 250 5 179
conv11 251 7 202
conv11 252 2 143
conv11 253 7 180
conv11 254 4 199
conv11 255 4 30
conv12 0 8 28
conv12 1 2 171
conv12 2 3 240
conv12 3 7 267
conv12 4 11 207
conv12 5 28 247
conv12 6 19 9
conv12 7 8 213
conv12 8 165 8
conv12 9 21 23
conv12 10 54 225
conv12 11 216 29
conv12 12 20 9
conv12 13 18 6
conv12 14 13 12
conv12 15 30 22
conv12 16 1 138
conv12 17 8 252
conv12 18 166 23
conv12 19 35 23
conv12 20 5 214
conv12 21 11 169
conv12 22 24 32
conv12 23 11 65
conv12 24 24 219
conv12 25 15 8
conv12 26 31 17
conv12 27 10 162
conv12 28 5 15
conv12 29 51 11
conv12 30 7 7
conv12 31 3 261
conv12 32 27 19
conv12 33 4 228
conv12 34 5 138
conv12 35 220 3
conv12 36 14 151
conv12 37 15 212
conv12 38 16 224
conv12 39 3 237
conv12 40 11 241
conv12 41 6 218
conv12 42 12 65
conv12 43 1 237
conv12 44 34 209
conv12 45 7 263
conv12 46 10 206
conv12 47 5 203
conv12 48 15 33
conv12 49 8 42
conv12 50 5 223
conv12 51 10 14
conv12 52 222 17
conv12 53 141 30
conv12 54 4 223
conv12 55 0 213
conv12 56 10 44
conv12 57 43 12
conv12 58 232 22
conv12 59 17 5
conv12 60 236 7
conv12 61 2 183
conv12 62 4 232
conv12 63 4 64
conv12 64 7 19
conv12 65 44 27
conv12 66 3 183
conv12 67 17 44
conv12 68 37 203
conv12 69 12 237
conv12 70 68 6
conv12 71 16 146
conv12 72 25 25
conv12 73 173 13
conv12 74 9 225
conv12 75 159 20
conv12 76 14 43
conv12 77 11 216
conv12 78 5 185
conv12 79 173 22
conv12 80 15 15
conv12 81 193 6
conv12 82 11 46
conv12 83 5 209
conv12 84 6 221
conv12 85 13 153
conv12 86 14 224
conv12 87 7 187
conv12 88 13 26
conv12 89 167 0
conv12 90 213 25
conv12 91 7 129
conv12 92 19 49
conv12 93 7 254
conv12 94 7 197
conv12 95 3 48
conv12 96 2 178
conv12 97 110 25
conv12 98 26 5
conv12 99 16 220
conv12 100 16 30
conv12 101 37 19
conv12 102 16 164
conv12 103 3 267
conv12 104 4 217
conv12 105 26 42
conv12 106 28 167
conv12 107 12 224
conv12 108 3 199
conv12 109 2 244
conv12 110 18 254
conv12 111 13 279
conv12 112 1 132
conv12 113 3 184
conv12 114 10 166
conv12 115 5 255
conv12 116 220 8
conv12 117 187 12
conv12 118 26 50
conv12 119 9 213
conv12 120 12 245
conv12 121 10 204
conv12 122 2 145
conv12 123 1 227
conv12 124 19 7
conv12 125 30 14
conv12 126 2 205
conv12 127 4 235
conv12 128 181 20
conv12 129 18 201
conv12 130 23 199
conv12 131 141 1
conv12 132 210 4
conv12 133 6 241
conv12 134 33 4
conv12 135 9 117
conv12 136 156 31
conv12 137 218 10
conv12 138 6 247
conv12 139 178 16
conv12 140 2 57
conv12 141 8 239
conv12 142 12 235
conv12 143 28 53
conv12 144 1 149
conv12 145 15 32
conv12 146 18 151
conv12 147 12 207
conv12 148 22 31
conv12 149 18 177
conv12 150 10 191
conv12 151 36 38
conv12 152 8 241
conv12 153 25 48
conv12 154 12 141
conv12 155 2 229
conv12 156 31 42
conv12 157 10 279
conv12 158 8 41
conv12 159 181 23
conv12 160 241 4
conv12 161 7 171
conv12 162 10 222
conv12 163 40 17
conv12 164 12 195
conv12 165 5 217
conv12 166 11 183
conv12 167 9 38
conv12 168 4 204
conv12 169 178 19
conv12 170 10 239
conv12 171 3 71
conv12 172 13 194
conv12 173 8 201
conv12 174 19 201
conv12 175 17 11
conv12 176 3 182
conv12 177 8 184
conv12 178 4 150
conv12 179 13 19
conv12 180 8 29
conv12 181 18 14
conv12 182 16 45
conv12 183 24 144
conv12 184 7 214
conv12 185 220 4
conv12 186 28 35
conv12 187 138 5
conv12 188 26 195
conv12 189 4 147
conv12 190 6 182
conv12 191 178 22
conv12 192 14 27
conv12 193 54 3
conv12 194 214 24
conv12 195 14 243
conv12 196 179 34
conv12 197 176 13
conv12 198 9 219
conv12 199 9 197
conv12 200 15 25
conv12 201 11 217
conv12 202 174 0
conv12 203 17 211
conv12 204 9 172
conv12 205 19 14
conv12 206 27 205
conv12 207 15 19
conv12 208 11 215
conv12 209 14 148
conv12 210 12 229
conv12 211 6 230
conv12 212 177 0
conv12 213 132 8
conv12 214 8 181
conv12 215 4 217
conv12 216 15 237
conv12 217 5 245
conv12 218 8 50
conv12 219 8 170
conv12 220 29 20
conv12 221 17 39
conv12 222 25 211
conv12 223 18 141
conv12 224 16 20
conv12 225 2 247
conv12 226 9 252
conv12 227 13 97
conv12 228 5 209
conv12 229 183 34
conv12 230 5 169
conv12 231 30 17
conv12 232 5 202
conv12 233 4 225
conv12 234 197 17
conv12 235 45 55
conv12 236 10 218
conv12 237 28 17
conv12 238 184 15
conv12 239 227 12
conv12 240 171 20
conv12 241 211 9
conv12 242 12 152
conv12 243 1 187
conv12 244 8 253
conv12 245 13 173
conv12 246 9 15
conv12 247 7 191
conv12 248 8 29
conv12 249 10 242
conv12 250 9 211
conv12 251 18 34
conv12 252 149 13
conv12 253 17 268
conv12 254 13 226
conv12 255 19 189
conv13 0 8 215
conv13 1 5 188
conv13 2 2 36
conv13 3 13 128
conv13 4 4 217
conv13 5 235 6
conv13 6 5 221
conv13 7 1 160
conv13 8 5 208
conv13 9 60 6
conv13 10 187 6
conv13 11 6 28
conv13 12 186 13
conv13 13 10 169
conv13 14 9 90
conv13 15 9 214
conv13 16 4 204
conv13 17 4 175
conv13 18 10 73
conv13 19 20 13
conv13 20 4 209
conv13 21 19 112
conv13 22 221 19
conv13 23 11 198
conv13 24 201 24
conv13 25 3 22
conv13 26 12 154
conv13 27 3 232
conv13 28 188 12
conv13 29 1 157
conv13 30 6 33
conv13 31 34 7
conv13 32 12 203
conv13 33 6 28
conv13 34 171 17
conv13 35 27 213
conv13 36 15 20
conv13 37 213 13
conv13 38 191 13
conv13 39 166 15
conv13 40 13 218
conv13 41 182 9
conv13 42 5 16
conv13 43 4 145
conv13 44 163 11
conv13 45 18 23
conv13 46 5 176
conv13 47 187 7
conv13 48 4 166
conv13 49 5 194
conv13 50 15 154
conv13 51 11 18
conv13 52 160 17
conv13 53 21 17
conv13 54 221 17
conv13 55 7 169
conv13 56 8 154
conv13 57 15 176
conv13 58 3 148
conv13 59 13 4
conv13 60 6 180
conv13 61 2 228
conv13 62 2 193
conv13 63 25 18
conv13 64 10 30
conv13 65 162 22
conv13 66 17 229
conv13 67 4 158
conv13 68 28 7
conv13 69 11 151
conv13 70 24 27
conv13 71 184 14
conv13 72 10 190
conv13 73 4 113
conv13 74 4 149
conv13 75 226 12
conv13 76 1 28
conv13 77 30 210
conv13 78 12 198
conv13 79 18 21
conv13 80 213 9
conv13 81 200 5
conv13 82 223 7
conv13 83 13 114
conv13 84 7 184
conv13 85 16 214
conv13 86 8 159
conv13 87 3 223
conv13 88 161 2
conv13 89 184 14
conv13 90 173 10
conv13 91 2 28
conv13 92 8 197
conv13 93 28 14
conv13 94 10 178
conv13 95 139 23
conv13 96 6 189
conv13 97 147 12
conv13 98 28 6
conv13 99 12 10
conv13 100 13 212
conv13 101 17 218
conv13 102 150 14
conv13 103 10 157
conv13 104 12 177
conv13 105 14 56
conv13 106 17 14
conv13 107 7 197
conv13 108 9 125
conv13 109 3 210
conv13 110 11 205
conv13 111 17 188
conv13 112 6 176
conv13 113 33 13
conv13 114 8 210
conv13 115 7 16
conv13 116 2 149
conv13 117 19 23
conv13 118 8 212
conv13 119 2 211
conv13 120 16 40
conv13 121 20 15
conv13 122 225 10
conv13 123 27 15
conv13 124 14 8
conv13 125 7 146
conv13 126 171 17
conv13 127 1 33
conv13 128 5 205
conv13 129 189 6
conv13 130 185 19
conv13 131 219 6
conv13 132 5 179
conv13 133 14 23
conv13 134 224 6
conv13 135 7 188
conv13 136 6 31
conv13 137 4 166
conv13 138 9 152
conv13 139 188 4
conv13 140 3 30
conv13 141 9 24
conv13 142 11 174
conv13 143 20 20
conv13 144 13 172
conv13 145 3 194
conv13 146 5 195
conv13 147 13 182
conv13 148 6 49
conv13 149 156 13
conv13 150 8 20
conv13 151 77 11
conv13 152 139 14
conv13 153 1 42
conv13 154 119 8
conv13 155 4 214
conv13 156 5 29
conv13 157 187 5
conv13 158 31 8
conv13 159 190 14
conv13 160 8 174
conv13 161 11 167
conv13 162 5 175
conv13 163 166 6
conv13 164 14 16
conv13 165 6 201
conv13 166 12 45
conv13 167 7 207
conv13 168 10 157
conv13 169 176 11
conv13 170 2 203
conv13 171 9 18
conv13 172 168 11
conv13 173 3 171
conv13 174 21 171
conv13 175 12 12
conv13 176 6 41
conv13 177 30 10
conv13 178 20 20
conv13 179 6 129
conv13 180 1 225
conv13 181 7 16
conv13 182 1 178
conv13 183 7 180
conv13 184 4 147
conv13 185 116 8
conv13 186 178 10
conv13 187 8 30
conv13 188 4 220
conv13 189 13 185
conv13 190 12 220
conv13 191 10 39
conv13 192 9 10
conv13 193 162 3
conv13 194 4 190
conv13 195 151 17
conv13 196 182 28
conv13 197 25 21
conv13 198 165 4
conv13 199 3 24
conv13 200 11 12
conv13 201 36 22
conv13 202 181 6
conv13 203 11 208
conv13 204 6 226
conv13 205 4 189
conv13 206 168 4
conv13 207 3 136
conv13 208 18 192
conv13 209 9 158
conv13 210 28 3
conv13 211 17 151
conv13 212 111 1
conv13 213 14 14
conv13 214 11 180
conv13 215 178 10
conv13 216 22 27
conv13 217 72 9
conv13 218 3 206
conv13 219 12 180
conv13 220 189 13
conv13 221 14 31
conv13 222 1 197
conv13 223 2 198
conv13 224 169 5
conv13 225 2 224
conv13 226 6 28
conv13 227 9 222
conv13 228 9 225
conv13 229 6 150
conv13 230 21 80
conv13 231 13 119
conv13 232 5 187
conv13 233 10 197
conv13 234 4 178
conv13 235 3 23
conv13 236 13 187
conv13 237 4 166
conv13 238 68 4
conv13 239 153 11
conv13 240 168 17
conv13 241 67 5
conv13 242 38 6
conv13 243 19 246
conv13 244 16 154
conv13 245 8 18
conv13 246 7 163
conv13 247 5 20
conv13 248 3 38
conv13 249 10 41
conv13 250 7 180
conv13 251 12 216
conv13 252 153 7
conv13 253 28 11
conv13 254 23 20
conv13 255 15 25
conv14 0 172 22
conv14 1 215 38
conv14 2 25 18
conv14 3 4 154
conv14 4 1 235
conv14 5 2 158
conv14 6 194 13
conv14 7 1 184
conv14 8 6 168
conv14 9 5 189
conv14 10 17 24
conv14 11 9 154
conv14 12 6 180
conv14 13 2 199
conv14 14 2 164
conv14 15 17 249
conv14 16 2 211
conv14 17 0 149
conv14 18 27 238
conv14 19 0 211
conv14 20 6 196
conv14 21 4 179
conv14 22 2 239
conv14 23 235 8
conv14 24 5 149
conv14 25 18 30
conv14 26 1 204
conv14 27 3 180
conv14 28 4 187
conv14 29 2 140
conv14 30 6 180
conv14 31 15 261
conv14 32 2 116
conv14 33 26 46
conv14 34 14 43
conv14 35 6 117
conv14 36 12 34
conv14 37 2 174
conv14 38 2 209
conv14 39 1 227
conv14 40 0 188
conv14 41 5 174
conv14 42 212 20
conv14 43 10 22
conv14 44 226 0
conv14 45 0 259
conv14 46 1 202
conv14 47 23 19
conv14 48 1 173
conv14 49 197 11
conv14 50 23 14
conv14 51 0 187
conv14 52 0 201
conv14 53 51 28
conv14 54 211 15
conv14 55 10 183
conv14 56 2 146
conv14 57 6 207
conv14 58 16 221
conv14 59 6 136
conv14 60 12 214
conv14 61 29 128
conv14 62 7 187
conv14 63 243 25
conv14 64 4 28
conv14 65 3 190
conv14 66 5 165
conv14 67 7 190
conv14 68 1 215
conv14 69 112 3
conv14 70 1 193
conv14 71 14 161
conv14 72 0 219
conv14 73 0 162
conv14 74 198 5
conv14 75 3 170
conv14 76 5 32
conv14 77 0 184
conv14 78 2 231
conv14 79 31 58
conv14 80 2 202
conv14 81 6 211
conv14 82 4 253
conv14 83 4 162
conv14 84 2 246
conv14 85 1 172
conv14 86 4 158
conv14 87 1 167
conv14 88 0 169
conv14 89 60 23
conv14 90 6 166
conv14 91 208 7
conv14 92 2 206
conv14 93 0 187
conv14 94 0 203
conv14 95 0 200
conv14 96 3 218
conv14 97 5 159
conv14 98 4 162
conv14 99 235 22
conv14 100 197 12
conv14 101 3 232
conv14 102 0 194
conv14 103 259 8
conv14 104 209 13
conv14 105 22 208
conv14 106 268 6
conv14 107 4 237
conv14 108 8 191
conv14 109 6 62
conv14 110 0 218
conv14 111 9 187
conv14 112 15 24
conv14 113 261 9
conv14 114 11 173
conv14 115 3 168
conv14 116 39 34
conv14 117 210 5
conv14 118 1 229
conv14 119 6 31
conv14 120 9 58
conv14 121 1 298
conv14 122 238 5
conv14 123 3 124
conv14 124 1 146
conv14 125 157 11
conv14 126 18 228
conv14 127 216 7
conv14 128 1 219
conv14 129 18 26
conv14 130 25 86
conv14 131 223 6
conv14 132 1 145
conv14 133 15 134
conv14 134 171 16
conv14 135 2 207
conv14 136 2 131
conv14 137 2 185
conv14 138 197 10
conv14 139 4 191
conv14 140 8 152
conv14 141 55 8
conv14 142 2 208
conv14 143 211 12
conv14 144 19 218
conv14 145 8 198
conv14 146 6 55
conv14 147 1 239
conv14 148 3 117
conv14 149 18 18
conv14 150 1 189
conv14 151 3 213
conv14 152 227 4
conv14 153 18 21
conv14 154 1 144
conv14 155 7 239
conv14 156 26 29
conv14 157 13 38
conv14 158 13 234
conv14 159 172 5
conv14 160 31 32
conv14 161 6 217
conv14 162 11 214
conv14 163 209 7
conv14 164 1 118
conv14 165 11 21
conv14 166 2 220
conv14 167 0 118
conv14 168 219 8
conv14 169 220 30
conv14 170 15 203
conv14 171 199 6
conv14 172 143 12
conv14 173 0 172
conv14 174 204 9
conv14 175 220 9
conv14 176 4 39
conv14 177 4 201
conv14 178 2 204
conv14 179 1 197
conv14 180 0 220
conv14 181 1 127
conv14 182 38 18
conv14 183 0 214
conv14 184 3 268
conv14 185 10 178
conv14 186 0 263
conv14 187 180 1
conv14 188 1 147
conv14 189 197 2
conv14 190 3 158
conv14 191 1 204
conv14 192 1 174
conv14 193 1 177
conv14 194 1 181
conv14 195 0 193
conv14 196 10 15
conv14 197 240 17
conv14 198 11 27
conv14 199 18 201
conv14 200 152 8
conv14 201 220 23
conv14 202 211 4
conv14 203 22 65
conv14 204 167 10
conv14 205 0 184
conv14 206 12 30
conv14 207 4 28
conv14 208 150 0
conv14 209 48 16
conv14 210 1 138
conv14 211 9 46
conv14 212 31 31
conv14 213 1 223
conv14 214 5 194
conv14 215 11 152
conv14 216 0 170
conv14 217 31 18
conv14 218 135 15
conv14 219 3 221
conv14 220 10 58
conv14 221 0 212
conv14 222 10 182
conv14 223 4 168
conv14 224 0 193
conv14 225 2 139
conv14 226 204 2
conv14 227 4 178
conv14 228 0 229
conv14 229 17 107
conv14 230 125 6
conv14 231 23 34
conv14 232 5 188
conv14 233 6 244
conv14 234 1 160
conv14 235 1 193
conv14 236 4 224
conv14 237 6 161
conv14 238 12 228
conv14 239 12 32
conv14 240 3 242
conv14 241 3 220
conv14 242 236 12
conv14 243 13 32
conv14 244 0 178
conv14 245 9 100
conv14 246 5 197
conv14 247 6 218
conv14 248 5 135
conv14 249 9 237
conv14 250 48 14
conv14 251 8 236
conv14 252 124 22
conv14 253 5 22
conv14 254 1 181
conv14 255 18 33
conv15 0 12 229
conv15 1 6 175
conv15 2 12 302
conv15 3 19 156
conv15 4 26 46
conv15 5 4 241
conv15 6 17 174
conv15 7 3 79
conv15 8 6 69
conv15 9 28 208
conv15 10 24 35
conv15 11 8 58
conv15 12 12 24
conv15 13 10 208
conv15 14 16 185
conv15 15 42 24
conv15 16 6 243
conv15 17 9 36
conv15 18 2 187
conv15 19 15 203
conv15 20 8 207
conv15 21 0 229
conv15 22 51 57
conv15 23 8 154
conv15 24 13 51
conv15 25 32 18
conv15 26 28 30
conv15 27 27 207
conv15 28 21 14
conv15 29 15 26
conv15 30 22 33
conv15 31 14 40
conv15 32 201 19
conv15 33 233 22
conv15 34 5 251
conv15 35 18 241
conv15 36 210 18
conv15 37 104 2
conv15 38 29 15
conv15 39 140 13
conv15 40 9 225
conv15 41 5 194
conv15 42 31 31
conv15 43 25 29
conv15 44 17 39
conv15 45 6 275
conv15 46 17 34
conv15 47 146 17
conv15 48 5 228
conv15 49 9 37
conv15 50 16 51
conv15 51 7 23
conv15 52 14 57
conv15 53 62 0
conv15 54 45 19
conv15 55 1 212
conv15 56 29 24
conv15 57 28 20
conv15 58 15 84
conv15 59 32 15
conv15 60 276 11
conv15 61 15 45
conv15 62 14 40
conv15 63 199 14
conv15 64 5 230
conv15 65 6 239
conv15 66 4 182
conv15 67 50 30
conv15 68 12 43
conv15 69 13 196
conv15 70 55 25
conv15 71 254 26
conv15 72 243 14
conv15 73 10 221
conv15 74 275 8
conv15 75 2 266
conv15 76 8 154
conv15 77 6 201
conv15 78 7 185
conv15 79 9 201
conv15 80 145 13
conv15 81 5 248
conv15 82 202 25
conv15 83 5 64
conv15 84 13 20
conv15 85 191 14
conv15 86 1 218
conv15 87 5 192
conv15 88 22 17
conv15 89 241 7
conv15 90 18 215
conv15 91 20 18
conv15 92 15 249
conv15 93 17 234
conv15 94 11 152
conv15 95 42 26
conv15 96 13 37
conv15 97 178 24
conv15 98 41 32
conv15 99 18 57
conv15 100 3 234
conv15 101 26 30
conv15 102 11 177
conv15 103 11 233
conv15 104 26 43
conv15 105 16 41
conv15 106 18 28
conv15 107 26 219
conv15 108 11 54
conv15 109 13 58
conv15 110 9 204
conv15 111 8 219
conv15 112 15 117
conv15 113 21 33
conv15 114 6 153
conv15 115 3 239
conv15 116 7 51
conv15 117 23 189
conv15 118 13 48
conv15 119 2 245
conv15 120 8 31
conv15 121 15 53
conv15 122 6 231
conv15 123 2 268
conv15 124 4 228
conv15 125 1 194
conv15 126 8 165
conv15 127 2 166
conv15 128 7 220
conv15 129 63 15
conv15 130 24 192
conv15 131 5 256
conv15 132 12 228
conv15 133 6 214
conv15 134 103 42
conv15 135 7 184
conv15 136 8 259
conv15 137 5 237
conv15 138 4 239
conv15 139 8 199
conv15 140 33 32
conv15 141 7 48
conv15 142 19 231
conv15 143 14 61
conv15 144 0 274
conv15 145 16 29
conv15 146 36 10
conv15 147 26 45
conv15 148 7 46
conv15 149 6 268
conv15 150 46 16
conv15 151 242 14
conv15 152 13 229
conv15 153 4 164
conv15 154 19 127
conv15 155 2 283
conv15 156 4 180
conv15 157 22 48
conv15 158 252 24
conv15 159 259 6
conv15 160 168 47
conv15 161 28 46
conv15 162 235 4
conv15 163 1 230
conv15 164 22 207
conv15 165 11 67
conv15 166 20 61
conv15 167 11 203
conv15 168 19 36
conv15 169 7 80
conv15 170 14 30
conv15 171 257 15
conv15 172 4 61
conv15 173 13 33
conv15 174 19 228
conv15 175 15 160
conv15 176 6 220
conv15 177 23 15
conv15 178 166 25
conv15 179 200 12
conv15 180 4 178
conv15 181 232 0
conv15 182 19 13
conv15 183 9 209
conv15 184 3 217
conv15 185 33 25
conv15 186 162 39
conv15 187 3 203
conv15 188 5 21
conv15 189 10 31
conv15 190 16 228
conv15 191 20 232
conv15 192 174 18
conv15 193 24 191
conv15 194 26 37
conv15 195 10 269
conv15 196 2 184
conv15 197 174 21
conv15 198 1 246
conv15 199 14 236
conv15 200 2 222
conv15 201 4 241
conv15 202 10 240
conv15 203 1 175
conv15 204 1 49
conv15 205 4 212
conv15 206 52 25
conv15 207 117 23
conv15 208 142 15
conv15 209 5 277
conv15 210 10 51
conv15 211 19 35
conv15 212 8 54
conv15 213 36 18
conv15 214 5 207
conv15 215 5 212
conv15 216 19 218
conv15 217 6 228
conv15 218 8 236
conv15 219 11 230
conv15 220 5 225
conv15 221 12 195
conv15 222 27 30
conv15 223 17 32
conv15 224 7 143
conv15 225 3 247
conv15 226 2 244
conv15 227 172 17
conv15 228 12 183
conv15 229 1 251
conv15 230 11 42
conv15 231 0 215
conv15 232 11 46
conv15 233 18 49
conv15 234 8 142
conv15 235 16 46
conv15 236 25 59
conv15 237 21 237
conv15 238 26 197
conv15 239 4 72
conv15 240 13 228
conv15 241 1 216
conv15 242 10 169
conv15 243 179 26
conv15 244 210 29
conv15 245 1 164
conv15 246 11 211
conv15 247 7 26
conv15 248 6 215
conv15 249 18 89
conv15 250 6 213
conv15 251 41 52
conv15 252 264 13
conv15 253 20 195
conv15 254 15 250
conv15 255 155 24
conv16 0 20 177
conv16 1 5 53
conv16 2 3 219
conv16 3 7 196
conv16 4 7 180
conv16 5 3 143
conv16 6 0 208
conv16 7 4 179
conv16 8 3 138
conv16 9 8 190
conv16 10 8 206
conv16 11 22 221
conv16 12 8 184
conv16 13 7 286
conv16 14 3 196
conv16 15 5 148
conv16 16 5 130
conv16 17 2 241
conv16 18 5 54
conv16 19 4 167
conv16 20 2 179
conv16 21 1 176
conv16 22 2 162
conv16 23 17 26
conv16 24 2 177
conv16 25 8 128
conv16 26 2 141
conv16 27 2 149
conv16 28 37 25
conv16 29 1 214
conv16 30 3 263
conv16 31 0 228
conv16 32 0 228
conv16 33 7 169
conv16 34 4 252
conv16 35 3 196
conv16 36 0 224
conv16 37 100 43
conv16 38 2 224
conv16 39 7 232
conv16 40 9 212
conv16 41 2 203
conv16 42 6 217
conv16 43 5 148
conv16 44 15 211
conv16 45 8 223
conv16 46 2 222
conv16 47 16 124
conv16 48 5 129
conv16 49 0 132
conv16 50 2 249
conv16 51 8 48
conv16 52 8 200
conv16 53 11 25
conv16 54 2 209
conv16 55 6 157
conv16 56 19 198
conv16 57 5 223
conv16 58 16 184
conv16 59 5 161
conv16 60 4 243
conv16 61 251 15
conv16 62 120 15
conv16 63 6 210
conv16 64 13 155
conv16 65 5 233
conv16 66 1 191
conv16 67 5 127
conv16 68 17 260
conv16 69 0 146
conv16 70 9 215
conv16 71 1 269
conv16 72 5 194
conv16 73 10 189
conv16 74 229 20
conv16 75 150 26
conv16 76 0 295
conv16 77 0 278
conv16 78 1 193
conv16 79 5 180
conv16 80 5 195
conv16 81 0 202
conv16 82 10 192
conv16 83 18 189
conv16 84 1 256
conv16 85 2 223
conv16 86 0 255
conv16 87 19 128
conv16 88 1 215
conv16 89 11 76
conv16 90 4 164
conv16 91 6 197
conv16 92 30 236
conv16 93 14 162
conv16 94 1 205
conv16 95 1 185
conv16 96 5 144
conv16 97 16 206
conv16 98 6 229
conv16 99 1 254
conv16 100 0 219
conv16 101 4 166
conv16 102 2 36
conv16 103 13 145
conv16 104 2 196
conv16 105 0 187
conv16 106 20 9
conv16 107 2 201
conv16 108 3 243
conv16 109 5 220
conv16 110 10 25
conv16 111 119 28
conv16 112 1 175
conv16 113 10 188
conv16 114 26 25
conv16 115 8 22
conv16 116 11 202
conv16 117 53 10
conv16 118 13 184
conv16 119 6 218
conv16 120 206 8
conv16 121 0 194
conv16 122 0 224
conv16 123 10 139
conv16 124 8 224
conv16 125 2 230
conv16 126 2 163
conv16 127 28 137
conv16 128 0 215
conv16 129 10 36
conv16 130 27 217
conv16 131 10 159
conv16 132 10 231
conv16 133 19 137
conv16 134 3 238
conv16 135 1 125
conv16 136 2 204
conv16 137 1 263
conv16 138 2 177
conv16 139 0 191
conv16 140 4 265
conv16 141 2 211
conv16 142 10 164
conv16 143 5 168
conv16 144 6 206
conv16 145 2 174
conv16 146 7 193
conv16 147 22 201
conv16 148 1 161
conv16 149 10 154
conv16 150 6 36
conv16 151 4 190
conv16 152 206 8
conv16 153 4 183
conv16 154 13 136
conv16 155 10 204
conv16 156 2 142
conv16 157 1 226
conv16 158 8 155
conv16 159 5 213
conv16 160 9 185
conv16 161 0 259
conv16 162 9 161
conv16 163 50 28
conv16 164 2 186
conv16 165 1 159
conv16 166 1 171
conv16 167 4 206
conv16 168 10 161
conv16 169 2 181
conv16 170 2 242
conv16 171 7 227
conv16 172 3 210
conv16 173 1 167
conv16 174 8 247
conv16 175 5 197
conv16 176 5 154
conv16 177 2 206
conv16 178 0 152
conv16 179 0 134
conv16 180 16 223
conv16 181 0 159
conv16 182 18 94
conv16 183 2 134
conv16 184 12 207
conv16 185 1 226
conv16 186 2 231
conv16 187 19 63
conv16 188 4 190
conv16 189 2 230
conv16 190 168 8
conv16 191 4 213
conv16 192 1 209
conv16 193 4 165
conv16 194 1 222
conv16 195 2 187
conv16 196 10 143
conv16 197 9 236
conv16 198 139 9
conv16 199 1 254
conv16 200 4 141
conv16 201 1 226
conv16 202 1 210
conv16 203 1 213
conv16 204 4 141
conv16 205 1 274
conv16 206 17 150
conv16 207 9 213
conv16 208 2 182
conv16 209 0 245
conv16 210 4 252
conv16 211 11 172
conv16 212 14 221
conv16 213 226 2
conv16 214 1 223
conv16 215 1 191
conv16 216 4 193
conv16 217 4 190
conv16 218 5 174
conv16 219 1 171
conv16 220 24 61
conv16 221 4 206
conv16 222 180 18
conv16 223 5 173
conv16 224 5 224
conv16 225 2 190
conv16 226 2 184
conv16 227 2 130
conv16 228 1 245
conv16 229 2 241
conv16 230 2 192
conv16 231 1 162
conv16 232 13 238
conv16 233 11 10
conv16 234 2 183
conv16 235 3 36
conv16 236 1 166
conv16 237 0 211
conv16 238 7 237
conv16 239 11 265
conv16 240 1 178
conv16 241 10 209
conv16 242 6 241
conv16 243 173 0
conv16 244 0 194
conv16 245 7 153
conv16 246 23 248
conv16 247 5 186
conv16 248 13 167
conv16 249 3 195
conv16 250 0 130
conv16 251 18 157
conv16 252 31 9
conv16 253 6 140
conv16 254 123 18
conv16 255 6 170
conv16 256 7 197
conv16 257 15 226
conv16 258 1 128
conv16 259 1 170
conv16 260 4 218
conv16 261 0 280
conv16 262 0 251
conv16 263 13 228
conv16 264 3 148
conv16 265 1 220
conv16 266 0 234
conv16 267 18 12
conv16 268 231 19
conv16 269 6 238
conv16 270 3 215
conv16 271 3 271
conv16 272 15 244
conv16 273 0 184
conv16 274 1 182
conv16 275 4 159
conv16 276 6 103
conv16 277 1 176
conv16 278 11 178
conv16 279 2 140
conv16 280 8 179
conv16 281 0 167
conv16 282 2 188
conv16 283 3 240
conv16 284 143 8
conv16 285 14 32
conv16 286 1 167
conv16 287 10 249
conv16 288 16 15
conv16 289 8 177
conv16 290 1 161
conv16 291 1 249
conv16 292 6 166
conv16 293 2 266
conv16 294 8 130
conv16 295 12 153
conv16 296 241 13
conv16 297 2 180
conv16 298 9 166
conv16 299 2 205
conv16 300 5 163
conv16 301 29 162
conv16 302 11 191
conv16 303 16 171
conv16 304 9 271
conv16 305 26 33
conv16 306 5 113
conv16 307 216 26
conv16 308 1 222
conv16 309 172 9
conv16 310 1 226
conv16 311 5 152
conv16 312 0 279
conv16 313 3 230
conv16 314 8 167
conv16 315 5 179
conv16 316 8 246
conv16 317 8 225
conv16 318 8 198
conv16 319 23 41
conv16 320 5 204
conv16 321 5 144
conv16 322 1 224
conv16 323 1 214
conv16 324 3 274
conv16 325 9 160
conv16 326 1 225
conv16 327 6 176
conv16 328 8 162
conv16 329 4 193
conv16 330 21 160
conv16 331 134 17
conv16 332 166 30
conv16 333 1 234
conv16 334 17 33
conv16 335 4 199
conv16 336 2 204
conv16 337 5 169
conv16 338 2 120
conv16 339 6 215
conv16 340 2 208
conv16 341 3 163
conv16 342 8 171
conv16 343 0 273
conv16 344 5 195
conv16 345 0 201
conv16 346 0 147
conv16 347 0 200
conv16 348 7 222
conv16 349 0 210
conv16 350 0 154
conv16 351 200 31
conv16 352 0 209
conv16 353 4 249
conv16 354 1 200
conv16 355 0 214
conv16 356 9 188
conv16 357 223 14
conv16 358 2 221
conv16 359 1 255
conv16 360 188 23
conv16 361 2 210
conv16 362 1 235
conv16 363 8 129
conv16 364 3 197
conv16 365 7 158
conv16 366 5 249
conv16 367 28 256
conv16 368 0 204
conv16 369 1 209
conv16 370 5 153
conv16 371 190 36
conv16 372 199 11
conv16 373 5 164
conv16 374 0 181
conv16 375 7 234
conv16 376 1 275
conv16 377 1 169
conv16 378 9 215
conv16 379 194 14
conv16 380 5 176
conv16 381 3 294
conv16 382 5 208
conv16 383 10 39
conv16 384 2 212
conv16 385 35 152
conv16 386 9 53
conv16 387 12 13
conv16 388 2 219
conv16 389 2 215
conv16 390 55 52
conv16 391 12 46
conv16 392 1 209
conv16 393 1 175
conv16 394 11 223
conv16 395 1 148
conv16 396 20 199
conv16 397 2 164
conv16 398 5 231
conv16 399 8 189
conv16 400 0 202
conv16 401 249 4
conv16 402 12 158
conv16 403 5 228
conv16 404 4 250
conv16 405 2 252
conv16 406 6 177
conv16 407 7 145
conv16 408 0 181
conv16 409 13 154
conv16 410 4 204
conv16 411 8 243
conv16 412 4 232
conv16 413 9 213
conv16 414 0 190
conv16 415 8 208
conv16 416 16 35
conv16 417 9 160
conv16 418 0 189
conv16 419 8 158
conv16 420 0 202
conv16 421 289 14
conv16 422 13 39
conv16 423 165 24
conv16 424 4 255
conv16 425 8 217
conv16 426 5 185
conv16 427 17 52
conv16 428 3 160
conv16 429 0 160
conv16 430 154 12
conv16 431 5 185
conv16 432 1 136
conv16 433 3 205
conv16 434 8 194
conv16 435 1 240
conv16 436 6 215
conv16 437 11 46
conv16 438 1 238
conv16 439 0 172
conv16 440 2 215
conv16 441 16 195
conv16 442 4 170
conv16 443 21 237
conv16 444 8 151
conv16 445 14 163
conv16 446 1 227
conv16 447 1 278
conv16 448 6 186
conv16 449 4 249
conv16 450 5 131
conv16 451 1 185
conv16 452 6 210
conv16 453 6 231
conv16 454 1 166
conv16 455 30 170
conv16 456 1 152
conv16 457 1 312
conv16 458 3 158
conv16 459 19 21
conv16 460 4 22
conv16 461 18 174
conv16 462 12 229
conv16 463 17 170
conv16 464 16 208
conv16 465 6 120
conv16 466 4 229
conv16 467 8 177
conv16 468 24 211
conv16 469 3 56
conv16 470 4 231
conv16 471 8 152
conv16 472 36 203
conv16 473 9 300
conv16 474 1 237
conv16 475 1 159
conv16 476 17 152
conv16 477 9 211
conv16 478 0 216
conv16 479 6 218
conv16 480 0 177
conv16 481 261 0
conv16 482 0 212
conv16 483 1 286
conv16 484 11 190
conv16 485 2 143
conv16 486 1 190
conv16 487 15 170
conv16 488 9 38
conv16 489 11 181
conv16 490 7 219
conv16 491 3 212
conv16 492 2 138
conv16 493 2 178
conv16 494 3 164
conv16 495 6 164
conv16 496 2 178
conv16 497 0 275
conv16 498 0 205
conv16 499 0 173
conv16 500 4 191
conv16 501 17 230
conv16 502 0 149
conv16 503 1 255
conv16 504 1 130
conv16 505 7 51
conv16 506 2 180
conv16 507 4 185
conv16 508 1 217
conv16 509 11 206
conv16 510 4 182
conv16 511 2 126
