conv1 0 -1.03 -2.22 -1.03 -2.22
conv1 1 -0.37 -2.17 -0.37 -2.17
conv1 2 -0.11 -3.12 -0.11 -3.12
conv1 3 1.23 0.33 1.23 0.33
conv1 4 -2.72 0.81 -2.72 0.81
conv1 5 -0.69 -1.33 -0.69 -1.33
conv1 6 -1.31 -2.31 -1.31 -2.31
conv1 7 0.91 0.96 0.91 0.96
conv1 8 -2.29 -0.61 -2.29 -0.61
conv1 9 -3.52 -3.51 -3.52 -3.51
conv1 10 -1.50 -0.60 -1.50 -0.60
conv1 11 -1.38 -0.95 -1.38 -0.95
conv1 12 -0.91 1.17 -0.91 1.17
conv1 13 0.22 2.48 -1.51 3.40
conv1 14 -2.69 -0.77 -2.69 -0.77
conv1 15 -1.20 -0.86 -1.20 -0.86
conv1 16 -0.98 0.57 -0.98 0.57
conv1 17 1.55 -2.82 1.55 -2.82
conv1 18 0.17 0.05 0.17 0.05
conv1 19 -1.67 -2.93 -1.67 -2.93
conv1 20 0.53 -1.13 0.53 -1.13
conv1 21 -1.06 -3.59 -1.06 -3.59
conv1 22 -3.22 -1.65 -3.22 -1.65
conv1 23 -0.30 -2.06 -0.30 -2.06
conv1 24 -1.56 -1.56 -1.56 -1.56
conv1 25 -0.16 -0.29 -0.16 -0.29
conv1 26 -1.14 -2.68 -1.14 -2.68
conv1 27 -0.91 -0.54 -0.91 -0.54
conv1 28 -1.79 -1.80 -1.79 -1.80
conv1 29 -0.14 -1.24 -0.14 -1.24
conv1 30 -2.23 -0.58 -2.23 -0.58
conv1 31 -1.08 -2.68 -1.08 -2.68
conv1 32 -0.95 0.30 -0.95 0.30
conv1 33 -1.03 0.31 -1.03 0.31
conv1 34 -0.12 0.25 -0.12 0.25
conv1 35 1.13 -2.94 1.13 -2.94
conv1 36 1.16 -1.95 1.16 -1.95
conv1 37 0.97 -1.50 0.97 -1.50
conv1 38 -3.06 0.42 -3.06 0.42
conv1 39 -1.34 -1.51 -1.34 -1.51
conv1 40 -1.11 -1.00 -1.11 -1.00
conv1 41 -1.12 -1.83 -1.12 -1.83
conv1 42 -0.97 -1.18 -0.97 -1.18
conv1 43 -0.92 -0.16 -0.92 -0.16
conv1 44 -0.81 -1.86 -0.81 -1.86
conv1 45 -2.71 1.24 -2.71 1.24
conv1 46 -2.06 -2.19 -2.06 -2.19
conv1 47 -1.52 -0.54 -1.52 -0.54
conv1 48 -3.37 -3.50 -3.37 -3.50
conv1 49 -1.69 -0.98 -1.69 -0.98
conv1 50 -2.02 -0.62 -2.02 -0.62
conv1 51 -0.57 -1.27 -0.57 -1.27
conv1 52 -0.71 -1.35 -0.71 -1.35
conv1 53 -1.57 -0.88 -1.57 -0.88
conv1 54 -3.30 -3.41 -3.30 -3.41
conv1 55 -0.54 -1.29 -0.54 -1.29
conv1 56 -0.03 -1.35 -0.03 -1.35
conv1 57 -0.58 0.96 -0.58 0.96
conv1 58 -2.74 1.68 -2.74 1.68
conv1 59 -0.43 -0.63 -0.43 -0.63
conv1 60 -1.73 -0.85 -1.73 -0.85
conv1 61 1.70 0.90 1.70 0.90
conv1 62 0.52 -2.22 0.52 -2.22
conv1 63 -1.18 -0.32 -1.18 -0.32
conv2 0 -6.79 1.54 -0.39 -1.46
conv2 1 -0.42 -1.59 -4.01 -0.78
conv2 2 -4.81 -0.04 -1.57 -4.61
conv2 3 5.43 -2.84 -4.22 -1.48
conv2 4 5.45 1.32 -2.26 -3.22
conv2 5 -8.32 -0.34 0.37 0.18
conv2 6 4.11 -2.03 -3.50 -0.59
conv2 7 -5.93 1.25 1.67 -4.19
conv2 8 5.44 -0.19 -2.44 -0.93
conv2 9 -2.23 -0.69 -1.76 -1.71
conv2 10 0.69 -4.81 -4.19 3.03
conv2 11 -4.67 0.19 0.94 -3.01
conv2 12 -1.37 -7.72 -1.55 1.32
conv2 13 -6.50 -1.53 0.66 -2.78
conv2 14 -0.27 -1.43 -1.76 -0.96
conv2 15 -5.69 -3.40 1.09 -0.55
conv2 16 -1.11 3.61 -3.56 -4.21
conv2 17 -0.50 0.84 -1.26 -0.96
conv2 18 0.61 -1.15 -4.79 -2.26
conv2 19 -2.24 5.03 -3.71 -3.97
conv2 20 4.54 -2.69 -1.96 -1.46
conv2 21 -3.93 -4.27 -1.35 -0.12
conv2 22 -3.70 -2.28 -1.39 -1.98
conv2 23 -1.03 -2.42 -4.06 -1.41
conv2 24 -2.96 0.96 -0.89 -3.94
conv2 25 0.34 -2.16 -3.57 -2.80
conv2 26 1.82 4.32 -2.64 -4.77
conv2 27 -7.16 -6.09 -0.05 -0.91
conv2 28 -3.04 -3.42 -2.65 1.06
conv2 29 -4.01 -3.41 1.57 1.21
conv2 30 -0.93 -3.49 -1.83 -1.23
conv2 31 -0.31 2.29 -1.10 -1.78
conv2 32 -2.16 -2.32 -1.07 -2.80
conv2 33 2.38 -6.34 -2.17 -1.18
conv2 34 -5.40 -4.68 -0.59 -1.57
conv2 35 -6.96 -0.69 -0.66 -1.43
conv2 36 -2.56 -6.27 -2.12 -0.30
conv2 37 -2.32 1.06 3.13 -1.68
conv2 38 5.11 3.26 -2.55 -2.17
conv2 39 -2.65 5.16 -2.24 -2.44
conv2 40 -3.38 -2.05 -2.76 -0.43
conv2 41 0.29 2.46 -1.89 -2.07
conv2 42 -2.41 -2.23 2.07 -2.40
conv2 43 -1.62 -1.50 0.03 4.87
conv2 44 -5.41 3.14 -0.99 -1.50
conv2 45 -2.55 -2.35 -0.22 -0.87
conv2 46 -1.83 -2.92 -2.33 -1.19
conv2 47 -0.87 -5.19 -1.34 -1.62
conv2 48 1.67 -1.37 -2.55 -0.64
conv2 49 4.17 -2.44 -0.25 -1.26
conv2 50 -2.89 1.78 -1.82 -1.59
conv2 51 4.97 4.28 -2.32 -1.96
conv2 52 -4.20 -4.13 0.27 -2.03
conv2 53 -0.73 3.45 -1.55 -2.30
conv2 54 5.28 -1.83 -3.13 -0.91
conv2 55 -3.06 -1.14 2.59 -1.57
conv2 56 -5.72 -6.39 -0.11 -1.02
conv2 57 1.14 -2.42 -2.73 -0.55
conv2 58 -7.41 -2.24 0.72 -2.61
conv2 59 -0.22 -0.65 -1.78 -2.37
conv2 60 -3.39 -2.55 0.73 -3.60
conv2 61 -4.85 3.70 0.07 -3.33
conv2 62 -0.66 -3.60 -0.94 4.17
conv2 63 0.55 2.18 -3.28 -2.55
conv3 0 -1.63 -1.53 -6.40 1.13
conv3 1 -0.28 3.02 -1.95 -3.65
conv3 2 -4.32 -6.61 0.41 1.70
conv3 3 0.11 -0.27 -4.48 -1.44
conv3 4 -6.01 -8.35 -1.10 -2.80
conv3 5 2.46 -2.09 -5.57 -5.81
conv3 6 0.04 4.04 -3.54 -6.06
conv3 7 -1.13 4.38 -1.97 -5.76
conv3 8 4.39 -2.25 -4.33 -1.11
conv3 9 0.06 -4.19 -4.15 4.53
conv3 10 -1.35 -0.05 -6.59 -5.67
conv3 11 -2.48 -2.32 -0.15 1.40
conv3 12 0.27 -1.71 -5.73 -0.24
conv3 13 -0.19 -6.13 -0.52 0.53
conv3 14 3.65 -1.43 -6.58 -1.46
conv3 15 -7.76 -2.18 -0.65 -0.37
conv3 16 -1.52 -10.95 -1.56 0.84
conv3 17 -1.14 -3.33 -2.78 -1.75
conv3 18 -2.34 -2.43 -2.42 -3.51
conv3 19 -0.65 3.19 -2.59 -7.59
conv3 20 -4.63 -1.05 4.00 -2.80
conv3 21 -1.82 -9.34 -1.05 1.10
conv3 22 -6.52 -7.10 1.43 -1.03
conv3 23 -1.86 -2.37 -1.32 -0.90
conv3 24 -0.03 1.87 -3.04 -2.63
conv3 25 1.86 -0.38 1.37 -5.32
conv3 26 -1.37 3.97 -2.38 -6.81
conv3 27 1.30 -5.53 -4.57 -1.91
conv3 28 -5.57 -0.96 -2.71 -2.58
conv3 29 -1.59 -5.90 -0.75 3.80
conv3 30 -4.87 -3.42 4.61 -0.91
conv3 31 -5.45 -0.34 -3.27 5.51
conv3 32 -7.81 -7.81 -0.70 -1.00
conv3 33 -10.68 -6.81 -9.11 1.34
conv3 34 2.34 1.04 -4.15 -4.95
conv3 35 -5.33 -1.05 2.48 -3.83
conv3 36 -6.81 -2.49 0.62 -2.40
conv3 37 -6.30 0.32 -0.84 -3.15
conv3 38 -8.45 0.05 3.02 -3.72
conv3 39 2.61 -4.33 -2.30 -2.68
conv3 40 -0.90 -0.27 -4.85 0.65
conv3 41 -1.28 -3.82 -2.87 2.13
conv3 42 -1.65 -2.39 -5.13 0.04
conv3 43 3.33 3.37 -1.77 -0.46
conv3 44 -5.78 -2.35 -1.66 -2.30
conv3 45 -3.38 3.43 -4.81 -8.19
conv3 46 -3.30 -1.32 -1.59 -3.15
conv3 47 -2.13 -0.54 -1.18 -3.97
conv3 48 -0.91 -4.53 -2.05 0.94
conv3 49 -1.84 -1.80 -3.32 0.10
conv3 50 -4.53 -1.08 2.65 0.47
conv3 51 -2.59 1.67 -1.06 -0.68
conv3 52 4.32 6.23 -4.68 -2.40
conv3 53 -1.08 0.32 -7.32 -5.35
conv3 54 -3.14 -0.81 0.99 0.42
conv3 55 -0.61 -2.08 3.83 -0.16
conv3 56 4.25 -1.81 -5.66 -1.71
conv3 57 -0.71 -6.11 -1.75 3.01
conv3 58 -7.51 -2.62 -0.71 0.03
conv3 59 -1.78 -3.30 0.03 -2.38
conv3 60 -1.44 -0.22 -4.89 -2.05
conv3 61 -2.13 -0.25 -0.68 -1.51
conv3 62 -7.53 -1.72 4.18 -1.63
conv3 63 -1.27 0.22 -0.77 -4.16
conv4 0 -2.03 3.17 -2.15 -5.12
conv4 1 -1.99 -1.62 -4.30 -2.85
conv4 2 -3.20 -2.40 1.54 -3.77
conv4 3 6.99 -0.82 -3.26 0.62
conv4 4 -2.62 2.28 -3.48 -6.78
conv4 5 3.12 -3.61 -3.56 -2.69
conv4 6 -1.67 -0.41 -2.15 -3.38
conv4 7 -1.77 1.33 -4.50 -1.77
conv4 8 2.43 0.44 -2.38 -2.13
conv4 9 -8.47 -0.72 -1.80 1.31
conv4 10 2.59 -2.40 -3.56 -5.27
conv4 11 4.56 -1.71 -7.87 -1.46
conv4 12 -5.99 -1.90 -1.64 -4.27
conv4 13 -6.41 -3.30 2.46 -2.99
conv4 14 -3.22 -6.27 -2.25 2.08
conv4 15 -2.17 1.38 -3.13 -3.38
conv4 16 -2.36 7.10 -3.43 -1.51
conv4 17 -2.03 -2.25 1.79 -1.00
conv4 18 -4.76 5.76 -5.38 -3.58
conv4 19 -4.28 -9.04 -1.54 -2.51
conv4 20 -3.40 0.38 -2.71 -6.92
conv4 21 3.05 -3.20 -0.03 -1.31
conv4 22 -7.83 -6.15 -2.28 0.34
conv4 23 -5.32 -0.46 3.20 -5.18
conv4 24 -6.74 2.13 -3.43 -1.87
conv4 25 -2.67 4.64 -3.66 -5.76
conv4 26 -1.08 3.13 -5.92 -4.02
conv4 27 -8.66 -3.69 -0.46 -2.23
conv4 28 -0.54 -1.59 -0.11 0.15
conv4 29 -2.46 4.43 -4.20 -3.07
conv4 30 -2.15 -1.76 -0.64 -6.74
conv4 31 1.94 -2.79 -3.46 0.41
conv4 32 4.50 -1.39 -5.25 -3.41
conv4 33 1.87 3.63 -3.45 -5.35
conv4 34 -4.71 -1.12 -0.51 -2.48
conv4 35 -3.54 -4.91 -1.84 4.94
conv4 36 -2.71 -1.71 -3.66 -6.15
conv4 37 -1.64 -9.38 -2.12 3.64
conv4 38 -1.46 -1.76 -0.61 -1.26
conv4 39 -3.10 -0.31 -0.72 -1.80
conv4 40 -1.61 0.56 -3.02 -2.87
conv4 41 0.71 -3.87 -3.64 -1.10
conv4 42 -4.05 -5.35 3.22 -2.77
conv4 43 -2.40 4.12 -2.23 -6.55
conv4 44 -2.12 -0.69 -4.04 0.53
conv4 45 -1.80 -6.27 -1.23 3.30
conv4 46 4.66 -4.33 -2.49 -2.54
conv4 47 -2.26 6.46 -2.13 -3.49
conv4 48 -4.74 -5.10 1.26 -3.51
conv4 49 -5.51 4.59 1.16 -3.45
conv4 50 -9.01 -1.90 -2.66 -6.09
conv4 51 3.30 -0.31 -5.15 -2.48
conv4 52 -4.41 -3.43 4.53 -2.62
conv4 53 3.84 3.71 -1.85 -3.13
conv4 54 1.95 -0.80 -1.59 -1.44
conv4 55 -0.52 -0.16 -3.69 -2.81
conv4 56 0.80 -0.98 -8.60 -3.76
conv4 57 -5.00 -8.70 -1.80 -2.87
conv4 58 4.25 -0.33 -4.59 -3.00
conv4 59 -0.84 -4.00 -2.84 -2.64
conv4 60 -3.41 -5.77 -3.12 1.59
conv4 61 -1.59 -9.55 -0.33 1.87
conv4 62 -2.49 -1.13 -4.50 -3.12
conv4 63 -3.59 2.23 -1.35 -0.84
conv5 0 -1.21 1.31 -11.87 8.32
conv5 1 -3.20 -2.58 -1.37 0.91
conv5 2 -2.86 1.11 -5.66 -8.41
conv5 3 -5.95 -2.02 0.93 -2.94
conv5 4 2.60 -10.60 -2.32 -3.18
conv5 5 -10.14 -3.02 -0.73 -2.42
conv5 6 1.09 -0.91 -4.01 3.35
conv5 7 -0.28 -4.05 -3.41 0.22
conv5 8 3.10 -2.10 -4.39 -2.06
conv5 9 -7.74 -4.09 2.28 -1.27
conv5 10 1.11 -8.75 -6.45 -0.93
conv5 11 -6.99 0.81 3.37 -4.31
conv5 12 -2.28 -0.36 -1.55 2.52
conv5 13 -2.24 -2.92 0.44 -2.86
conv5 14 3.41 -2.40 -8.00 -3.53
conv5 15 -2.20 -4.96 4.01 2.76
conv5 16 -1.15 -11.75 0.75 4.17
conv5 17 4.33 1.07 -4.47 -2.52
conv5 18 -2.22 -1.96 -4.41 -1.71
conv5 19 -1.15 3.53 -1.89 -8.79
conv5 20 -6.07 -1.91 3.53 -2.46
conv5 21 -0.56 -10.18 -0.97 0.02
conv5 22 0.44 1.63 -1.85 -2.52
conv5 23 -3.61 0.34 -3.75 -9.11
conv5 24 -2.22 -5.22 -7.84 1.53
conv5 25 -4.51 -13.87 -1.98 -4.82
conv5 26 -2.02 2.30 -1.59 -9.01
conv5 27 -2.80 -12.38 -3.73 -2.16
conv5 28 -2.62 -2.24 -0.89 2.32
conv5 29 -1.59 -6.17 -1.71 5.14
conv5 30 -5.89 -6.17 3.77 2.34
conv5 31 -9.21 2.54 -1.29 -3.87
conv5 32 -3.77 -2.54 4.78 3.85
conv5 33 -2.20 -3.43 2.66 5.04
conv5 34 1.83 -0.73 -6.25 -6.47
conv5 35 -7.20 -7.78 -1.37 -2.66
conv5 36 -5.89 0.85 -1.07 -6.45
conv5 37 -1.21 -1.67 0.89 -5.93
conv5 38 2.28 -8.26 0.14 1.13
conv5 39 -0.08 -6.47 -1.73 2.32
conv5 40 -2.52 -1.81 -7.48 -1.55
conv5 41 5.06 -3.99 -3.27 -0.46
conv5 42 -7.56 3.75 -1.41 -4.03
conv5 43 -4.43 -2.42 -1.89 0.14
conv5 44 -8.06 -2.04 -1.73 -3.85
conv5 45 -2.88 -1.91 -2.98 3.75
conv5 46 -4.15 -0.56 1.63 -5.00
conv5 47 -1.31 0.14 -2.12 -5.44
conv5 48 -1.41 -4.27 -2.48 0.18
conv5 49 -6.47 -3.45 -1.03 -0.83
conv5 50 -5.10 -5.02 -0.69 1.98
conv5 51 -6.59 3.59 -3.81 -1.85
conv5 52 -2.52 -3.08 -1.93 5.12
conv5 53 0.95 -2.94 8.61 -4.05
conv5 54 1.63 2.68 -1.53 -3.79
conv5 55 2.36 1.05 -3.25 -2.04
conv5 56 3.57 -1.63 -6.91 1.49
conv5 57 -1.81 -5.64 -2.20 4.47
conv5 58 -4.01 0.50 -2.22 -2.20
conv5 59 -6.15 -1.75 1.79 -2.48
conv5 60 -4.31 0.97 -0.67 -4.07
conv5 61 -0.99 -5.02 -2.24 -1.23
conv5 62 -5.91 2.16 7.14 -1.07
conv5 63 -2.22 -3.49 -3.00 -3.59
conv6 0 -5.16 -2.51 -3.13 -2.41
conv6 1 -2.34 -2.75 -1.55 -2.20
conv6 2 -4.78 3.28 -0.79 -7.63
conv6 3 -1.70 -0.05 0.91 -2.92
conv6 4 -4.95 -5.07 -0.29 -1.15
conv6 5 2.01 -7.34 -4.02 -2.87
conv6 6 -10.30 -8.34 -4.57 -1.17
conv6 7 -1.86 -6.41 -3.51 -1.65
conv6 8 -3.20 -3.80 1.58 0.26
conv6 9 -5.33 -2.87 -0.19 -1.20
conv6 10 2.27 -4.47 -7.41 -2.87
conv6 11 -1.94 -1.10 2.75 1.15
conv6 12 3.23 -2.22 -4.11 -0.67
conv6 13 -9.13 -7.36 -2.75 -1.22
conv6 14 2.15 -4.49 -9.20 -0.57
conv6 15 -2.03 -4.92 -2.75 -4.23
conv6 16 -0.84 -2.03 -4.47 -4.92
conv6 17 -5.43 -10.78 -2.44 6.89
conv6 18 3.54 0.79 -5.79 -3.87
conv6 19 3.11 0.72 -14.25 -2.68
conv6 20 -5.26 -1.91 -1.55 -4.61
conv6 21 -2.32 -5.00 -4.69 -3.06
conv6 22 -3.59 -2.32 -4.95 -2.15
conv6 23 -4.28 -3.42 -3.87 -4.23
conv6 24 -2.89 -0.43 -2.75 -5.33
conv6 25 -3.66 -5.28 -3.49 2.03
conv6 26 -9.28 -4.83 -2.15 2.01
conv6 27 -4.81 -5.95 -0.53 -2.87
conv6 28 -4.18 -2.27 -3.59 -3.39
conv6 29 -8.49 -0.26 0.74 -7.77
conv6 30 -3.13 -0.14 2.61 -5.59
conv6 31 -5.81 -3.18 -12.02 -4.66
conv6 32 6.53 -6.36 -3.75 1.84
conv6 33 -1.36 -12.00 -4.81 -3.39
conv6 34 -6.50 -3.32 -2.34 -3.28
conv6 35 -2.03 -1.10 -3.61 -12.34
conv6 36 -4.26 -4.47 -2.68 -0.14
conv6 37 -0.45 -0.81 -5.14 -3.75
conv6 38 -1.00 -1.72 -4.02 -6.77
conv6 39 -6.98 -1.43 -1.82 -5.45
conv6 40 -5.81 -0.65 -0.22 -6.74
conv6 41 -7.82 -3.44 -0.84 -3.80
conv6 42 -7.46 -6.74 3.44 6.24
conv6 43 -3.54 0.55 -2.84 -5.21
conv6 44 -1.10 1.77 -6.14 -6.69
conv6 45 -1.94 -2.61 -1.05 -2.41
conv6 46 1.70 -0.05 -4.66 -3.25
conv6 47 -1.00 -4.16 -5.55 0.69
conv6 48 -1.22 -5.88 -3.83 -2.89
conv6 49 -1.86 3.47 -3.23 -7.63
conv6 50 -3.66 -5.09 -3.30 0.88
conv6 51 2.44 -1.15 -5.81 -0.79
conv6 52 4.21 -6.48 -1.94 -1.00
conv6 53 -4.45 -1.31 -0.29 -2.01
conv6 54 2.49 -2.80 -4.11 -2.94
conv6 55 -5.47 -0.00 -3.63 -2.53
conv6 56 1.17 -1.03 -5.76 -7.32
conv6 57 3.04 0.41 -5.33 -2.84
conv6 58 -1.31 -2.34 -2.89 0.12
conv6 59 1.10 0.65 -6.69 -2.84
conv6 60 -1.05 0.79 2.73 -5.24
conv6 61 -4.92 4.45 0.02 -5.90
conv6 62 -7.89 2.44 -0.57 -0.33
conv6 63 -0.67 -2.53 -1.05 0.31
conv6 64 -5.47 -0.93 2.01 -7.41
conv6 65 -6.96 -1.58 5.26 -3.16
conv6 66 -2.56 0.10 -1.94 -2.41
conv6 67 -8.53 -4.61 3.13 -2.75
conv6 68 -6.00 -7.24 -2.37 -0.05
conv6 69 -2.75 -3.68 -5.81 -8.77
conv6 70 4.11 3.59 -6.50 -5.31
conv6 71 -1.65 4.52 -1.67 -2.70
conv6 72 -3.42 -1.96 -2.84 -7.77
conv6 73 -2.25 -2.03 -3.85 -3.85
conv6 74 -4.69 -4.71 -5.67 -0.98
conv6 75 -6.53 -2.87 -6.22 -2.44
conv6 76 3.18 -8.01 -5.33 4.45
conv6 77 0.88 -2.56 -9.16 -1.82
conv6 78 -4.47 -2.20 -4.37 -2.56
conv6 79 -1.67 -2.70 1.24 -0.88
conv6 80 -3.92 -9.54 -3.01 -1.22
conv6 81 -2.84 -2.25 0.38 0.05
conv6 82 -1.98 -2.44 -3.18 -4.52
conv6 83 -5.98 -4.54 -2.13 -2.13
conv6 84 6.07 4.97 -5.00 -3.42
conv6 85 -3.23 2.73 -6.17 -7.67
conv6 86 -1.31 -4.23 -3.08 -1.98
conv6 87 -1.94 3.04 -5.14 -6.96
conv6 88 -1.91 -8.44 -1.75 3.63
conv6 89 1.51 -2.53 -5.93 -0.41
conv6 90 -3.42 -3.75 -9.28 -3.97
conv6 91 -2.92 0.17 -2.10 -4.11
conv6 92 2.32 -7.46 -3.37 0.26
conv6 93 -3.68 -2.87 -11.45 -1.67
conv6 94 -5.09 -0.29 -0.48 -7.53
conv6 95 -0.02 -2.84 -5.67 -0.65
conv6 96 -2.25 -3.39 -4.81 -4.45
conv6 97 -5.21 0.79 0.57 -6.98
conv6 98 -2.44 -1.77 -6.10 -2.99
conv6 99 -6.05 3.13 2.49 -6.81
conv6 100 -4.02 -2.94 -6.02 -3.16
conv6 101 -2.15 -4.47 -4.30 2.75
conv6 102 -10.38 3.37 3.44 -5.81
conv6 103 2.65 -4.61 -6.53 -0.79
conv6 104 1.94 -6.53 -4.71 1.03
conv6 105 -2.94 -5.62 -1.22 -1.20
conv6 106 -5.16 -0.24 -2.87 -3.30
conv6 107 -5.59 -8.01 3.08 1.98
conv6 108 -2.13 -6.53 -5.90 -1.65
conv6 109 -2.03 -1.41 -1.84 -5.64
conv6 110 2.20 -2.49 -6.26 -0.96
conv6 111 -2.94 -6.81 -3.25 -2.32
conv6 112 -2.58 -4.71 -1.36 -0.88
conv6 113 -1.55 -9.51 2.94 -1.86
conv6 114 -6.79 -7.91 -2.61 -3.51
conv6 115 -1.67 -2.65 -4.57 -1.70
conv6 116 -2.63 -1.27 -4.30 -5.26
conv6 117 -3.37 -3.11 -2.82 -5.40
conv6 118 -1.77 -4.16 -8.44 -1.96
conv6 119 3.01 -3.25 -5.33 -1.22
conv6 120 -6.81 -3.04 4.61 -0.79
conv6 121 -2.49 -3.32 -2.56 -2.01
conv6 122 -1.55 -6.69 -3.04 -2.10
conv6 123 -0.45 -4.78 -4.33 -4.23
conv6 124 -0.10 -3.47 -4.73 0.31
conv6 125 2.08 0.53 -6.14 -6.29
conv6 126 -2.92 -1.10 -1.12 -0.67
conv6 127 -5.31 -0.22 0.65 -3.66
conv7 0 -1.88 -0.38 -1.79 -6.75
conv7 1 -0.66 3.42 -4.40 -2.58
conv7 2 -6.63 5.59 1.79 -9.23
conv7 3 -3.77 -3.96 3.93 -0.60
conv7 4 -5.75 4.21 -3.64 -3.55
conv7 5 -7.13 -3.30 7.73 -0.69
conv7 6 2.45 -2.07 -3.52 -0.57
conv7 7 -1.85 -2.95 -2.64 -3.11
conv7 8 -2.48 -3.55 -4.99 -9.99
conv7 9 -3.02 -10.08 -1.98 -2.67
conv7 10 1.29 -0.82 -2.83 3.89
conv7 11 -0.31 -3.58 -6.82 -1.92
conv7 12 -2.95 -5.02 -11.21 6.12
conv7 13 -2.89 -1.16 1.04 -0.38
conv7 14 -1.04 4.96 -0.94 -4.21
conv7 15 -5.97 -4.55 -1.13 2.45
conv7 16 -9.48 -1.04 0.63 -2.89
conv7 17 -5.43 -3.71 6.94 -3.20
conv7 18 -3.14 -3.14 11.21 5.15
conv7 19 -4.08 -5.09 -3.64 7.69
conv7 20 9.11 -5.46 -5.21 -4.18
conv7 21 -3.99 0.53 -2.58 -6.16
conv7 22 -1.19 -11.27 -1.79 0.41
conv7 23 -3.64 -5.34 -4.55 3.89
conv7 24 -0.41 -15.11 -2.20 -0.97
conv7 25 -8.70 -4.52 6.34 -5.21
conv7 26 -8.42 -6.47 -0.60 -6.69
conv7 27 -2.36 -3.71 -5.65 -18.03
conv7 28 0.88 -2.26 -19.47 2.42
conv7 29 -3.08 3.71 -5.65 -3.49
conv7 30 2.32 0.41 -3.49 -0.97
conv7 31 0.85 -1.48 -4.27 -3.61
conv7 32 -1.07 -6.60 -0.91 -2.17
conv7 33 -2.10 -1.38 -1.13 -10.24
conv7 34 -10.43 -5.03 -2.98 -2.26
conv7 35 -5.09 -2.95 -2.14 -5.97
conv7 36 -12.59 -2.73 7.41 -0.85
conv7 37 -4.24 -3.27 -2.54 -9.39
conv7 38 3.14 0.53 -2.67 -2.29
conv7 39 -1.54 -2.01 -1.51 -2.04
conv7 40 -8.54 2.26 -2.83 -3.20
conv7 41 -21.26 8.86 -2.36 -3.67
conv7 42 -5.24 -7.57 1.82 2.58
conv7 43 -1.57 -0.88 -8.76 -5.34
conv7 44 -2.39 -3.55 0.50 0.28
conv7 45 -1.35 -13.10 -2.98 6.09
conv7 46 -0.44 -0.97 0.22 -0.82
conv7 47 3.55 -1.63 -4.27 -1.10
conv7 48 -6.69 -5.97 -1.22 -3.74
conv7 49 -3.36 -0.03 -5.94 -2.61
conv7 50 -2.36 4.11 -3.74 -6.06
conv7 51 3.52 -3.93 -8.17 -4.30
conv7 52 -7.13 7.98 5.75 -6.91
conv7 53 0.41 -2.39 -9.70 -11.78
conv7 54 -1.88 1.38 -1.48 -3.67
conv7 55 -1.13 -1.51 5.97 -5.90
conv7 56 3.33 4.27 -7.91 -8.92
conv7 57 -11.24 -4.43 -0.28 -6.91
conv7 58 -1.82 1.60 0.28 2.51
conv7 59 -2.70 -2.64 -5.12 -5.68
conv7 60 -11.15 -3.45 -0.63 -0.69
conv7 61 -12.56 4.49 4.21 -1.79
conv7 62 -1.13 7.88 0.31 -7.44
conv7 63 -2.10 -5.62 -5.18 1.82
conv7 64 -2.73 -0.09 -4.59 -1.57
conv7 65 -3.71 -3.49 -2.20 -0.06
conv7 66 2.70 1.54 -1.26 -1.70
conv7 67 6.09 -0.63 -4.74 0.13
conv7 68 -5.15 -0.03 -1.88 -6.91
conv7 69 -2.17 -4.21 -3.20 1.10
conv7 70 0.35 -4.37 2.04 3.05
conv7 71 -1.22 -0.35 0.69 -6.22
conv7 72 -3.83 2.36 -4.96 -4.18
conv7 73 -13.91 -2.32 -2.45 -0.57
conv7 74 -5.06 -1.88 -1.41 2.45
conv7 75 7.57 -4.84 -12.37 1.95
conv7 76 -1.57 -4.21 0.00 -2.26
conv7 77 0.57 -2.89 -6.69 1.60
conv7 78 -3.64 0.13 -7.22 -12.69
conv7 79 -1.26 1.35 -3.45 -3.64
conv7 80 -10.46 -5.56 0.31 -0.50
conv7 81 5.46 -4.81 -1.88 -2.67
conv7 82 -1.29 -0.38 -1.04 -5.65
conv7 83 -1.32 6.28 -1.26 -14.29
conv7 84 -6.34 -4.55 -3.36 -3.99
conv7 85 -2.95 -2.95 4.71 2.29
conv7 86 -3.45 -4.05 -2.04 -5.46
conv7 87 -2.32 -2.23 0.03 -1.63
conv7 88 -1.44 -1.04 -5.46 -0.25
conv7 89 -1.79 0.53 -0.22 -6.16
conv7 90 -3.30 -2.42 2.07 -7.00
conv7 91 -0.75 -4.40 -7.60 -6.85
conv7 92 -1.60 -2.92 -2.76 1.22
conv7 93 -0.66 -2.48 -1.19 -2.07
conv7 94 -15.17 -18.00 -0.09 -5.59
conv7 95 -3.77 -1.79 1.82 -2.45
conv7 96 -6.00 -9.64 3.45 6.03
conv7 97 3.14 -3.33 -6.85 -0.28
conv7 98 -3.61 -5.84 -13.94 3.42
conv7 99 -6.69 -2.01 -0.72 -2.86
conv7 100 -3.23 -2.23 -5.28 -4.96
conv7 101 0.88 -4.40 -1.35 -2.54
conv7 102 -1.76 -2.20 -2.80 -2.26
conv7 103 1.95 -2.01 -6.44 -2.83
conv7 104 -1.32 -6.06 -2.01 -0.57
conv7 105 -6.34 7.07 -7.41 -5.02
conv7 106 8.26 -0.63 -10.33 -4.55
conv7 107 1.22 -2.23 -7.29 -12.59
conv7 108 -1.38 -1.82 -1.85 -10.77
conv7 109 -0.82 -16.74 1.70 -3.61
conv7 110 -4.49 -10.36 -0.31 -2.07
conv7 111 -5.12 -1.60 -1.63 -2.76
conv7 112 -2.86 -3.64 -0.28 6.19
conv7 113 5.15 4.05 -3.61 -6.97
conv7 114 -6.41 -0.69 0.31 -8.79
conv7 115 -0.60 -5.43 -2.95 3.27
conv7 116 -5.59 1.07 0.09 -4.21
conv7 117 -0.31 -8.29 0.88 1.01
conv7 118 -0.72 -4.68 -5.62 -11.15
conv7 119 4.84 4.33 -3.61 -3.42
conv7 120 -1.98 -2.80 -3.14 0.38
conv7 121 -0.28 0.44 5.12 0.63
conv7 122 2.98 -4.81 -6.44 2.80
conv7 123 -8.67 -4.37 -2.42 -1.04
conv7 124 -0.53 0.03 0.06 -6.12
conv7 125 -2.23 -2.26 -0.94 0.28
conv7 126 -3.42 -2.20 -1.16 5.37
conv7 127 -2.58 -2.32 1.95 -4.37
conv8 0 -11.01 -5.04 -5.34 -5.70
conv8 1 -7.05 -5.85 -6.97 -5.58
conv8 2 -6.71 -2.96 -2.32 -10.28
conv8 3 -6.07 -7.18 -8.89 -4.66
conv8 4 -6.93 -5.89 -5.60 -6.07
conv8 5 -1.73 -6.43 -5.97 -11.03
conv8 6 -7.66 -8.36 -6.07 -1.37
conv8 7 -7.76 -6.31 -6.09 -6.05
conv8 8 -4.72 -10.48 -7.82 -3.45
conv8 9 -5.10 -6.07 0.02 -13.34
conv8 10 -6.89 -5.26 -9.27 -9.90
conv8 11 -1.55 -6.31 -9.01 -8.73
conv8 12 -10.90 -10.80 -4.76 -6.83
conv8 13 -6.83 -5.44 -6.09 -8.71
conv8 14 -9.05 -10.08 -5.68 -4.84
conv8 15 -6.79 -7.22 -4.11 -8.06
conv8 16 -11.77 -5.95 -2.52 -7.44
conv8 17 -10.64 -7.86 -0.91 -4.62
conv8 18 -1.09 -13.40 -5.74 -6.03
conv8 19 -5.52 -4.09 -8.34 -12.13
conv8 20 -6.15 -5.06 -1.96 -13.00
conv8 21 -9.17 -6.19 -1.39 -5.64
conv8 22 -7.50 -6.89 -4.72 1.21
conv8 23 -4.33 -7.84 -3.49 -3.18
conv8 24 -6.77 -14.25 -5.70 -6.69
conv8 25 -10.12 -7.24 -3.61 -3.00
conv8 26 -6.15 -3.10 -4.03 -8.61
conv8 27 -7.05 3.02 -5.32 -8.24
conv8 28 -11.99 -9.19 -4.52 -3.93
conv8 29 -14.15 -13.02 -5.16 -4.01
conv8 30 -5.14 -9.27 -8.51 -6.27
conv8 31 -6.85 -5.70 -6.79 -6.77
conv8 32 -8.47 -8.34 -4.80 -6.81
conv8 33 -5.58 -7.94 -5.36 -7.03
conv8 34 -6.17 -5.83 -5.36 -8.18
conv8 35 -10.12 -4.09 -10.60 -5.58
conv8 36 -8.81 -7.46 -0.50 -5.24
conv8 37 -4.76 -17.37 -6.57 -4.88
conv8 38 -7.64 -6.57 -3.95 -7.56
conv8 39 -4.70 -5.97 -6.25 -5.97
conv8 40 -10.28 -6.43 -5.12 -6.75
conv8 41 -5.70 -5.83 -4.84 -13.02
conv8 42 -8.49 -8.87 -4.60 -5.44
conv8 43 -5.48 -7.62 -4.23 -3.43
conv8 44 -5.58 -6.81 -6.49 -10.66
conv8 45 -6.25 -9.25 -5.97 -2.68
conv8 46 -5.12 -11.03 -8.71 -5.64
conv8 47 -5.62 -6.67 -5.04 -5.24
conv8 48 -7.90 -8.43 -2.18 0.06
conv8 49 -5.16 -6.59 -7.46 -9.31
conv8 50 -6.87 -9.37 -6.29 -5.66
conv8 51 -2.86 -6.45 -7.58 -7.82
conv8 52 -7.34 -3.00 -1.91 -9.96
conv8 53 -6.81 -6.13 -4.49 5.24
conv8 54 -2.94 -13.28 -6.99 -5.91
conv8 55 -7.54 -6.37 -3.63 4.25
conv8 56 -2.84 -3.12 -9.19 -10.10
conv8 57 -10.30 -11.29 -7.64 -5.28
conv8 58 -3.53 -12.28 -8.20 -4.43
conv8 59 -5.36 -8.45 -6.07 -6.33
conv8 60 -7.48 -10.50 -5.81 -3.79
conv8 61 -6.05 -8.79 -7.32 -5.76
conv8 62 -5.10 -3.29 -10.14 -5.44
conv8 63 -11.21 -7.86 -6.57 0.16
conv8 64 -7.48 -5.18 -5.74 -10.99
conv8 65 -7.50 -8.26 -0.85 -5.50
conv8 66 -6.87 -6.79 -8.93 -6.39
conv8 67 -0.89 -5.64 -6.03 -4.88
conv8 68 -9.68 -5.83 -3.87 -5.00
conv8 69 -8.45 -5.99 -2.86 -9.78
conv8 70 -10.88 -6.17 -5.54 -6.69
conv8 71 -9.55 -6.77 -6.79 -5.80
conv8 72 -8.08 -4.52 -1.61 -10.62
conv8 73 -7.82 -7.42 -7.07 -9.61
conv8 74 -5.06 -13.20 -7.10 -6.01
conv8 75 -1.13 -6.71 -11.07 -6.35
conv8 76 -6.69 -5.83 -9.35 -8.65
conv8 77 -9.39 -7.24 -6.65 -1.11
conv8 78 -7.46 -6.07 -0.79 -5.81
conv8 79 -5.20 -5.16 -4.84 -1.79
conv8 80 -5.99 -6.31 -8.26 -6.33
conv8 81 -10.04 -4.98 -5.89 -9.59
conv8 82 -4.90 -1.09 -7.32 -8.95
conv8 83 -4.76 -3.18 -6.89 -13.02
conv8 84 2.18 -6.93 -5.83 -7.48
conv8 85 -4.74 -5.16 -14.96 -5.06
conv8 86 -5.36 -5.74 -7.94 -4.23
conv8 87 -6.21 -7.24 -7.16 -5.58
conv8 88 -4.01 -4.56 -8.08 -9.15
conv8 89 -2.92 -6.95 -2.06 -1.19
conv8 90 -6.39 -7.03 -5.10 -5.20
conv8 91 -5.78 -6.65 -10.26 -6.11
conv8 92 -3.29 -6.65 -6.55 -10.42
conv8 93 -2.24 -4.74 -8.81 -7.98
conv8 94 -4.68 -13.06 -5.97 -5.89
conv8 95 -2.82 -5.22 -4.70 -7.80
conv8 96 -9.25 -8.79 -4.54 -2.98
conv8 97 -5.72 -9.09 -3.29 -1.11
conv8 98 -12.17 -5.06 -4.49 -12.30
conv8 99 -6.49 -10.96 -6.59 -5.46
conv8 100 -6.65 -10.02 -6.75 -2.96
conv8 101 -6.61 -5.95 -5.06 -7.74
conv8 102 -5.62 -10.06 -5.50 5.22
conv8 103 -4.70 -7.12 -7.32 -6.01
conv8 104 -9.74 -0.44 -5.72 -5.81
conv8 105 -6.75 -19.53 -5.70 -5.89
conv8 106 -1.49 -7.42 -11.99 -5.74
conv8 107 -7.36 -10.20 -10.66 -4.43
conv8 108 -5.52 -4.17 -5.22 -10.42
conv8 109 -5.12 -13.87 -10.54 -6.07
conv8 110 -12.54 -6.25 -3.71 -10.40
conv8 111 -4.17 -1.19 -10.28 -6.19
conv8 112 -6.35 -5.85 -6.85 -6.33
conv8 113 -3.95 -5.93 -9.80 -7.36
conv8 114 -3.53 -9.21 -8.34 -7.20
conv8 115 -12.48 -7.34 -3.12 -2.94
conv8 116 -5.80 -7.42 -8.91 -7.40
conv8 117 -3.91 -8.04 -7.62 -9.11
conv8 118 -9.31 -5.12 -9.11 -8.71
conv8 119 -14.69 -5.24 -3.73 -5.70
conv8 120 -6.05 -5.50 -6.17 -7.56
conv8 121 -4.86 -6.25 -1.47 -12.38
conv8 122 -5.56 -6.51 -9.57 -8.34
conv8 123 -7.14 -7.40 -2.02 -5.14
conv8 124 -5.95 -9.96 -10.50 -5.70
conv8 125 -10.02 -6.01 -2.78 -7.66
conv8 126 -5.20 -5.81 -5.04 -11.53
conv8 127 -6.77 -5.74 -6.29 -7.90
conv9 0 -3.58 0.51 -2.68 -5.72
conv9 1 0.62 -1.67 -4.67 -2.61
conv9 2 -5.29 -2.72 4.28 -7.70
conv9 3 16.69 0.04 5.06 -0.74
conv9 4 -12.10 -8.99 1.09 0.12
conv9 5 -6.58 -7.12 7.55 3.73
conv9 6 1.32 6.46 1.40 -2.96
conv9 7 -3.46 -3.19 -6.89 -2.84
conv9 8 0.19 9.57 -5.33 -10.12
conv9 9 -0.51 2.53 -5.21 -4.98
conv9 10 -1.79 0.82 -2.72 -8.48
conv9 11 -6.61 1.91 -3.77 -9.26
conv9 12 -0.35 -1.87 -5.60 -1.91
conv9 13 -17.27 -10.15 1.63 -1.36
conv9 14 -4.98 -3.15 -2.14 2.61
conv9 15 4.44 -5.02 3.27 -2.22
conv9 16 -7.47 -4.44 -1.13 1.05
conv9 17 -2.84 -2.14 -4.40 -3.85
conv9 18 -12.92 4.59 2.02 -4.71
conv9 19 1.17 -3.11 -6.58 -4.98
conv9 20 3.50 -0.97 -0.12 -3.27
conv9 21 11.21 11.52 -3.50 0.19
conv9 22 5.06 -3.27 -5.10 -1.44
conv9 23 -3.00 -6.85 -1.60 7.63
conv9 24 7.82 -14.12 4.67 -5.72
conv9 25 -8.48 0.78 3.58 0.23
conv9 26 -3.19 -3.70 1.25 -0.93
conv9 27 -3.50 -13.42 -5.33 1.63
conv9 28 2.84 3.46 -3.66 1.98
conv9 29 -0.43 1.71 -4.32 -3.23
conv9 30 -6.11 -2.18 -7.66 -3.31
conv9 31 -4.59 -13.31 -1.87 7.16
conv9 32 -4.20 -4.55 -5.21 -1.09
conv9 33 -7.63 -0.78 2.33 -5.68
conv9 34 -18.40 0.58 -1.63 -2.18
conv9 35 2.26 -10.27 -6.34 10.43
conv9 36 -11.28 7.51 4.32 -8.09
conv9 37 -0.74 2.61 -6.03 4.16
conv9 38 -1.75 7.90 0.43 -6.23
conv9 39 3.31 5.87 -5.60 -11.71
conv9 40 -6.89 -4.05 1.75 -7.70
conv9 41 -2.33 -0.31 -1.28 -12.96
conv9 42 6.61 -3.54 -8.36 -3.23
conv9 43 -2.06 -8.95 2.65 3.11
conv9 44 -1.01 -10.47 -5.95 -0.35
conv9 45 5.72 -3.74 -9.18 2.84
conv9 46 -7.00 0.70 0.19 -8.52
conv9 47 -9.84 -0.35 6.77 -11.01
conv9 48 -10.78 -9.45 -2.65 -3.46
conv9 49 -1.32 6.38 -0.43 -2.06
conv9 50 8.72 -4.40 -9.65 -2.92
conv9 51 2.92 -7.70 -2.02 6.81
conv9 52 -4.51 -4.12 -3.15 -12.29
conv9 53 5.37 5.64 -7.78 -11.63
conv9 54 -2.61 -5.37 -0.47 0.86
conv9 55 -11.59 1.95 4.24 -2.76
conv9 56 -0.47 8.33 -2.06 -2.88
conv9 57 -0.86 -12.37 -3.15 -5.25
conv9 58 -13.89 -4.86 9.18 -6.11
conv9 59 -6.65 -4.32 -3.11 2.10
conv9 60 3.42 -5.68 -8.56 -0.78
conv9 61 -4.05 -5.45 -1.05 -0.70
conv9 62 11.40 -7.70 -13.50 -5.10
conv9 63 -0.43 -1.48 -2.53 -1.79
conv9 64 -2.33 -1.98 -0.47 -5.17
conv9 65 -4.44 -7.16 -6.38 7.20
conv9 66 3.07 0.66 -8.05 5.14
conv9 67 0.12 -2.49 -10.19 -5.76
conv9 68 5.76 -7.04 -3.70 -1.75
conv9 69 -2.26 1.60 -7.20 -1.48
conv9 70 -4.86 2.68 -3.03 0.66
conv9 71 9.80 -3.81 -10.66 3.03
conv9 72 4.05 -11.56 -5.72 1.60
conv9 73 -8.75 3.35 1.75 -9.61
conv9 74 -3.58 -10.70 -2.72 8.05
conv9 75 -2.84 3.46 -6.26 -4.40
conv9 76 -1.32 -3.31 1.98 -0.86
conv9 77 -2.53 0.86 -3.74 1.71
conv9 78 6.34 -0.74 -9.69 -3.42
conv9 79 -0.27 0.58 -4.98 -4.24
conv9 80 -1.01 4.16 -0.12 -10.82
conv9 81 -6.89 5.68 -3.27 -11.94
conv9 82 -3.70 -2.53 -9.61 -2.88
conv9 83 -10.93 -3.58 -1.71 5.95
conv9 84 -6.38 -1.28 -1.71 -3.97
conv9 85 8.83 -3.58 -9.30 1.83
conv9 86 -8.33 0.43 1.17 -6.93
conv9 87 -1.95 -2.84 -10.47 -0.35
conv9 88 6.85 -4.90 -11.13 -3.66
conv9 89 -11.28 5.17 -3.42 -6.23
conv9 90 -9.38 6.03 6.38 -5.17
conv9 91 6.46 6.19 -4.24 -3.07
conv9 92 0.04 3.46 -4.67 -4.79
conv9 93 -1.36 7.98 1.44 -7.55
conv9 94 -4.36 -0.78 -1.32 0.78
conv9 95 -5.10 -17.12 -3.11 5.56
conv9 96 -3.31 1.21 -5.99 -8.13
conv9 97 9.07 -11.05 -0.51 -5.72
conv9 98 -5.84 -15.06 -3.19 2.96
conv9 99 -2.10 -3.70 -4.55 -6.54
conv9 100 5.10 1.21 -7.66 -7.16
conv9 101 -9.84 8.29 3.42 -10.54
conv9 102 0.86 -1.36 -4.28 -2.30
conv9 103 -4.55 6.61 -6.42 -11.56
conv9 104 3.81 -5.02 -7.16 2.96
conv9 105 -2.33 -3.19 -2.65 -10.78
conv9 106 -1.52 -4.12 0.54 -2.33
conv9 107 1.63 8.36 -6.93 -7.98
conv9 108 -7.59 -19.38 -3.93 -7.20
conv9 109 -0.27 5.25 -15.37 -3.15
conv9 110 3.23 -4.28 -5.72 -1.05
conv9 111 0.31 5.56 -4.67 -9.61
conv9 112 5.84 -13.23 -11.40 6.89
conv9 113 -2.02 -2.76 -4.28 -2.41
conv9 114 11.83 4.40 -4.44 -8.60
conv9 115 -11.52 12.49 -4.32 6.34
conv9 116 -1.75 -1.05 -6.03 -2.84
conv9 117 -6.38 4.47 1.71 -6.38
conv9 118 -2.45 -3.54 -6.38 -3.19
conv9 119 -1.71 -7.20 -4.16 -4.67
conv9 120 4.28 -0.19 -5.99 -2.41
conv9 121 2.65 7.94 -0.54 -1.67
conv9 122 -5.06 -7.35 3.35 7.31
conv9 123 -16.96 -5.37 6.73 -2.72
conv9 124 -9.53 12.26 4.32 -11.63
conv9 125 -10.58 10.47 -4.44 -0.47
conv9 126 -1.91 -2.14 -3.62 -7.31
conv9 127 -3.85 -2.02 0.74 -3.11
conv10 0 -7.38 -12.85 -4.69 -1.02
conv10 1 -3.90 -1.21 -16.52 3.20
conv10 2 3.06 4.41 0.74 -1.86
conv10 3 -2.46 -6.78 0.14 8.45
conv10 4 -1.16 -8.40 -10.07 -0.60
conv10 5 3.29 -2.00 0.28 -1.39
conv10 6 -2.18 6.08 -4.04 -9.56
conv10 7 -0.88 0.23 -1.30 4.13
conv10 8 -0.46 -1.44 -3.43 0.37
conv10 9 -4.13 -0.46 -11.18 4.55
conv10 10 -0.51 -1.21 -5.89 6.96
conv10 11 -4.64 0.79 -12.76 -1.48
conv10 12 7.61 -14.20 -6.08 -6.87
conv10 13 -16.57 -4.83 3.11 8.68
conv10 14 4.59 -5.57 -1.86 6.36
conv10 15 0.14 5.06 -2.00 -4.41
conv10 16 -7.75 2.37 4.64 -8.31
conv10 17 -3.39 -0.60 4.83 2.78
conv10 18 -1.30 -4.97 1.48 7.61
conv10 19 0.46 -8.77 -7.05 12.48
conv10 20 1.72 -12.72 -2.18 0.70
conv10 21 -9.33 1.39 11.32 0.60
conv10 22 -2.13 -2.65 -1.35 12.90
conv10 23 -1.11 1.53 4.41 2.83
conv10 24 -3.71 0.70 -0.88 -0.32
conv10 25 0.19 0.88 8.54 -6.91
conv10 26 -2.46 6.31 0.79 -5.48
conv10 27 -4.69 -8.91 1.35 6.13
conv10 28 -6.03 0.14 -1.58 -0.88
conv10 29 -2.18 -1.95 -2.65 1.44
conv10 30 -5.01 3.20 5.20 0.60
conv10 31 -6.82 -1.72 -2.18 -9.98
conv10 32 -0.42 3.62 -3.99 -9.70
conv10 33 -1.90 -2.78 5.06 6.91
conv10 34 -4.41 -1.35 -1.07 -7.38
conv10 35 -1.39 -4.04 -3.53 -4.46
conv10 36 -23.34 -3.11 -2.88 -4.69
conv10 37 -2.00 -3.39 -5.66 9.42
conv10 38 -0.56 -2.55 7.84 -7.19
conv10 39 -0.00 -2.46 -5.62 -1.72
conv10 40 -5.89 -3.71 8.03 2.00
conv10 41 3.48 -12.81 1.53 -2.65
conv10 42 -3.43 1.11 -3.71 3.57
conv10 43 0.65 -16.24 10.16 7.47
conv10 44 -4.36 -3.20 0.70 11.65
conv10 45 -3.62 -1.11 0.28 13.92
conv10 46 -6.08 -2.83 12.25 2.46
conv10 47 -14.94 2.04 4.27 -13.13
conv10 48 6.96 7.56 -2.83 -2.27
conv10 49 -12.53 0.05 -9.05 -2.23
conv10 50 1.16 3.53 -4.78 -3.11
conv10 51 9.65 -9.00 -6.73 0.56
conv10 52 -3.39 13.37 -0.32 -9.56
conv10 53 -3.02 -4.36 5.20 8.59
conv10 54 -0.56 0.46 -4.36 -6.22
conv10 55 -1.07 -1.21 5.06 7.70
conv10 56 -0.28 4.36 -4.32 -7.56
conv10 57 18.56 -4.73 -4.87 1.62
conv10 58 -11.56 -2.60 4.92 4.13
conv10 59 -4.13 -1.07 1.44 -4.87
conv10 60 -12.25 -1.72 -0.51 7.94
conv10 61 -2.69 -3.43 -6.31 2.00
conv10 62 -2.55 12.34 -0.60 -5.24
conv10 63 0.51 -7.29 -2.46 14.43
conv10 64 -1.07 7.01 -1.72 -6.59
conv10 65 -14.11 -10.40 9.33 0.19
conv10 66 -6.22 5.38 2.74 1.58
conv10 67 -4.32 -24.83 -1.76 3.57
conv10 68 -4.64 -7.24 -1.11 6.59
conv10 69 -9.19 12.39 -1.02 4.50
conv10 70 -3.57 -0.51 -0.19 1.48
conv10 71 2.18 -9.65 -5.43 2.46
conv10 72 9.51 -14.06 -0.14 -7.19
conv10 73 0.46 0.19 -10.21 1.58
conv10 74 -4.73 -11.69 -13.60 3.62
conv10 75 -12.02 -5.99 -11.65 -0.19
conv10 76 3.67 0.00 -2.00 -1.76
conv10 77 2.60 -0.23 1.72 -5.10
conv10 78 -0.84 -2.55 -6.68 8.12
conv10 79 -1.16 -4.64 0.79 0.60
conv10 80 -4.92 -3.11 2.60 -0.14
conv10 81 -6.50 0.37 -3.34 3.94
conv10 82 -1.16 -2.41 -9.14 -2.88
conv10 83 -5.10 0.37 20.56 0.32
conv10 84 3.06 -4.27 -5.75 1.16
conv10 85 -4.08 -12.53 0.09 -2.55
conv10 86 -7.84 2.55 3.34 -5.20
conv10 87 -1.16 1.67 -9.23 0.23
conv10 88 -1.62 1.11 -6.82 1.02
conv10 89 -0.46 -10.44 -5.48 6.50
conv10 90 -1.21 -3.29 -11.28 9.88
conv10 91 -4.83 -0.79 7.15 -3.29
conv10 92 -3.71 -3.99 -0.97 1.95
conv10 93 9.19 3.94 -8.72 5.71
conv10 94 1.25 3.62 1.44 -1.67
conv10 95 6.45 1.48 -3.53 5.34
conv10 96 1.35 -17.22 -2.13 14.71
conv10 97 -4.41 -7.56 -3.62 5.80
conv10 98 1.67 -20.23 -7.33 -7.05
conv10 99 -1.76 -2.83 -1.07 -0.23
conv10 100 -2.32 -1.44 -1.35 -1.07
conv10 101 -3.16 -2.00 -4.78 -6.73
conv10 102 -1.02 -21.16 -3.43 3.71
conv10 103 -3.11 0.46 -3.99 -6.03
conv10 104 -4.59 2.74 -5.48 -1.53
conv10 105 -13.69 -7.05 -0.19 1.25
conv10 106 22.09 5.06 -4.36 1.86
conv10 107 -3.34 -0.60 12.85 12.81
conv10 108 -3.53 -4.55 -1.02 11.23
conv10 109 4.83 -1.44 -10.30 -17.40
conv10 110 -10.91 -13.88 1.95 1.44
conv10 111 -6.59 -2.18 3.90 1.76
conv10 112 -1.90 -3.39 -15.59 6.22
conv10 113 12.53 5.38 -5.80 1.58
conv10 114 -0.00 -4.59 -8.21 7.61
conv10 115 -4.13 -6.91 9.65 7.15
conv10 116 -0.97 -6.13 -5.06 -2.83
conv10 117 1.95 -3.02 -2.92 -5.29
conv10 118 -8.40 -11.97 -4.92 -0.19
conv10 119 4.32 12.11 0.28 -1.86
conv10 120 -4.18 -0.60 0.37 -1.86
conv10 121 7.43 -5.62 -4.41 13.50
conv10 122 -5.38 1.07 1.95 -0.84
conv10 123 0.93 -1.81 -3.02 1.81
conv10 124 -4.55 -3.62 -0.37 -2.46
conv10 125 -0.42 -1.62 -12.99 -2.09
conv10 126 5.48 2.69 -4.87 -5.48
conv10 127 -2.04 -0.37 2.13 -6.17
conv11 0 -14.45 -10.89 -10.78 -8.89
conv11 1 -7.87 -8.57 -23.45 -1.83
conv11 2 -10.78 -19.19 -27.01 5.50
conv11 3 -8.68 -9.97 -14.61 -17.63
conv11 4 -12.67 13.80 -11.32 -8.84
conv11 5 7.71 -0.65 -12.45 -14.99
conv11 6 -11.75 -28.62 -11.37 2.37
conv11 7 -8.73 -12.45 -1.67 -28.09
conv11 8 -17.74 -9.97 -15.74 -7.49
conv11 9 -19.41 -6.63 -1.08 -17.90
conv11 10 -1.83 -8.52 -13.58 -16.23
conv11 11 -13.69 -8.52 -18.33 -17.79
conv11 12 3.99 6.47 -15.26 -12.83
conv11 13 -12.02 -4.74 -9.70 -20.92
conv11 14 -13.80 -14.39 -12.29 -12.83
conv11 15 -11.64 -9.33 -11.64 -20.16
conv11 16 -10.24 -9.54 -9.06 -26.68
conv11 17 -14.66 -19.41 -17.84 -10.51
conv11 18 -7.87 -11.00 -9.33 -6.52
conv11 19 -16.93 -9.86 -14.29 -13.58
conv11 20 -11.75 -11.59 4.15 -8.63
conv11 21 -9.70 -9.33 3.83 4.58
conv11 22 -5.50 -14.72 -26.63 -13.75
conv11 23 -13.69 -8.84 -6.85 -13.42
conv11 24 -6.36 -6.25 -22.32 -25.50
conv11 25 -10.84 -20.00 -9.81 -11.64
conv11 26 -8.09 -12.18 -12.40 -6.68
conv11 27 -13.58 -15.58 -9.16 -8.68
conv11 28 -8.46 -8.79 -19.30 -26.85
conv11 29 -20.59 10.40 -8.79 -22.80
conv11 30 -18.65 -5.50 -18.65 -16.17
conv11 31 -22.53 -4.26 0.16 -27.28
conv11 32 -10.57 -16.50 -13.31 4.26
conv11 33 -11.81 -7.92 -12.29 -12.45
conv11 34 -10.13 -10.46 -12.02 -10.30
conv11 35 -6.15 -5.98 -14.93 -12.02
conv11 36 -12.02 -8.30 -10.46 -13.69
conv11 37 3.45 7.22 -5.98 -9.86
conv11 38 -9.92 -11.59 -14.55 -28.84
conv11 39 -8.68 -5.71 -14.93 -19.24
conv11 40 -9.27 -10.89 -8.36 -14.66
conv11 41 -1.24 -18.44 -14.88 -3.77
conv11 42 -10.94 -7.55 -13.37 5.39
conv11 43 -2.37 -10.19 -2.26 -10.89
conv11 44 -10.73 -7.76 -8.46 -32.61
conv11 45 -16.98 -13.69 2.10 -10.57
conv11 46 -5.71 -10.51 -6.31 -2.96
conv11 47 -20.65 -11.97 17.20 -16.60
conv11 48 -11.81 -8.36 -13.21 -11.37
conv11 49 14.18 -21.13 -8.95 -4.64
conv11 50 -5.61 -5.93 -18.71 -15.79
conv11 51 -9.16 -12.07 -12.13 -28.46
conv11 52 -13.96 -11.97 -7.17 -0.59
conv11 53 -9.76 -8.03 -11.97 -13.85
conv11 54 -13.31 -10.19 -1.24 -18.60
conv11 55 -13.42 -13.42 -24.53 -31.21
conv11 56 -14.12 -11.16 -1.29 -11.86
conv11 57 -4.26 -7.49 -14.82 -21.29
conv11 58 -9.54 -10.84 -9.33 -13.10
conv11 59 -6.09 -23.45 -11.48 -10.51
conv11 60 -14.39 4.58 -13.69 -19.19
conv11 61 -7.82 -10.84 -11.97 -7.22
conv11 62 -9.33 -9.54 -16.55 -19.84
conv11 63 -7.28 -0.92 -17.25 -25.07
conv11 64 -10.40 -11.05 -12.13 -13.91
conv11 65 -9.49 -16.76 -11.32 -8.09
conv11 66 -14.39 -13.31 0.43 -2.21
conv11 67 -6.31 -10.19 -18.06 -16.33
conv11 68 -10.89 -14.12 -10.24 -6.79
conv11 69 -9.81 -19.73 -18.38 8.62
conv11 70 -9.11 -12.13 -12.78 -9.22
conv11 71 -15.15 -13.48 -2.05 -9.70
conv11 72 0.32 -0.22 -16.82 -26.14
conv11 73 -8.41 -9.86 -12.67 -9.06
conv11 74 -8.95 -9.81 -15.47 -25.39
conv11 75 -7.06 -11.10 -19.41 -31.86
conv11 76 -5.23 -11.81 -19.41 -9.33
conv11 77 -33.04 6.90 -15.90 -10.89
conv11 78 -7.39 -5.23 -14.39 -18.71
conv11 79 -33.69 -13.37 -18.11 -9.81
conv11 80 -11.70 -14.99 -18.81 1.46
conv11 81 -10.57 -11.81 -7.06 -9.92
conv11 82 -20.54 -9.43 -6.79 -20.75
conv11 83 -15.31 -15.20 -9.60 -8.03
conv11 84 -27.76 -1.67 -6.15 -11.21
conv11 85 -19.73 1.35 -13.91 -10.08
conv11 86 -10.84 -11.48 -11.59 -14.72
conv11 87 -14.88 -11.54 -8.57 -6.15
conv11 88 -8.95 -7.44 -24.53 -14.07
conv11 89 -11.81 -10.40 -18.87 -4.15
conv11 90 -2.80 -1.72 -7.06 -4.37
conv11 91 -15.09 -8.62 11.48 -18.44
conv11 92 -9.38 -9.97 -9.76 -12.51
conv11 93 -2.91 -8.79 -23.72 -18.54
conv11 94 -13.21 -13.48 -16.87 -12.83
conv11 95 -5.39 -19.35 -17.25 -10.24
conv11 96 -15.09 -5.44 -17.41 -6.58
conv11 97 -10.89 -8.41 2.80 -11.86
conv11 98 -10.51 -1.73 -16.87 -15.63
conv11 99 -9.00 -18.49 -11.10 -1.51
conv11 100 -16.76 -14.72 0.22 -11.37
conv11 101 -6.79 -8.19 -11.59 -25.07
conv11 102 -12.02 -10.62 2.91 3.67
conv11 103 -11.59 -24.58 -11.37 1.73
conv11 104 -8.25 -12.78 -18.49 -24.47
conv11 105 -11.32 -4.64 -8.57 -24.10
conv11 106 -8.46 -14.61 -14.39 -6.31
conv11 107 -8.09 -18.33 -13.21 -11.70
conv11 108 -15.69 -16.06 -7.12 -19.41
conv11 109 -5.01 -8.03 -18.54 -19.68
conv11 110 -12.72 -15.26 -15.04 -5.12
conv11 111 -9.65 -9.97 10.30 3.61
conv11 112 0.16 -13.75 -16.01 -6.04
conv11 113 -6.41 -10.67 -18.65 -15.04
conv11 114 -10.35 -15.26 -21.56 -16.66
conv11 115 -11.00 -10.62 -0.59 -10.08
conv11 116 -20.86 -24.15 -8.25 -4.37
conv11 117 11.16 -14.82 -9.06 -12.99
conv11 118 -1.08 -8.36 -11.43 -14.18
conv11 119 -16.50 -14.45 -6.20 -8.14
conv11 120 -12.99 -11.70 15.20 -5.66
conv11 121 -9.76 -7.82 -10.57 -14.23
conv11 122 -10.40 -10.62 -30.24 -2.86
conv11 123 -14.18 -10.62 -25.01 -13.69
conv11 124 -8.03 -7.76 -7.71 -14.23
conv11 125 -9.38 -9.33 -21.94 -23.72
conv11 126 -13.05 -12.99 7.49 -24.85
conv11 127 -14.07 -18.22 -11.27 -3.88
conv11 128 -22.53 -21.72 -1.24 -0.86
conv11 129 -7.17 -7.65 -12.24 -14.66
conv11 130 -12.83 -12.61 -6.74 -4.69
conv11 131 -11.16 -9.43 -21.56 -29.65
conv11 132 -16.12 -4.31 -12.40 -11.70
conv11 133 -13.96 -11.16 -22.48 -10.24
conv11 134 -9.38 -8.95 -21.02 -2.64
conv11 135 -5.12 -14.72 -19.19 -11.32
conv11 136 -14.77 -3.88 -9.00 -16.87
conv11 137 -6.47 -16.06 -19.57 -8.19
conv11 138 -12.29 -11.75 -9.38 -7.39
conv11 139 0.32 -19.35 -14.12 -12.61
conv11 140 -12.61 -17.47 -8.95 -17.30
conv11 141 -8.36 -11.91 -12.99 -11.37
conv11 142 -11.32 -0.70 -11.32 -18.97
conv11 143 -10.13 -8.57 -34.82 -6.79
conv11 144 -7.28 -39.89 -8.79 -15.36
conv11 145 -12.13 -10.78 -26.41 -10.51
conv11 146 -8.52 -7.98 -8.68 -18.60
conv11 147 -15.31 -16.82 -10.94 -12.83
conv11 148 -27.65 -25.39 -0.86 -8.14
conv11 149 -8.14 -13.48 9.27 -4.85
conv11 150 -9.86 -11.54 -12.40 -24.47
conv11 151 -13.85 -17.79 -9.22 -14.34
conv11 152 -10.46 -8.52 -4.58 -11.05
conv11 153 -28.57 -19.03 8.09 -9.86
conv11 154 -7.06 -8.84 -19.08 -8.30
conv11 155 -7.60 -4.37 -13.64 -18.06
conv11 156 -6.31 -8.95 -14.45 -11.43
conv11 157 -10.46 -12.29 -17.20 -27.22
conv11 158 -13.42 -16.12 -11.27 -7.22
conv11 159 -8.03 -16.23 -18.17 -5.66
conv11 160 -12.29 -5.17 -11.48 -17.36
conv11 161 -3.72 -4.15 -13.75 -15.52
conv11 162 -9.86 -13.48 1.08 7.39
conv11 163 -9.38 -5.55 -16.98 -12.72
conv11 164 -12.34 -11.32 -9.92 -1.24
conv11 165 -10.40 -9.06 -11.32 -13.69
conv11 166 -9.11 -4.53 -12.83 -38.76
conv11 167 -11.54 -13.69 -13.58 -18.44
conv11 168 -15.26 -5.12 -11.00 -16.50
conv11 169 -6.79 -9.22 -17.68 -16.55
conv11 170 -0.75 -8.36 -11.59 -8.68
conv11 171 -30.73 -22.59 -11.32 -11.37
conv11 172 -11.59 -12.29 -11.10 -11.00
conv11 173 -11.81 -13.96 -16.87 -9.22
conv11 174 -8.14 -17.14 -12.51 -9.11
conv11 175 -5.71 -14.50 -17.30 -6.52
conv11 176 -10.51 -14.88 -12.78 -11.32
conv11 177 -3.67 -15.20 -11.91 -5.34
conv11 178 -12.72 -11.86 -9.54 -25.71
conv11 179 -17.79 -12.40 -6.95 -6.68
conv11 180 -8.19 -10.46 -17.30 -32.18
conv11 181 -7.92 -3.34 -12.24 -19.68
conv11 182 -4.31 5.17 -15.36 -14.66
conv11 183 0.65 -16.60 -9.27 -7.55
conv11 184 -14.29 -4.96 -8.19 -26.41
conv11 185 -8.79 -18.44 -10.62 -3.02
conv11 186 -15.15 -10.08 -14.23 -4.69
conv11 187 2.59 -29.86 -10.89 -17.63
conv11 188 -13.85 -14.82 -21.99 -11.05
conv11 189 -16.87 -9.43 -8.36 -20.48
conv11 190 -10.67 -8.95 -10.30 -11.81
conv11 191 -7.12 -12.45 -17.79 -7.01
conv11 192 -15.31 -5.61 -28.30 0.05
conv11 193 -19.08 6.31 -6.68 -10.89
conv11 194 -5.12 -11.91 -16.06 -15.20
conv11 195 -11.81 -13.31 -29.00 -15.69
conv11 196 -11.10 -7.44 -12.40 -14.61
conv11 197 -21.40 -12.02 -9.16 -9.97
conv11 198 -8.68 -8.46 -2.86 -13.26
conv11 199 -13.15 -22.16 -12.40 -12.67
conv11 200 -12.13 -14.77 -17.57 5.23
conv11 201 -13.96 7.71 -9.81 -12.24
conv11 202 -11.10 -12.18 -11.54 -12.45
conv11 203 -16.17 -17.52 -23.18 -19.78
conv11 204 -2.75 -3.88 -15.20 -21.51
conv11 205 -12.13 -5.71 -17.20 -18.44
conv11 206 4.53 5.44 -17.41 -9.33
conv11 207 3.94 -15.15 -17.74 -11.86
conv11 208 -8.79 -10.24 -15.04 -15.69
conv11 209 -4.74 -8.46 -15.63 -12.29
conv11 210 -27.22 -24.74 -15.20 -13.21
conv11 211 -11.64 0.43 -13.58 -8.41
conv11 212 -15.04 15.36 -11.97 -15.52
conv11 213 -12.56 -7.82 -13.48 -16.87
conv11 214 -25.87 0.59 -10.57 -17.25
conv11 215 -12.78 -16.28 -15.26 -19.35
conv11 216 -13.10 -6.95 -14.77 -12.56
conv11 217 -16.33 -4.26 -7.65 -19.19
conv11 218 -9.65 -7.76 -3.61 -8.03
conv11 219 -9.54 -5.93 -12.40 -19.51
conv11 220 -6.20 -6.79 5.17 -13.91
conv11 221 4.26 -6.79 -6.95 -5.77
conv11 222 -3.23 -8.89 -12.88 -11.75
conv11 223 3.88 -17.20 -0.16 -12.45
conv11 224 -12.24 -6.09 -5.66 -11.16
conv11 225 -12.07 -13.10 -10.67 -12.67
conv11 226 -12.29 -6.90 -14.39 -18.11
conv11 227 -3.07 -21.40 -11.10 -13.42
conv11 228 -9.27 -15.15 -16.28 -6.90
conv11 229 -12.24 -7.98 -9.60 -13.96
conv11 230 -12.24 -9.38 -11.00 -18.97
conv11 231 -10.73 -27.44 -10.73 -13.48
conv11 232 -3.72 -20.54 -16.23 -11.91
conv11 233 -15.31 -9.70 3.13 -2.16
conv11 234 3.67 -14.61 -18.54 -9.65
conv11 235 -12.02 -15.09 -10.89 -13.53
conv11 236 1.62 -4.58 -19.24 -14.77
conv11 237 -12.40 -2.80 -7.49 -3.34
conv11 238 -13.48 4.37 -12.88 -16.82
conv11 239 -11.81 -12.13 -7.49 -4.04
conv11 240 -9.16 -4.91 -10.13 -14.72
conv11 241 -11.54 -31.91 -15.36 -6.15
conv11 242 -19.41 -16.87 -0.38 -7.60
conv11 243 -9.70 -16.76 -8.41 -6.68
conv11 244 -10.78 -10.78 -11.64 -13.75
conv11 245 -10.51 -14.88 -14.18 -6.25
conv11 246 -16.23 -23.50 -10.89 -16.66
conv11 247 -9.22 -9.60 -13.85 -21.78
conv11 248 -10.89 -14.07 -16.28 -7.49
conv11 249 -15.04 -20.32 -8.62 -12.67
conv11 250 -14.45 -14.55 -0.54 -2.05
conv11 251 -2.37 -18.27 -24.74 2.96
conv11 252 -11.27 -15.96 -7.60 -2.70
conv11 253 -9.92 -8.68 -10.30 -36.01
conv11 254 -10.51 -6.79 -15.69 -19.89
conv11 255 12.78 12.40 -14.99 -7.65
conv12 0 7.65 -8.68 1.24 13.37
conv12 1 1.31 25.36 7.99 6.20
conv12 2 11.16 11.58 -11.09 13.23
conv12 3 5.37 3.93 5.17 11.30
conv12 4 -6.13 9.10 15.99 -13.16
conv12 5 8.13 11.58 8.41 -16.61
conv12 6 7.99 4.41 7.03 21.57
conv12 7 8.61 26.25 5.58 2.55
conv12 8 -16.81 -0.34 6.06 10.68
conv12 9 6.27 7.10 8.82 9.92
conv12 10 7.10 9.78 13.85 10.13
conv12 11 39.69 24.53 7.58 2.83
conv12 12 19.09 8.68 -14.54 0.62
conv12 13 -2.69 11.16 11.09 3.31
conv12 14 6.89 -13.92 10.20 23.01
conv12 15 3.79 -1.58 14.61 19.57
conv12 16 12.13 -9.16 5.86 13.16
conv12 17 2.89 2.89 -7.30 -11.92
conv12 18 14.81 2.00 -15.92 3.51
conv12 19 -0.83 -18.47 12.13 21.29
conv12 20 9.30 9.10 -10.75 4.62
conv12 21 4.41 17.71 4.62 11.09
conv12 22 -18.26 9.16 24.81 9.16
conv12 23 6.48 15.71 8.75 -3.10
conv12 24 1.17 9.58 7.72 2.27
conv12 25 2.20 11.65 15.02 6.13
conv12 26 4.69 19.36 5.93 4.82
conv12 27 28.80 20.81 5.86 -0.07
conv12 28 11.16 -3.03 6.75 5.51
conv12 29 -3.93 3.31 6.27 1.65
conv12 30 12.40 15.23 -2.89 1.79
conv12 31 5.37 8.89 -3.10 -8.68
conv12 32 -19.09 17.98 9.65 9.78
conv12 33 11.30 14.54 -4.00 10.13
conv12 34 6.48 3.58 10.68 6.34
conv12 35 0.62 -0.28 4.82 5.86
conv12 36 0.21 5.10 18.19 6.13
conv12 37 -5.37 11.03 6.55 -9.92
conv12 38 13.57 9.37 1.72 -2.48
conv12 39 -4.20 1.38 20.67 13.92
conv12 40 4.00 2.69 11.37 10.89
conv12 41 5.99 0.48 -5.65 5.51
conv12 42 8.82 12.20 6.20 10.34
conv12 43 32.87 27.70 10.20 0.62
conv12 44 2.34 5.65 1.45 8.06
conv12 45 16.33 6.75 4.48 4.41
conv12 46 16.74 9.37 -14.68 1.24
conv12 47 8.68 16.06 13.78 -4.62
conv12 48 21.57 9.78 -4.69 -5.72
conv12 49 20.95 9.99 -0.48 -7.17
conv12 50 11.65 5.86 11.30 23.91
conv12 51 -4.34 3.93 13.44 12.06
conv12 52 -39.14 20.95 10.47 8.68
conv12 53 1.10 6.61 6.68 12.61
conv12 54 -8.89 0.48 9.51 12.40
conv12 55 12.40 -4.75 -1.58 2.34
conv12 56 5.86 4.55 -12.89 14.26
conv12 57 8.06 6.20 8.68 7.86
conv12 58 6.62 7.10 -3.93 3.58
conv12 59 7.17 8.13 4.62 13.16
conv12 60 2.96 -9.65 7.17 10.40
conv12 61 11.65 15.09 5.44 -1.72
conv12 62 4.20 -4.34 4.07 15.71
conv12 63 6.75 29.56 6.96 -5.03
conv12 64 7.79 9.37 12.20 -2.20
conv12 65 -4.07 5.44 17.78 8.61
conv12 66 -5.51 10.27 18.67 4.27
conv12 67 3.03 1.79 21.91 11.65
conv12 68 8.89 15.02 -7.10 -9.03
conv12 69 6.34 4.07 2.27 18.33
conv12 70 -4.41 1.65 7.92 10.40
conv12 71 19.98 17.30 -2.55 -8.41
conv12 72 8.27 7.99 -0.48 23.91
conv12 73 -27.08 21.91 6.68 6.89
conv12 74 1.65 4.82 18.26 -1.31
conv12 75 6.48 -11.03 7.72 6.20
conv12 76 7.86 5.10 -2.83 11.16
conv12 77 -0.34 3.93 17.71 10.40
conv12 78 7.03 11.65 3.79 -8.06
conv12 79 -1.72 -1.86 10.40 16.33
conv12 80 -16.54 -3.86 13.30 9.30
conv12 81 9.23 5.31 13.16 15.16
conv12 82 17.30 5.03 1.65 8.48
conv12 83 3.93 4.27 4.13 1.24
conv12 84 4.34 13.44 6.20 -13.44
conv12 85 14.88 14.88 -11.23 14.47
conv12 86 8.13 18.05 5.44 -9.72
conv12 87 20.33 6.20 -14.47 7.44
conv12 88 -0.96 0.00 10.06 15.44
conv12 89 7.99 9.92 8.75 -5.65
conv12 90 16.74 37.48 9.99 -0.28
conv12 91 5.03 4.96 1.65 -16.26
conv12 92 4.89 4.82 12.13 -12.82
conv12 93 15.02 18.74 10.13 -7.86
conv12 94 17.71 8.82 -3.03 14.75
conv12 95 5.24 8.54 8.20 11.16
conv12 96 8.89 18.47 -1.86 1.86
conv12 97 -1.65 -17.09 12.40 16.68
conv12 98 -7.92 16.26 8.68 5.51
conv12 99 8.96 12.27 9.92 -18.81
conv12 100 -11.92 -9.23 12.89 4.82
conv12 101 11.09 5.24 6.13 -4.48
conv12 102 21.77 -7.65 5.58 5.24
conv12 103 1.03 -12.54 7.51 16.74
conv12 104 5.37 9.44 10.89 -5.99
conv12 105 -13.57 0.76 10.47 24.74
conv12 106 -5.44 -7.79 8.48 3.93
conv12 107 -4.20 9.78 21.71 -5.58
conv12 108 21.02 12.27 0.00 2.07
conv12 109 10.89 -5.24 -0.69 16.19
conv12 110 5.99 6.75 22.88 7.72
conv12 111 9.37 9.23 2.41 10.27
conv12 112 11.58 -3.38 0.14 8.89
conv12 113 5.79 6.06 3.93 -3.72
conv12 114 4.55 5.93 4.55 23.57
conv12 115 -2.34 22.19 7.86 6.13
conv12 116 4.27 -21.43 4.20 6.61
conv12 117 2.34 -6.27 7.17 13.16
conv12 118 -0.14 11.78 11.99 5.79
conv12 119 5.99 10.47 14.40 -7.51
conv12 120 3.65 3.65 25.91 0.28
conv12 121 1.86 16.95 9.10 4.69
conv12 122 2.83 4.07 -3.10 14.88
conv12 123 2.89 1.52 4.00 14.75
conv12 124 8.06 4.27 4.89 3.79
conv12 125 3.79 -14.68 6.75 13.78
conv12 126 1.79 -0.41 6.34 4.62
conv12 127 9.03 8.75 5.31 5.31
conv12 128 9.85 -25.98 3.10 -1.86
conv12 129 6.55 4.82 13.51 2.34
conv12 130 -9.03 13.09 11.30 10.34
conv12 131 2.96 3.65 16.54 7.10
conv12 132 -1.03 8.82 12.40 3.45
conv12 133 8.20 -4.20 -8.27 3.58
conv12 134 10.89 15.92 3.24 -13.51
conv12 135 18.47 -13.16 -10.40 25.77
conv12 136 5.24 24.12 7.37 1.79
conv12 137 13.99 20.40 -0.28 0.69
conv12 138 6.75 -17.85 2.89 18.26
conv12 139 9.92 8.34 -7.37 14.54
conv12 140 -1.86 0.41 9.78 -1.45
conv12 141 0.96 18.05 -1.24 0.90
conv12 142 15.37 0.69 -21.91 -7.24
conv12 143 12.75 24.67 -5.44 -0.55
conv12 144 -18.88 -9.10 20.95 13.09
conv12 145 -2.89 8.13 14.81 2.89
conv12 146 7.24 6.41 6.48 -3.10
conv12 147 1.45 7.24 9.85 4.55
conv12 148 -9.16 3.79 17.50 6.20
conv12 149 23.57 -9.78 -1.45 10.89
conv12 150 10.27 -1.93 -6.68 10.34
conv12 151 17.57 14.47 5.10 6.34
conv12 152 7.17 -10.27 14.33 16.06
conv12 153 13.23 9.85 3.93 -1.38
conv12 154 4.27 12.13 4.75 7.17
conv12 155 6.34 5.17 11.78 18.12
conv12 156 2.62 10.40 13.78 -0.41
conv12 157 1.31 3.51 9.51 4.00
conv12 158 -2.96 -14.75 10.54 26.05
conv12 159 8.54 9.65 21.02 -19.98
conv12 160 8.54 -14.61 13.16 4.48
conv12 161 7.79 25.50 9.44 3.86
conv12 162 7.92 1.24 1.79 17.78
conv12 163 -4.13 -9.58 4.41 15.37
conv12 164 -4.13 -7.51 16.12 14.06
conv12 165 1.65 -0.83 9.10 17.36
conv12 166 10.06 -10.40 3.93 11.71
conv12 167 18.74 5.58 -4.07 9.78
conv12 168 6.34 26.67 6.06 4.34
conv12 169 -0.34 24.05 13.09 -13.78
conv12 170 3.38 11.58 1.72 -5.51
conv12 171 -24.19 -15.85 8.82 -4.75
conv12 172 13.99 -0.96 -6.68 -1.45
conv12 173 5.79 15.78 17.64 -5.86
conv12 174 4.69 3.86 8.48 -12.61
conv12 175 11.99 13.51 -2.41 2.34
conv12 176 2.41 15.99 12.47 -0.55
conv12 177 -1.93 1.24 5.37 -2.20
conv12 178 7.99 1.10 5.37 10.06
conv12 179 4.27 8.20 18.05 4.41
conv12 180 4.00 4.00 14.61 0.41
conv12 181 8.34 8.41 3.58 7.44
conv12 182 -5.31 -1.58 7.17 10.06
conv12 183 3.17 12.68 21.84 7.44
conv12 184 0.69 3.38 10.89 14.68
conv12 185 -0.69 12.40 21.50 3.51
conv12 186 1.45 -11.85 10.68 16.06
conv12 187 4.41 4.13 11.23 6.20
conv12 188 3.65 11.58 -12.95 0.14
conv12 189 6.75 3.93 2.83 -5.72
conv12 190 8.82 16.61 0.96 -10.61
conv12 191 -1.52 0.76 7.72 8.06
conv12 192 18.33 -5.72 -4.00 6.75
conv12 193 8.34 -3.86 -4.62 8.20
conv12 194 14.33 0.62 3.72 10.75
conv12 195 13.64 9.65 14.54 11.02
conv12 196 5.24 -0.14 10.54 13.99
conv12 197 -1.45 -8.54 10.68 12.75
conv12 198 13.51 -8.48 -0.90 21.43
conv12 199 11.99 5.79 -2.69 3.38
conv12 200 1.86 1.24 6.27 -2.07
conv12 201 1.58 4.34 14.54 24.81
conv12 202 11.58 5.10 -13.92 7.44
conv12 203 2.41 1.31 18.54 26.18
conv12 204 -7.99 -1.65 23.29 19.71
conv12 205 4.89 1.72 2.34 -6.68
conv12 206 6.41 19.71 3.38 25.36
conv12 207 -0.28 1.38 11.78 6.48
conv12 208 14.61 11.37 -12.82 0.07
conv12 209 7.58 9.44 8.48 19.09
conv12 210 9.85 9.78 -8.20 17.50
conv12 211 5.58 5.44 -7.10 16.12
conv12 212 10.54 19.16 8.54 -9.85
conv12 213 -5.86 0.90 13.44 12.82
conv12 214 18.19 0.28 3.03 4.27
conv12 215 -0.83 5.65 18.47 4.48
conv12 216 5.10 -18.88 2.83 23.77
conv12 217 8.61 13.30 -4.20 -8.89
conv12 218 5.31 22.46 6.55 -9.16
conv12 219 10.61 9.78 9.44 8.75
conv12 220 6.06 7.37 4.27 4.00
conv12 221 3.51 4.62 9.30 13.37
conv12 222 13.30 -7.72 3.86 9.23
conv12 223 14.61 6.75 -6.20 -10.34
conv12 224 29.29 7.72 -14.95 13.99
conv12 225 -19.78 -5.65 4.69 2.83
conv12 226 1.10 0.83 13.16 15.92
conv12 227 8.13 -13.64 4.20 14.75
conv12 228 5.03 5.86 1.65 5.79
conv12 229 -11.09 -37.00 3.24 11.23
conv12 230 6.68 -17.78 3.79 22.19
conv12 231 -3.24 7.58 15.30 9.44
conv12 232 12.06 18.54 10.34 -5.58
conv12 233 5.44 5.31 13.85 -5.58
conv12 234 2.62 -10.06 11.30 7.30
conv12 235 6.06 12.06 9.92 17.98
conv12 236 5.44 6.20 -3.58 -0.62
conv12 237 13.02 3.72 4.75 10.20
conv12 238 8.34 10.34 1.03 -17.43
conv12 239 -3.72 -16.68 10.89 11.71
conv12 240 11.37 2.41 2.48 11.99
conv12 241 5.58 7.86 -3.86 0.07
conv12 242 10.47 9.99 0.41 -2.96
conv12 243 4.82 7.03 0.28 -8.61
conv12 244 9.16 8.61 -0.07 -10.47
conv12 245 5.79 -16.06 7.72 24.67
conv12 246 11.23 17.64 9.44 -1.17
conv12 247 8.13 7.58 -6.55 3.45
conv12 248 7.10 19.36 8.20 -12.75
conv12 249 9.65 7.79 -0.48 -9.16
conv12 250 5.93 26.32 0.34 -14.88
conv12 251 2.41 14.06 16.33 -15.16
conv12 252 12.47 -4.27 1.52 22.46
conv12 253 9.10 -10.40 5.44 14.54
conv12 254 12.61 -13.51 4.00 30.73
conv12 255 8.75 14.68 18.12 4.69
conv13 0 0.00 -6.96 -4.92 2.37
conv13 1 -5.57 -7.29 -1.67 -1.11
conv13 2 -5.99 2.92 -4.69 -4.08
conv13 3 -12.99 -14.80 -2.97 -1.76
conv13 4 -5.62 -2.09 -7.84 -5.52
conv13 5 -10.35 -4.27 -3.62 -2.41
conv13 6 -6.13 -2.55 -12.16 -4.32
conv13 7 -2.55 -0.46 -2.23 0.74
conv13 8 6.64 8.12 -1.72 -3.43
conv13 9 -3.67 -4.87 -2.04 -1.72
conv13 10 -6.31 -1.72 -3.29 -3.16
conv13 11 -0.93 -4.22 -8.86 -8.68
conv13 12 -24.78 2.27 -5.57 -1.11
conv13 13 -1.53 -2.13 -1.16 -5.20
conv13 14 -4.64 -10.21 -16.38 -9.65
conv13 15 -5.80 0.84 -1.11 -7.47
conv13 16 1.86 9.65 -2.18 -2.78
conv13 17 -1.58 -5.43 -4.08 -5.62
conv13 18 -1.39 -6.40 -5.62 2.65
conv13 19 -7.66 11.42 -4.69 -9.23
conv13 20 -2.32 -3.85 -4.78 -1.72
conv13 21 -1.72 -4.83 -0.32 4.13
conv13 22 -14.15 -1.58 9.37 -4.59
conv13 23 -7.66 -7.47 -5.80 -3.71
conv13 24 -2.69 -3.57 0.84 -6.45
conv13 25 -2.74 -0.09 -3.25 0.84
conv13 26 -6.50 -0.14 -16.06 -9.28
conv13 27 9.00 2.88 -1.95 -2.69
conv13 28 -0.79 0.37 -3.34 -1.53
conv13 29 -0.84 0.42 -6.36 -4.69
conv13 30 -2.69 -1.58 -0.56 -1.48
conv13 31 -3.57 -2.74 -2.69 7.05
conv13 32 -8.63 14.25 -2.88 0.09
conv13 33 -0.37 -19.86 -4.22 -5.71
conv13 34 -16.89 -5.48 -2.18 -2.83
conv13 35 -3.48 -2.69 -13.50 2.60
conv13 36 12.53 14.48 -5.24 -4.83
conv13 37 3.81 -4.92 -6.17 -0.51
conv13 38 -4.41 -4.83 -1.25 -3.25
conv13 39 14.39 1.76 0.23 -7.75
conv13 40 -5.20 -4.32 -9.79 1.58
conv13 41 1.07 -2.78 -8.45 -1.86
conv13 42 -16.71 -13.18 -3.62 -2.92
conv13 43 -4.55 -2.09 -2.83 -9.00
conv13 44 -3.20 -16.61 -0.84 -4.92
conv13 45 -0.37 -1.90 -5.20 -5.66
conv13 46 -4.59 6.87 -3.16 -9.88
conv13 47 -6.22 -5.29 -2.65 1.44
conv13 48 12.39 3.90 -6.50 -3.99
conv13 49 3.25 -5.71 -7.29 -6.17
conv13 50 -2.97 -6.26 -15.96 -7.75
conv13 51 -9.10 3.71 -4.13 -2.55
conv13 52 4.97 17.63 -4.97 -2.00
conv13 53 -11.09 17.87 -4.83 -4.41
conv13 54 -10.72 -7.98 -1.67 -3.29
conv13 55 -2.88 -2.55 -12.62 0.84
conv13 56 -5.48 -2.83 -3.67 3.76
conv13 57 -4.73 -7.01 -3.99 -2.32
conv13 58 -4.83 10.44 -2.41 -2.46
conv13 59 -0.19 -2.88 -6.68 -1.58
conv13 60 1.07 -3.62 -10.16 -10.35
conv13 61 1.62 7.75 -4.46 -2.27
conv13 62 -4.41 0.51 -6.78 -5.99
conv13 63 -6.31 15.08 -3.06 -7.01
conv13 64 4.50 -4.36 0.88 -4.46
conv13 65 -4.18 -28.21 -6.13 -4.69
conv13 66 -5.99 0.42 -1.30 -3.67
conv13 67 -7.61 -3.20 12.62 -0.09
conv13 68 -12.25 -8.17 -3.29 1.81
conv13 69 -2.09 -3.43 -8.49 2.74
conv13 70 -4.46 -2.13 -2.83 -0.19
conv13 71 -3.94 -6.26 -5.48 5.66
conv13 72 -3.34 -7.33 -9.05 -0.09
conv13 73 -1.86 -1.62 -21.63 -2.74
conv13 74 -6.03 -3.67 -3.39 -3.16
conv13 75 -3.34 -1.72 -9.70 1.76
conv13 76 -23.02 -18.42 -4.97 -0.56
conv13 77 -5.34 -4.59 4.87 -4.59
conv13 78 -3.29 -5.29 -2.13 1.39
conv13 79 -22.92 5.85 -4.87 -3.39
conv13 80 3.76 6.36 -2.55 -3.34
conv13 81 -8.31 -16.15 -4.32 2.23
conv13 82 -14.62 -9.79 -2.04 -6.68
conv13 83 -2.23 -4.04 -11.18 -8.77
conv13 84 -1.76 5.52 -5.99 -7.56
conv13 85 -3.25 -4.27 -0.79 7.47
conv13 86 -0.37 -3.76 -4.36 7.38
conv13 87 4.64 -1.53 -3.81 -8.26
conv13 88 -8.45 -8.03 0.79 -0.32
conv13 89 3.20 -1.76 -2.46 4.08
conv13 90 -5.20 8.21 -3.02 -2.27
conv13 91 -3.06 -0.28 -2.88 -2.23
conv13 92 -2.65 -1.67 -20.42 -2.78
conv13 93 -3.02 -1.95 -3.48 -2.09
conv13 94 -0.23 -9.51 -9.19 6.45
conv13 95 7.42 -11.04 -1.44 -3.62
conv13 96 -1.21 1.39 -5.48 -7.43
conv13 97 -11.88 -8.59 -2.18 -1.95
conv13 98 -1.07 -1.72 -1.86 -1.62
conv13 99 -3.57 2.04 -3.99 -12.99
conv13 100 -9.28 -6.03 -1.67 -1.35
conv13 101 -1.90 -0.79 -5.10 -7.89
conv13 102 -9.42 8.68 0.93 0.05
conv13 103 -10.53 -8.03 -4.08 -3.16
conv13 104 -3.20 -1.53 18.52 3.29
conv13 105 -6.59 -13.23 -4.13 4.92
conv13 106 -5.71 -4.27 -1.81 -2.09
conv13 107 -10.91 1.48 -25.15 -3.48
conv13 108 -5.38 -2.37 5.38 -20.79
conv13 109 -7.70 -8.21 -2.13 0.97
conv13 110 -2.74 -2.74 -8.26 -6.73
conv13 111 -4.18 -6.13 -1.81 -4.08
conv13 112 0.14 -4.04 -1.67 -3.48
conv13 113 -3.62 -0.88 -2.18 -6.78
conv13 114 -5.43 4.18 -8.45 -13.27
conv13 115 -7.56 0.65 -4.83 -11.69
conv13 116 -2.65 -3.85 -8.45 -10.21
conv13 117 -5.34 5.10 -1.07 -5.99
conv13 118 -2.74 -2.32 -8.72 -5.71
conv13 119 -4.64 -2.55 -5.80 -5.01
conv13 120 -1.81 -7.80 -6.31 -3.25
conv13 121 -9.61 2.46 -1.21 -5.48
conv13 122 -1.11 -4.69 0.88 -9.28
conv13 123 -12.11 -13.69 -2.78 -1.81
conv13 124 -0.05 -1.11 -2.23 -2.97
conv13 125 -20.56 -4.97 -5.43 -3.39
conv13 126 16.24 2.83 -1.58 -1.53
conv13 127 -4.08 -5.94 -2.69 -6.22
conv13 128 -0.19 9.84 6.96 -7.19
conv13 129 -0.93 -5.29 -5.10 5.34
conv13 130 -4.50 3.48 -2.23 -3.48
conv13 131 -20.00 -4.13 -5.15 -1.48
conv13 132 -7.52 -8.35 -1.48 -0.23
conv13 133 -5.15 -0.32 -1.30 -3.06
conv13 134 1.67 -3.62 -8.96 -3.71
conv13 135 2.65 -10.16 -7.52 10.53
conv13 136 -3.34 1.11 -2.37 -4.41
conv13 137 -3.62 -1.16 -1.72 -5.43
conv13 138 -3.94 -4.83 17.17 6.82
conv13 139 0.28 2.00 -11.46 0.37
conv13 140 8.54 -21.90 -4.04 -2.51
conv13 141 -9.37 2.04 -2.00 -10.12
conv13 142 -6.96 0.88 6.78 -3.76
conv13 143 11.65 3.20 -3.02 -8.07
conv13 144 -7.38 -4.13 -0.93 -0.70
conv13 145 -12.48 2.88 -3.06 -5.29
conv13 146 -5.20 -3.43 -2.69 5.48
conv13 147 -5.29 -1.90 -2.37 -10.53
conv13 148 -6.08 -4.22 -14.20 3.67
conv13 149 -6.26 -5.57 -7.15 2.46
conv13 150 -4.83 -2.74 -4.55 -3.62
conv13 151 -7.38 -7.10 -1.30 -7.29
conv13 152 -5.10 -4.83 8.86 -3.06
conv13 153 22.65 3.81 -7.61 -2.92
conv13 154 -7.29 -3.90 -1.11 -3.25
conv13 155 -11.46 -1.35 -4.64 -1.81
conv13 156 -7.19 0.42 -4.83 -4.69
conv13 157 -3.02 -0.93 -11.51 -7.38
conv13 158 -17.22 -11.51 -4.97 6.03
conv13 159 -3.25 -3.53 -3.02 -0.46
conv13 160 -2.41 -5.99 -7.24 13.46
conv13 161 -2.60 7.33 -4.41 -2.88
conv13 162 -4.46 -3.29 -6.22 -7.80
conv13 163 -2.37 -16.15 -4.27 1.39
conv13 164 -0.23 -3.57 -2.88 -12.99
conv13 165 -6.40 -1.76 -1.62 -4.64
conv13 166 -2.83 -18.61 -1.53 -2.65
conv13 167 0.60 -1.58 -1.72 -2.83
conv13 168 -3.29 -6.64 -22.09 -2.69
conv13 169 -25.43 4.45 -2.41 -4.36
conv13 170 -4.32 5.43 -0.42 -8.91
conv13 171 -4.55 -14.62 -2.69 -3.81
conv13 172 -3.20 -4.83 -3.06 -1.48
conv13 173 -4.36 11.93 -3.71 -5.48
conv13 174 -1.86 -2.69 -10.16 3.57
conv13 175 -2.55 -1.48 -3.94 0.19
conv13 176 -4.13 7.89 -3.48 -4.97
conv13 177 -6.40 5.10 -3.39 -6.82
conv13 178 -2.65 -4.04 -3.34 -0.42
conv13 179 -8.45 3.39 -1.35 -5.99
conv13 180 -6.50 -1.11 0.37 -3.71
conv13 181 -2.41 0.79 -5.06 -3.76
conv13 182 -6.91 -2.97 -2.04 1.76
conv13 183 -6.82 5.52 6.13 -4.87
conv13 184 -3.25 -5.80 -7.42 1.67
conv13 185 -7.01 -2.78 -2.65 -4.87
conv13 186 -5.57 -5.38 -3.16 -0.79
conv13 187 -2.23 -1.53 -2.00 -5.01
conv13 188 -0.19 4.92 -22.18 -6.22
conv13 189 -2.65 -1.86 -9.93 -10.02
conv13 190 -4.59 -1.62 -19.63 -1.81
conv13 191 -15.64 -4.22 -0.28 -5.20
conv13 192 2.83 -3.11 -4.50 0.65
conv13 193 2.74 -0.19 -3.02 -8.17
conv13 194 -2.41 -2.00 -2.27 -9.84
conv13 195 -4.36 -3.48 -3.25 -5.34
conv13 196 -1.07 -10.12 -4.55 -8.45
conv13 197 -3.57 -1.48 0.93 -3.16
conv13 198 -8.03 -2.83 0.42 2.60
conv13 199 -23.85 -1.67 -2.97 -3.76
conv13 200 -3.48 11.60 -3.94 -5.48
conv13 201 -5.10 -1.44 -1.11 5.80
conv13 202 -3.06 -0.60 -2.69 -12.39
conv13 203 -2.00 -1.39 -5.10 -6.45
conv13 204 -9.47 -7.05 -24.83 4.08
conv13 205 -2.83 -1.02 -7.01 -6.45
conv13 206 -2.46 -6.31 3.34 3.34
conv13 207 0.37 -3.02 0.32 -4.41
conv13 208 -6.22 3.29 -4.27 -5.43
conv13 209 -1.72 0.32 -7.33 -3.53
conv13 210 0.23 -4.73 -2.37 -3.62
conv13 211 -2.74 -6.64 -8.72 11.28
conv13 212 -3.85 -5.71 -3.06 -3.11
conv13 213 0.37 -5.34 -8.40 -10.40
conv13 214 -11.09 -2.27 3.67 2.83
conv13 215 3.81 -0.51 10.86 7.33
conv13 216 -4.97 -14.80 -5.48 10.53
conv13 217 2.65 -3.29 -3.20 3.06
conv13 218 -5.43 6.22 -3.53 -7.29
conv13 219 -8.03 -5.34 -1.62 -4.22
conv13 220 -0.74 -1.53 -8.07 -4.41
conv13 221 -15.78 9.61 -3.90 0.00
conv13 222 -6.03 -2.37 -2.97 -3.48
conv13 223 8.49 2.65 -4.73 -4.22
conv13 224 -1.07 -2.00 -9.10 -7.66
conv13 225 -19.86 3.53 -1.25 -9.42
conv13 226 -8.49 -18.61 -6.82 -4.92
conv13 227 -2.78 5.71 -4.41 -5.48
conv13 228 -5.62 1.35 -24.41 -4.83
conv13 229 -5.24 -3.71 -17.26 -1.58
conv13 230 -0.23 -0.60 -7.15 -4.18
conv13 231 -1.30 1.30 -14.48 -5.75
conv13 232 -4.87 0.65 -1.48 -3.85
conv13 233 -4.55 -3.25 -25.38 2.04
conv13 234 -5.01 -9.79 2.51 2.83
conv13 235 -4.78 2.92 -2.13 -2.23
conv13 236 -2.09 -8.35 -13.92 -12.58
conv13 237 -0.37 -2.04 -3.06 -0.09
conv13 238 -9.28 -4.13 -1.02 -5.38
conv13 239 6.59 -10.81 -5.48 0.88
conv13 240 -23.25 -3.71 1.16 -0.84
conv13 241 -3.76 -2.13 -1.35 -3.85
conv13 242 3.99 -7.15 -4.64 -1.48
conv13 243 -4.27 1.81 -5.29 -11.23
conv13 244 -10.12 -3.43 -0.51 -1.90
conv13 245 2.78 -6.31 -9.10 3.85
conv13 246 -5.48 -9.93 -5.94 -5.24
conv13 247 -3.48 -5.06 -2.51 5.29
conv13 248 -3.11 -1.58 -3.39 -3.16
conv13 249 -3.11 -1.58 -19.58 -8.03
conv13 250 -1.21 12.95 -1.62 -7.61
conv13 251 -1.11 -5.01 1.76 -26.82
conv13 252 -16.57 4.18 -6.08 5.01
conv13 253 3.11 -16.98 -3.34 -1.48
conv13 254 -4.97 -3.67 -11.14 11.00
conv13 255 0.46 10.07 -2.13 -9.05
conv14 0 -6.80 8.22 4.95 -2.85
conv14 1 6.63 35.83 5.03 -16.61
conv14 2 4.28 9.57 -3.86 7.05
conv14 3 -3.69 6.29 3.36 -8.47
conv14 4 9.57 -7.72 7.38 -0.17
conv14 5 9.57 9.73 6.13 7.47
conv14 6 22.74 -15.02 0.59 27.52
conv14 7 -11.91 7.22 18.88 -8.56
conv14 8 3.36 -18.38 7.47 22.07
conv14 9 23.83 3.52 20.81 26.35
conv14 10 42.12 -8.81 10.24 2.60
conv14 11 -13.68 2.60 13.59 9.40
conv14 12 7.89 4.95 7.55 -30.54
conv14 13 -2.69 22.91 8.98 -8.22
conv14 14 26.43 30.71 9.73 8.98
conv14 15 5.87 30.54 2.10 -21.65
conv14 16 4.20 29.53 1.34 2.35
conv14 17 47.07 -18.71 4.53 4.61
conv14 18 26.93 4.95 -18.80 4.78
conv14 19 6.71 -7.13 6.13 7.97
conv14 20 -2.77 8.39 4.95 9.98
conv14 21 10.07 34.49 5.87 -23.07
conv14 22 -20.56 5.71 22.15 6.04
conv14 23 43.13 34.15 10.74 10.74
conv14 24 4.53 14.18 13.01 -6.71
conv14 25 7.97 -18.38 3.36 22.15
conv14 26 12.67 6.96 8.06 9.82
conv14 27 1.76 11.75 2.43 -19.30
conv14 28 22.15 5.62 -3.10 14.01
conv14 29 -1.26 23.49 5.79 -1.93
conv14 30 -12.50 16.53 17.96 1.26
conv14 31 -19.97 4.53 26.18 -1.51
conv14 32 19.05 27.94 10.32 0.76
conv14 33 1.17 23.24 21.90 -8.14
conv14 34 -17.87 2.18 21.23 5.79
conv14 35 10.74 -7.80 -3.44 21.90
conv14 36 26.51 -4.36 7.38 6.29
conv14 37 1.59 14.43 1.09 4.28
conv14 38 15.77 9.90 -7.22 17.12
conv14 39 -11.66 19.21 20.05 -5.71
conv14 40 12.33 6.29 -3.44 -0.34
conv14 41 -0.50 -7.47 6.71 7.64
conv14 42 -7.47 -11.58 8.06 5.03
conv14 43 -5.54 -10.82 1.76 29.28
conv14 44 0.17 4.53 16.11 17.62
conv14 45 13.93 -13.93 2.43 6.21
conv14 46 -16.45 16.03 13.34 -0.59
conv14 47 3.10 13.34 -10.74 14.35
conv14 48 1.34 8.89 21.98 -5.45
conv14 49 -13.09 5.54 20.81 9.31
conv14 50 -21.31 3.19 20.47 12.67
conv14 51 3.86 -40.27 1.43 10.40
conv14 52 -20.64 8.22 14.01 5.03
conv14 53 4.45 9.23 -4.11 -10.66
conv14 54 20.14 2.60 -7.97 6.29
conv14 55 -18.88 -15.52 0.25 2.77
conv14 56 5.71 2.10 -14.68 3.69
conv14 57 5.45 -2.77 -0.84 1.09
conv14 58 4.53 4.28 1.93 12.42
conv14 59 7.13 -0.67 -4.87 18.21
conv14 60 3.36 -7.55 21.82 14.01
conv14 61 6.80 -17.54 2.10 5.96
conv14 62 8.81 19.89 15.10 -11.50
conv14 63 9.15 3.36 -3.10 -5.96
conv14 64 3.36 16.03 -1.43 -7.30
conv14 65 -20.22 27.10 -0.67 3.10
conv14 66 -9.98 -3.19 10.91 23.58
conv14 67 7.64 28.19 10.82 -17.03
conv14 68 25.68 0.92 1.09 9.98
conv14 69 7.55 4.03 4.95 7.13
conv14 70 -27.94 -5.03 3.52 6.63
conv14 71 7.30 -13.43 6.80 18.12
conv14 72 34.40 12.75 6.04 10.32
conv14 73 -1.01 -6.38 7.80 7.80
conv14 74 -4.20 5.29 6.04 12.33
conv14 75 14.10 4.03 30.63 4.45
conv14 76 -4.03 12.59 19.80 -5.45
conv14 77 3.61 -8.31 4.61 -3.10
conv14 78 3.27 2.18 -0.17 -14.60
conv14 79 3.44 9.40 15.02 -5.45
conv14 80 3.10 1.93 10.82 4.70
conv14 81 28.70 13.01 -20.39 -0.17
conv14 82 5.37 21.73 2.01 -2.35
conv14 83 -9.23 4.70 17.45 -6.96
conv14 84 1.85 14.52 5.20 9.40
conv14 85 -4.20 20.05 5.20 15.77
conv14 86 37.34 2.43 -3.27 7.38
conv14 87 6.13 -26.85 4.20 3.69
conv14 88 6.46 8.64 3.69 4.28
conv14 89 1.26 23.33 9.82 1.76
conv14 90 2.77 4.45 -0.50 4.20
conv14 91 5.96 18.96 3.78 3.02
conv14 92 2.94 4.03 -5.71 -19.47
conv14 93 30.63 -9.57 4.78 3.27
conv14 94 10.32 18.80 6.71 0.76
conv14 95 -6.21 -1.59 20.81 -7.97
conv14 96 12.17 -3.86 10.74 0.17
conv14 97 3.78 16.36 13.51 3.27
conv14 98 34.65 -28.28 5.54 10.99
conv14 99 4.61 -30.63 3.86 12.42
conv14 100 9.65 -13.68 2.43 27.44
conv14 101 5.96 17.28 6.13 -6.29
conv14 102 40.27 22.99 5.37 5.87
conv14 103 6.80 -5.03 -6.54 12.33
conv14 104 -10.99 -2.35 9.23 4.20
conv14 105 6.88 6.96 -0.42 8.64
conv14 106 17.20 -31.38 15.69 12.50
conv14 107 2.01 19.80 3.36 -10.91
conv14 108 14.18 -4.03 -8.47 2.27
conv14 109 7.89 -2.35 3.44 2.43
conv14 110 4.78 6.21 9.48 -2.69
conv14 111 31.97 -2.35 -23.41 5.62
conv14 112 22.99 5.79 -4.70 8.39
conv14 113 18.21 8.14 8.89 4.11
conv14 114 8.64 4.03 4.45 16.19
conv14 115 -25.68 19.89 20.81 -4.87
conv14 116 -1.26 -26.01 5.54 27.02
conv14 117 7.80 2.52 0.00 19.13
conv14 118 1.01 0.50 28.53 7.05
conv14 119 19.63 -14.10 1.93 17.70
conv14 120 8.39 -0.25 7.64 -0.84
conv14 121 5.45 17.12 -4.11 4.53
conv14 122 6.13 2.60 1.17 -8.47
conv14 123 -3.86 6.88 11.08 6.80
conv14 124 29.70 22.07 -18.63 -23.91
conv14 125 -37.84 -13.09 15.19 4.70
conv14 126 -5.37 -8.56 -8.81 18.12
conv14 127 14.43 16.53 2.35 -10.40
conv14 128 -0.50 5.12 9.06 8.31
conv14 129 -10.24 -0.92 9.82 6.29
conv14 130 6.21 9.57 8.39 -6.04
conv14 131 -4.53 -16.87 -1.01 9.48
conv14 132 -28.61 41.37 8.73 3.69
conv14 133 11.16 -14.85 17.37 28.53
conv14 134 12.75 34.99 3.44 -5.87
conv14 135 10.66 2.43 4.03 1.93
conv14 136 1.34 -24.00 15.61 -3.02
conv14 137 -2.10 -1.01 18.80 13.43
conv14 138 1.68 1.85 4.11 13.17
conv14 139 5.54 22.32 0.42 -18.04
conv14 140 19.30 -0.00 -1.09 12.17
conv14 141 11.50 25.68 3.02 10.49
conv14 142 9.73 -8.98 -2.35 13.84
conv14 143 15.02 40.11 9.31 7.72
conv14 144 2.68 29.95 11.16 -3.69
conv14 145 5.62 35.49 5.71 9.40
conv14 146 12.25 14.26 15.02 -4.53
conv14 147 2.69 2.43 -7.97 16.36
conv14 148 16.70 6.71 -6.88 6.54
conv14 149 -9.73 1.09 25.09 3.19
conv14 150 26.26 19.21 -6.80 -9.40
conv14 151 -23.75 0.08 12.75 -0.08
conv14 152 4.03 16.53 1.01 -3.52
conv14 153 12.25 0.34 8.56 19.47
conv14 154 14.01 -19.55 4.53 8.64
conv14 155 4.45 19.47 4.45 2.35
conv14 156 10.15 -14.26 7.64 18.80
conv14 157 8.64 10.99 31.30 28.78
conv14 158 5.20 -2.10 -15.02 36.75
conv14 159 -2.60 2.01 15.02 0.42
conv14 160 -5.96 -17.20 13.84 16.03
conv14 161 -12.59 1.51 18.88 15.10
conv14 162 25.84 6.54 -16.78 9.82
conv14 163 -20.56 25.68 6.13 -3.94
conv14 164 29.28 4.36 -7.89 6.71
conv14 165 1.85 -7.38 4.20 16.78
conv14 166 9.06 -9.82 0.00 -2.94
conv14 167 -4.87 -2.77 15.35 3.86
conv14 168 -0.08 -2.10 21.82 9.06
conv14 169 -5.29 -54.62 5.62 -2.85
conv14 170 27.19 14.52 -9.31 -1.68
conv14 171 3.94 9.57 14.68 -5.96
conv14 172 44.47 3.36 3.69 4.28
conv14 173 27.02 -16.61 2.18 7.30
conv14 174 25.26 7.47 -9.82 -16.61
conv14 175 11.66 0.00 6.13 2.43
conv14 176 3.02 6.96 6.80 6.88
conv14 177 14.77 -13.76 6.29 27.27
conv14 178 5.29 20.72 1.68 0.59
conv14 179 -9.23 2.10 15.44 8.39
conv14 180 -3.94 13.76 4.11 8.73
conv14 181 -23.33 3.02 7.97 -2.52
conv14 182 4.11 3.02 20.14 5.87
conv14 183 56.13 -12.00 2.35 0.76
conv14 184 38.09 36.58 3.94 6.46
conv14 185 27.94 -1.01 -4.36 0.42
conv14 186 9.98 8.31 -0.34 -7.22
conv14 187 -9.98 -4.36 12.33 22.65
conv14 188 0.42 29.03 0.92 -0.67
conv14 189 34.65 31.38 22.82 20.22
conv14 190 44.47 10.07 -20.89 8.81
conv14 191 13.17 13.43 4.95 -12.67
conv14 192 3.19 11.75 5.71 -16.87
conv14 193 12.17 -14.10 4.95 2.94
conv14 194 10.15 30.04 7.22 1.68
conv14 195 6.71 12.17 -2.85 -7.97
conv14 196 -5.87 2.77 16.53 8.64
conv14 197 3.44 -29.62 10.15 21.23
conv14 198 7.05 4.45 -8.22 5.03
conv14 199 30.63 -13.68 -0.42 -1.43
conv14 200 2.85 19.55 7.55 0.76
conv14 201 -20.64 2.10 25.00 1.43
conv14 202 -40.86 22.32 28.78 6.63
conv14 203 -0.25 2.85 20.22 25.17
conv14 204 0.25 5.03 4.70 0.67
conv14 205 -10.74 -15.44 8.81 14.18
conv14 206 37.59 -11.33 4.95 -6.80
conv14 207 25.84 14.60 0.08 -5.54
conv14 208 2.01 3.69 16.19 10.07
conv14 209 28.70 4.87 -6.13 7.55
conv14 210 7.30 7.72 1.01 7.30
conv14 211 10.49 7.97 -5.20 -0.08
conv14 212 31.97 5.37 -17.79 7.13
conv14 213 11.50 -7.22 -1.93 14.77
conv14 214 9.48 -7.05 4.28 10.49
conv14 215 -13.17 1.59 23.83 8.06
conv14 216 4.87 -15.19 8.81 16.36
conv14 217 -15.94 5.54 19.72 5.54
conv14 218 2.52 1.01 7.89 17.20
conv14 219 33.81 -6.38 -12.33 4.53
conv14 220 -19.89 -0.00 27.10 6.63
conv14 221 -23.49 29.70 4.36 7.30
conv14 222 -11.50 11.08 22.99 2.85
conv14 223 32.72 30.63 11.50 10.24
conv14 224 -0.59 42.71 6.13 -12.84
conv14 225 0.34 -8.22 23.83 5.37
conv14 226 21.23 -0.42 3.86 4.95
conv14 227 11.58 1.68 2.77 13.34
conv14 228 7.30 7.22 -1.43 -12.00
conv14 229 3.94 20.39 -1.76 -4.95
conv14 230 0.00 2.85 -4.87 -9.57
conv14 231 18.21 12.42 2.85 0.00
conv14 232 8.64 -16.95 0.76 14.68
conv14 233 -5.71 0.34 19.55 11.41
conv14 234 6.63 8.89 9.31 -14.10
conv14 235 11.50 18.38 -4.11 -3.44
conv14 236 0.34 8.47 6.96 -11.41
conv14 237 5.62 19.89 9.31 1.85
conv14 238 6.54 25.42 6.13 -16.53
conv14 239 -3.61 30.04 25.00 3.10
conv14 240 -14.85 6.96 13.76 5.12
conv14 241 2.27 2.68 -9.15 2.77
conv14 242 21.23 23.24 7.13 -13.68
conv14 243 -15.77 8.56 26.09 9.06
conv14 244 15.19 31.13 4.78 16.61
conv14 245 2.69 -1.17 7.89 -1.93
conv14 246 19.47 32.30 3.52 1.76
conv14 247 26.60 -21.23 6.21 2.52
conv14 248 0.25 3.27 16.53 5.37
conv14 249 0.76 -9.31 8.89 23.41
conv14 250 15.02 4.61 2.60 28.28
conv14 251 0.59 30.63 2.52 -16.36
conv14 252 9.57 -3.27 -16.11 8.56
conv14 253 8.06 8.06 6.63 9.48
conv14 254 4.45 19.05 5.37 -10.07
conv14 255 5.37 -17.79 5.79 17.62
conv15 0 7.02 18.99 -6.92 -18.59
conv15 1 5.24 12.26 15.03 14.04
conv15 2 23.05 -6.33 3.26 37.78
conv15 3 -2.27 -7.32 5.64 28.29
conv15 4 15.92 4.25 -0.79 -17.01
conv15 5 5.34 17.31 26.01 -16.72
conv15 6 -12.86 14.93 9.50 -18.20
conv15 7 -15.23 20.28 8.31 -8.70
conv15 8 -0.59 1.78 12.76 17.61
conv15 9 7.22 20.57 3.96 3.36
conv15 10 10.88 1.68 4.35 -14.14
conv15 11 3.46 -5.93 -9.69 25.22
conv15 12 5.54 10.68 -24.63 -7.22
conv15 13 1.88 3.76 31.95 7.02
conv15 14 9.10 -6.23 1.58 -2.97
conv15 15 1.58 12.96 14.24 -1.68
conv15 16 9.30 -1.48 4.65 -1.58
conv15 17 0.00 -13.65 7.12 3.36
conv15 18 32.24 -0.69 -10.19 13.06
conv15 19 7.62 7.91 -6.23 5.64
conv15 20 -7.02 -8.80 10.29 19.09
conv15 21 -21.66 3.96 4.06 -9.69
conv15 22 -17.11 11.57 51.13 0.99
conv15 23 9.00 21.66 8.41 -17.11
conv15 24 -0.69 5.93 10.29 34.72
conv15 25 3.46 23.94 5.34 -4.45
conv15 26 2.47 22.35 4.25 11.67
conv15 27 31.95 41.15 16.91 9.89
conv15 28 9.10 5.74 3.66 41.94
conv15 29 -16.81 -5.24 0.49 -10.19
conv15 30 4.55 -4.65 26.90 -4.06
conv15 31 -0.99 -3.96 12.86 11.67
conv15 32 18.00 9.50 -3.76 -16.81
conv15 33 -0.79 1.78 14.14 -28.68
conv15 34 4.06 17.51 9.00 -19.58
conv15 35 4.65 -9.00 13.55 23.44
conv15 36 14.74 19.58 2.77 -7.81
conv15 37 10.78 -1.58 0.59 -2.97
conv15 38 3.07 -21.46 -1.78 1.58
conv15 39 14.74 0.89 -18.40 14.74
conv15 40 2.27 2.67 4.65 24.73
conv15 41 5.84 -25.62 -9.79 3.86
conv15 42 2.87 12.56 31.75 -17.31
conv15 43 -0.59 18.00 -2.87 -15.92
conv15 44 17.41 17.11 0.40 -4.85
conv15 45 17.90 -0.49 -1.09 13.06
conv15 46 27.50 -22.55 -5.34 12.96
conv15 47 12.56 11.87 -6.53 -0.59
conv15 48 13.45 3.66 -22.45 5.04
conv15 49 6.53 -11.67 6.43 6.23
conv15 50 14.04 3.56 17.11 -11.37
conv15 51 -15.13 2.27 -1.58 -0.40
conv15 52 17.90 0.79 6.23 38.67
conv15 53 5.24 13.15 15.23 70.32
conv15 54 6.53 2.27 2.67 34.12
conv15 55 1.38 5.44 11.97 3.56
conv15 56 6.82 9.10 -9.99 -8.90
conv15 57 6.63 -4.06 -0.99 -1.58
conv15 58 7.22 12.86 11.87 -25.32
conv15 59 8.70 7.12 0.99 -11.47
conv15 60 12.46 -28.78 1.78 2.37
conv15 61 -4.95 12.17 35.41 -15.63
conv15 62 -27.40 3.17 10.09 23.44
conv15 63 5.64 -4.06 -11.18 11.47
conv15 64 24.03 -2.37 8.90 -4.06
conv15 65 1.09 -2.67 18.40 7.02
conv15 66 31.45 7.81 19.48 -5.34
conv15 67 -36.40 7.32 21.86 -5.64
conv15 68 -5.04 7.91 43.22 13.25
conv15 69 16.81 15.33 -21.07 1.48
conv15 70 1.68 1.19 -19.78 13.06
conv15 71 -13.45 23.64 22.45 -11.87
conv15 72 9.30 6.73 8.70 -24.63
conv15 73 5.64 1.48 4.35 4.25
conv15 74 -3.46 -20.57 11.97 2.67
conv15 75 3.66 17.01 16.52 -22.55
conv15 76 0.89 4.45 8.21 -11.77
conv15 77 0.20 9.99 19.98 11.77
conv15 78 1.88 3.07 24.23 -5.04
conv15 79 29.97 -12.86 1.88 2.77
conv15 80 41.05 -20.67 -2.27 7.42
conv15 81 6.33 -4.75 13.85 -35.21
conv15 82 20.97 -31.55 -7.81 15.33
conv15 83 9.20 29.08 15.13 -16.22
conv15 84 5.64 4.15 3.66 31.16
conv15 85 -15.33 -2.08 5.84 -5.74
conv15 86 4.35 16.52 -4.85 -4.35
conv15 87 26.70 -4.35 -18.99 15.23
conv15 88 4.35 2.08 1.38 13.95
conv15 89 62.11 -17.51 3.56 1.58
conv15 90 32.84 -16.81 -2.67 7.12
conv15 91 -15.63 -0.79 6.23 12.56
conv15 92 4.15 -17.11 1.19 20.28
conv15 93 10.98 13.15 47.38 -2.67
conv15 94 9.00 -13.25 1.98 19.09
conv15 95 15.03 9.10 6.23 9.89
conv15 96 5.04 -5.93 0.89 27.10
conv15 97 1.68 5.04 12.17 20.57
conv15 98 7.22 -21.56 -9.50 8.70
conv15 99 4.95 -16.81 4.15 -13.75
conv15 100 20.97 11.57 -0.69 -1.78
conv15 101 4.25 5.44 6.03 -4.65
conv15 102 8.11 28.68 9.40 -1.29
conv15 103 3.66 -34.42 4.45 -11.97
conv15 104 6.33 6.53 7.42 10.98
conv15 105 -15.73 -10.39 12.96 21.36
conv15 106 1.58 28.39 1.88 -0.69
conv15 107 3.86 21.66 22.16 -26.41
conv15 108 38.47 -16.91 6.82 6.92
conv15 109 10.98 15.63 13.85 -4.85
conv15 110 1.88 4.95 14.14 -0.89
conv15 111 18.40 23.24 -7.52 -14.14
conv15 112 16.72 -33.53 3.36 1.19
conv15 113 23.34 5.93 -5.93 7.32
conv15 114 7.42 26.70 -5.84 6.13
conv15 115 0.69 8.90 -0.30 -3.66
conv15 116 1.29 -22.65 9.59 -2.27
conv15 117 -31.65 -18.79 3.96 4.15
conv15 118 3.66 -5.74 -9.49 15.43
conv15 119 7.71 17.70 10.78 -28.49
conv15 120 -5.24 18.50 5.84 2.97
conv15 121 13.06 18.99 -7.81 -9.69
conv15 122 3.56 3.66 24.43 8.70
conv15 123 5.74 13.85 21.17 -18.40
conv15 124 0.89 15.82 -17.11 -12.07
conv15 125 1.78 -6.82 7.81 9.59
conv15 126 35.21 -22.35 7.22 6.33
conv15 127 15.63 -9.99 -18.99 3.56
conv15 128 3.07 -2.97 -8.21 5.54
conv15 129 12.76 -5.84 -10.58 55.19
conv15 130 9.79 -1.48 9.50 1.68
conv15 131 0.49 -1.78 -4.55 14.64
conv15 132 6.73 -0.00 13.45 -40.25
conv15 133 6.13 -0.59 -0.00 -13.45
conv15 134 4.45 5.74 -19.29 -8.41
conv15 135 26.31 -33.43 -0.20 3.46
conv15 136 0.40 22.25 26.51 -22.55
conv15 137 -6.82 -0.99 -0.40 -2.08
conv15 138 9.10 -26.90 1.58 19.19
conv15 139 0.30 -0.10 9.79 -14.44
conv15 140 6.92 -6.53 -3.36 -0.79
conv15 141 4.06 4.06 3.26 -14.34
conv15 142 0.20 5.04 8.60 -1.29
conv15 143 11.47 16.02 -0.69 -19.29
conv15 144 -36.20 8.60 -0.10 -2.27
conv15 145 -16.32 2.57 13.55 -3.36
conv15 146 -8.80 -6.82 -2.18 27.20
conv15 147 -4.55 -29.67 -4.65 7.52
conv15 148 13.35 -11.97 4.06 12.86
conv15 149 -17.70 -3.26 13.65 -3.96
conv15 150 -4.06 22.75 5.24 4.06
conv15 151 -2.87 1.98 37.58 5.54
conv15 152 7.91 23.24 20.77 -2.97
conv15 153 4.25 2.67 1.38 1.19
conv15 154 2.18 0.79 11.47 33.23
conv15 155 1.19 1.88 5.74 15.33
conv15 156 12.96 -1.09 -4.25 11.47
conv15 157 1.58 7.71 -41.15 -8.41
conv15 158 0.10 1.78 29.18 31.25
conv15 159 -2.27 0.99 12.56 -2.77
conv15 160 2.57 -3.56 17.31 12.17
conv15 161 6.13 -5.93 -13.15 11.28
conv15 162 -22.35 -28.58 1.19 -6.73
conv15 163 3.76 -52.22 -10.39 8.60
conv15 164 11.77 -14.54 -3.56 0.89
conv15 165 6.23 -8.80 -17.51 12.07
conv15 166 1.88 8.80 1.88 2.18
conv15 167 6.43 -13.85 -6.43 8.80
conv15 168 -12.17 4.35 -0.40 -2.27
conv15 169 6.73 36.99 8.11 -9.30
conv15 170 5.74 39.66 -0.59 3.96
conv15 171 -2.87 13.35 18.40 0.49
conv15 172 -8.80 -1.68 27.10 -2.27
conv15 173 7.22 23.44 -8.60 4.55
conv15 174 3.66 -14.44 1.09 37.58
conv15 175 29.28 -9.89 9.69 -5.74
conv15 176 -11.77 3.07 18.40 38.08
conv15 177 6.33 7.02 3.56 2.77
conv15 178 -23.05 -26.01 -2.08 4.25
conv15 179 -8.90 15.03 33.83 0.30
conv15 180 6.63 33.33 17.31 -5.24
conv15 181 18.99 14.84 43.82 -29.57
conv15 182 -20.28 -6.23 -6.82 1.98
conv15 183 -19.98 -2.08 22.55 -3.07
conv15 184 -12.66 12.76 6.23 -9.20
conv15 185 7.32 2.27 -10.68 0.69
conv15 186 0.69 3.76 23.34 -7.91
conv15 187 6.53 0.20 2.87 12.17
conv15 188 -3.76 22.06 2.97 6.53
conv15 189 4.15 -1.98 1.58 21.66
conv15 190 9.10 17.11 54.60 -16.02
conv15 191 4.95 6.73 -7.52 -13.85
conv15 192 15.03 -7.32 7.32 20.57
conv15 193 -3.46 -3.66 25.91 1.98
conv15 194 2.97 16.91 24.73 -34.12
conv15 195 4.65 18.20 0.89 -28.19
conv15 196 14.84 32.05 13.06 4.25
conv15 197 0.20 -18.59 5.44 38.47
conv15 198 6.33 9.10 -3.96 -8.01
conv15 199 36.89 -15.92 -30.17 16.22
conv15 200 6.73 -19.78 3.36 15.92
conv15 201 1.78 -4.35 19.39 3.36
conv15 202 9.40 16.22 8.01 -19.78
conv15 203 8.60 9.30 -2.57 -3.07
conv15 204 6.92 -3.16 33.33 -22.65
conv15 205 4.95 0.10 4.06 10.19
conv15 206 -0.30 4.75 15.53 29.87
conv15 207 2.67 8.21 -18.20 -0.40
conv15 208 5.24 -0.49 10.19 6.13
conv15 209 6.73 18.20 12.26 10.98
conv15 210 7.52 14.24 21.46 11.28
conv15 211 -0.69 13.65 -5.44 -19.19
conv15 212 1.29 7.02 18.50 19.29
conv15 213 17.31 3.76 23.14 -10.88
conv15 214 25.52 4.06 -14.93 11.28
conv15 215 -11.28 8.60 -24.53 9.00
conv15 216 15.43 -55.59 6.53 42.53
conv15 217 7.62 3.46 -2.08 -24.03
conv15 218 1.29 45.00 4.85 -16.62
conv15 219 16.02 14.54 -8.01 -3.66
conv15 220 5.64 52.32 -7.52 2.77
conv15 221 8.11 -0.00 -3.07 25.91
conv15 222 0.99 6.82 5.64 -3.76
conv15 223 32.24 8.31 -4.45 -10.19
conv15 224 37.49 2.67 -11.57 3.66
conv15 225 0.10 -4.85 6.82 16.62
conv15 226 7.02 3.66 -7.02 6.33
conv15 227 -3.17 20.08 24.13 -11.47
conv15 228 12.56 2.08 13.06 -1.58
conv15 229 -41.24 2.37 7.22 2.37
conv15 230 6.03 2.08 5.14 -22.06
conv15 231 -66.46 9.89 10.29 -12.66
conv15 232 16.52 13.25 -0.49 -1.68
conv15 233 -2.87 -34.91 3.66 27.00
conv15 234 11.67 20.77 8.21 -11.97
conv15 235 4.15 -1.09 19.58 31.85
conv15 236 -8.90 5.24 21.96 17.90
conv15 237 12.46 9.20 0.30 -38.08
conv15 238 -3.86 -12.26 -9.00 8.90
conv15 239 4.45 -6.13 -10.29 17.21
conv15 240 5.64 14.24 14.34 -34.52
conv15 241 8.31 5.24 -6.23 -4.65
conv15 242 1.98 4.55 13.75 18.20
conv15 243 2.57 -26.01 -0.10 -3.26
conv15 244 13.25 30.76 5.14 -4.45
conv15 245 2.18 -0.49 9.40 6.33
conv15 246 1.19 10.39 6.13 3.56
conv15 247 1.48 -13.85 -1.88 -18.40
conv15 248 2.57 -2.77 -12.96 2.37
conv15 249 3.17 5.44 8.31 22.95
conv15 250 17.80 25.91 -10.78 19.29
conv15 251 -2.97 41.94 2.77 -31.75
conv15 252 1.78 -42.93 -7.32 -14.14
conv15 253 14.44 -21.46 -3.96 17.80
conv15 254 5.34 -44.41 10.48 47.97
conv15 255 3.56 -8.60 20.67 1.78
conv16 0 -1.55 -39.88 -40.30 -13.88
conv16 1 -20.20 7.15 -22.79 -21.24
conv16 2 -20.30 -12.22 -6.94 -35.64
conv16 3 -39.57 -12.33 -39.78 -8.60
conv16 4 -32.74 -35.33 -66.61 -31.91
conv16 5 -17.51 -23.93 -26.00 -3.63
conv16 6 -40.82 -46.31 -17.51 -8.60
conv16 7 -24.66 -44.03 -9.94 -12.22
conv16 8 -18.44 -16.99 4.04 -20.30
conv16 9 -10.15 -9.84 -8.08 -10.77
conv16 10 -45.06 -5.08 4.77 -30.15
conv16 11 -7.46 -78.52 -15.02 0.21
conv16 12 3.73 -9.43 -34.39 -27.35
conv16 13 -11.50 -9.12 -30.97 -29.11
conv16 14 -32.42 -11.29 3.21 -12.12
conv16 15 -8.91 -16.57 -14.09 -11.19
conv16 16 -9.43 -8.39 -16.06 1.86
conv16 17 -24.14 -13.05 -15.02 -32.53
conv16 18 -17.51 -25.07 -32.42 -20.10
conv16 19 -23.20 -37.71 -14.71 -10.26
conv16 20 2.69 -20.62 -33.56 -7.36
conv16 21 2.38 4.04 -21.34 -26.52
conv16 22 -21.75 -21.34 -3.52 15.44
conv16 23 -4.87 -2.59 -10.88 -27.25
conv16 24 -22.58 -31.08 -10.77 7.98
conv16 25 -22.58 -21.96 -9.22 -50.86
conv16 26 -3.73 -15.64 -19.27 -27.04
conv16 27 -7.56 21.65 -21.44 -17.40
conv16 28 -32.84 -34.29 -15.75 -9.94
conv16 29 -4.35 -28.80 -16.47 -5.70
conv16 30 -8.81 -15.02 -11.40 -19.16
conv16 31 -25.59 -55.53 -15.44 -4.25
conv16 32 -25.59 -59.67 -11.08 -15.95
conv16 33 -16.99 -27.76 3.21 -13.16
conv16 34 -24.34 -31.91 -3.42 -3.73
conv16 35 -16.89 -23.41 -12.74 -21.96
conv16 36 -33.36 17.92 -13.16 -10.98
conv16 37 -7.15 -10.57 -59.26 -28.28
conv16 38 -27.14 -19.16 -4.97 -14.19
conv16 39 -19.79 -13.26 -55.32 -22.07
conv16 40 -9.01 -2.07 -33.15 -39.47
conv16 41 -3.31 1.86 -21.13 -31.70
conv16 42 -8.08 -7.46 -22.38 -63.19
conv16 43 -21.65 -24.03 20.82 -45.68
conv16 44 -15.95 -18.85 -0.21 5.80
conv16 45 -9.12 -10.46 -13.99 -38.43
conv16 46 -12.85 -36.88 -11.91 11.50
conv16 47 -42.37 -17.61 -11.19 -0.41
conv16 48 -13.47 -12.95 -12.02 -29.21
conv16 49 -16.68 -33.15 -13.57 -8.60
conv16 50 -45.58 -12.33 -2.49 -12.95
conv16 51 -11.29 14.40 -13.16 -30.25
conv16 52 -3.11 2.69 -22.58 -18.75
conv16 53 -24.45 -27.35 -6.53 2.07
conv16 54 -3.83 7.04 -20.93 -33.67
conv16 55 -15.64 -34.19 -26.11 12.12
conv16 56 -19.58 -30.25 16.26 -16.06
conv16 57 -8.81 12.53 -10.05 -27.45
conv16 58 -16.89 -18.54 -23.00 -63.92
conv16 59 -6.94 -5.49 -34.08 -18.96
conv16 60 -14.40 -18.96 -22.69 -17.30
conv16 61 -53.35 -16.57 34.91 -21.34
conv16 62 -3.32 -20.72 -24.76 -33.88
conv16 63 7.77 17.92 -14.71 -1.66
conv16 64 -12.12 4.77 -14.09 -34.29
conv16 65 -3.11 3.31 -24.45 -39.99
conv16 66 -16.78 -25.48 -0.93 -18.13
conv16 67 5.80 -33.56 -12.43 -12.12
conv16 68 -29.42 -12.95 1.24 -29.84
conv16 69 -4.56 -39.26 -13.36 -4.56
conv16 70 -23.41 -9.22 13.36 -42.58
conv16 71 25.07 -39.88 -16.06 -3.83
conv16 72 -15.54 2.38 -6.01 -58.53
conv16 73 -10.67 -18.34 -23.31 2.80
conv16 74 -16.68 -53.04 -53.45 -20.41
conv16 75 -31.80 29.21 -28.18 -11.08
conv16 76 -23.10 2.38 -13.67 -29.42
conv16 77 -49.31 0.21 -11.50 -9.53
conv16 78 -20.20 -10.05 -26.62 -22.48
conv16 79 -13.57 -16.78 37.81 33.05
conv16 80 -9.53 -18.85 -3.73 -21.55
conv16 81 -20.30 -20.10 -18.75 0.10
conv16 82 -12.22 -16.47 -14.09 -18.65
conv16 83 -9.63 -28.70 -17.20 15.64
conv16 84 -16.99 3.63 -9.12 -35.84
conv16 85 -23.20 -30.66 -13.16 -24.14
conv16 86 -10.36 -21.44 -6.32 -13.26
conv16 87 -12.85 -31.29 -21.75 -5.39
conv16 88 -16.47 -17.40 -16.37 4.45
conv16 89 -17.09 -52.11 -17.51 -5.59
conv16 90 -10.57 -49.52 -13.36 -13.26
conv16 91 -26.42 -7.25 -2.59 -11.08
conv16 92 -2.28 -12.43 -16.37 -29.21
conv16 93 -22.38 -40.40 -5.39 -5.28
conv16 94 -10.57 16.26 -12.12 -27.14
conv16 95 -7.04 26.62 -11.60 -18.75
conv16 96 -27.97 -37.50 -30.35 -12.95
conv16 97 -15.44 -16.26 -18.44 -40.40
conv16 98 -19.68 -17.09 -29.73 -45.37
conv16 99 -8.60 -13.88 -27.04 -39.68
conv16 100 -3.31 -61.22 -14.09 -18.13
conv16 101 -26.00 -21.86 -9.63 -3.21
conv16 102 -31.60 -7.67 -10.05 -18.03
conv16 103 -14.92 -41.85 -14.50 9.12
conv16 104 -21.24 -45.06 -16.47 -26.42
conv16 105 -18.03 -16.06 -13.47 -0.83
conv16 106 -20.62 -13.57 -7.77 -7.98
conv16 107 -9.94 6.01 -22.89 -24.34
conv16 108 -23.00 -13.47 -5.90 -20.10
conv16 109 -17.61 5.59 -10.26 -33.88
conv16 110 -10.98 -1.24 -17.40 -38.33
conv16 111 -13.88 -27.76 -13.78 -56.98
conv16 112 -16.47 -6.01 -16.99 -40.09
conv16 113 -15.44 -9.01 -18.75 -49.52
conv16 114 -22.58 -29.63 -9.53 -6.11
conv16 115 -15.02 10.15 -30.77 -38.64
conv16 116 -23.62 -41.02 -10.77 -4.45
conv16 117 -4.04 12.74 -25.38 -18.13
conv16 118 -45.48 -12.64 -4.35 -29.52
conv16 119 -18.34 -7.77 -17.40 -34.50
conv16 120 -4.97 -22.79 -17.40 -9.01
conv16 121 -28.38 26.83 -11.71 -20.72
conv16 122 -49.62 -12.95 -8.60 -25.69
conv16 123 -15.95 10.57 -12.12 -33.36
conv16 124 -12.95 -11.08 30.87 27.87
conv16 125 -11.40 -27.45 -20.30 9.63
conv16 126 -16.47 -23.20 -19.99 -11.71
conv16 127 -16.99 -15.33 -35.74 -84.22
conv16 128 -13.67 -12.74 -22.79 -18.34
conv16 129 -8.29 -9.94 -33.05 -37.71
conv16 130 -12.85 -18.13 -20.20 20.62
conv16 131 -15.85 -31.80 -10.57 25.59
conv16 132 -16.26 -22.27 -40.92 29.01
conv16 133 -16.99 -26.00 -14.09 -9.12
conv16 134 -10.15 -30.46 -15.75 -15.85
conv16 135 18.03 8.81 -23.10 -12.43
conv16 136 -21.13 -45.27 -14.71 -21.55
conv16 137 -15.75 3.94 -10.05 -20.51
conv16 138 -0.52 -32.94 -33.67 -4.14
conv16 139 -30.04 39.78 -17.61 -13.88
conv16 140 -67.75 -13.36 34.70 -54.39
conv16 141 15.85 -58.94 -18.85 -13.78
conv16 142 -20.20 -61.74 -14.40 -3.42
conv16 143 -3.42 -5.70 -28.80 -29.42
conv16 144 -14.61 -69.10 -18.65 -9.12
conv16 145 14.09 -6.63 -42.16 -27.45
conv16 146 -26.00 -42.27 -9.94 -10.05
conv16 147 -41.33 -18.34 0.41 -15.44
conv16 148 -26.21 -77.18 -14.19 -9.84
conv16 149 -14.92 -30.25 -18.85 0.10
conv16 150 -10.98 23.10 -16.06 -21.96
conv16 151 -38.23 -17.92 -10.46 -27.04
conv16 152 -42.78 -32.22 8.08 -10.05
conv16 153 -13.16 -31.18 15.54 -27.45
conv16 154 -22.79 -19.99 -11.60 -12.85
conv16 155 -12.02 -20.82 -17.30 -12.33
conv16 156 -5.49 -2.69 -15.95 -36.46
conv16 157 -55.94 -22.38 1.97 -12.02
conv16 158 -11.81 -40.61 -11.50 -10.67
conv16 159 -15.12 -64.02 -20.51 -14.92
conv16 160 -65.26 -22.48 -6.32 -22.07
conv16 161 33.77 3.21 -16.78 -9.63
conv16 162 -8.91 -13.57 -18.75 -21.86
conv16 163 -23.93 -30.97 12.53 10.67
conv16 164 -14.81 -3.52 -15.23 -37.92
conv16 165 -21.55 -1.45 -21.96 -13.99
conv16 166 -49.73 -22.89 -14.61 -0.62
conv16 167 -26.52 -5.49 -14.61 -20.72
conv16 168 -10.46 0.10 -20.62 -33.56
conv16 169 -30.35 -10.98 -14.09 -26.21
conv16 170 -21.44 -25.79 9.63 -63.71
conv16 171 -16.06 -23.93 -13.47 -9.32
conv16 172 -11.29 -41.75 -15.44 -9.01
conv16 173 -20.41 -29.21 -13.36 -12.33
conv16 174 -30.97 -21.03 -17.20 -6.42
conv16 175 -10.98 -8.91 -31.49 -15.12
conv16 176 -22.17 -42.37 -21.34 -13.16
conv16 177 -12.12 -55.11 -11.08 11.40
conv16 178 -26.31 3.42 -13.26 -13.78
conv16 179 -15.85 13.88 -13.05 -23.62
conv16 180 -12.64 -65.16 3.00 15.95
conv16 181 -4.77 7.25 -9.94 -16.47
conv16 182 -16.99 -13.26 -34.29 -52.94
conv16 183 -12.33 -34.50 -24.34 -1.76
conv16 184 28.18 -37.60 -11.71 -11.60
conv16 185 -39.37 -31.49 -9.32 -15.54
conv16 186 -14.50 -10.57 -2.59 -16.06
conv16 187 -45.48 -53.14 -10.67 -21.34
conv16 188 -3.21 -12.64 -3.73 22.48
conv16 189 -10.67 -22.38 -14.09 -9.43
conv16 190 47.14 29.63 -16.37 -10.05
conv16 191 -9.43 -29.01 -13.26 -11.29
conv16 192 -39.47 -37.60 -9.01 -13.57
conv16 193 2.07 -5.28 -23.41 -32.32
conv16 194 -35.12 -42.68 -13.57 -15.54
conv16 195 -62.36 -8.81 -32.84 -7.25
conv16 196 -12.33 -17.20 -17.92 -17.09
conv16 197 -4.35 -17.30 -12.43 -16.99
conv16 198 -28.70 -20.20 -12.85 -22.38
conv16 199 -12.64 -2.59 -18.13 -30.46
conv16 200 -19.37 -39.47 -14.09 -10.57
conv16 201 -12.53 -8.18 -27.66 -22.27
conv16 202 -11.81 1.24 -18.54 -43.72
conv16 203 -12.02 -10.15 -15.54 -14.71
conv16 204 -19.37 -30.66 -11.19 20.51
conv16 205 5.39 -2.28 -38.95 -37.92
conv16 206 -13.57 -20.93 -70.65 -2.59
conv16 207 -5.18 -13.36 -20.82 -56.46
conv16 208 -0.00 -23.10 -39.37 -24.86
conv16 209 -33.46 23.10 -15.85 -15.54
conv16 210 -26.73 -20.30 -11.71 -39.99
conv16 211 -17.92 -19.27 -18.34 -28.90
conv16 212 -15.33 -17.92 -70.03 -16.99
conv16 213 -14.92 -17.92 4.87 -75.11
conv16 214 -35.43 -1.45 -11.19 -33.88
conv16 215 -7.98 -24.24 -10.77 -18.13
conv16 216 -12.12 8.29 -23.52 -29.42
conv16 217 0.93 -3.73 -15.54 -11.08
conv16 218 -20.72 -8.60 -4.97 -50.35
conv16 219 -28.07 -23.41 20.51 -0.83
conv16 220 -16.78 -2.69 -13.36 -49.62
conv16 221 12.53 -16.47 -13.57 -13.88
conv16 222 -100.69 -31.91 -20.93 -12.64
conv16 223 -13.36 -48.90 -16.16 -1.86
conv16 224 24.45 19.58 -59.36 -45.27
conv16 225 -8.29 7.46 -11.81 -36.98
conv16 226 -9.53 -48.48 -16.99 -8.49
conv16 227 -6.22 23.83 -16.37 -60.50
conv16 228 -4.56 9.32 -15.44 -21.55
conv16 229 -12.53 -19.89 -26.31 -13.57
conv16 230 -0.10 -40.09 -16.06 -7.36
conv16 231 -40.71 1.45 -6.42 -20.82
conv16 232 -13.99 -10.36 -29.83 -30.35
conv16 233 -9.32 -19.16 12.33 -59.57
conv16 234 -29.52 -17.51 -13.67 -17.92
conv16 235 -41.13 28.28 -15.64 -24.24
conv16 236 30.97 -27.97 -17.82 -17.82
conv16 237 -26.00 -13.16 -19.06 -25.17
conv16 238 -18.96 -21.13 27.35 -44.23
conv16 239 -10.05 -4.77 -17.92 -50.55
conv16 240 -9.22 4.25 -15.44 -24.45
conv16 241 5.18 -16.06 -36.47 -18.85
conv16 242 -4.56 -18.54 -24.14 -5.49
conv16 243 -15.64 -12.64 -19.89 36.98
conv16 244 10.26 16.47 -7.15 -6.22
conv16 245 -14.61 -11.91 -12.02 -5.80
conv16 246 -0.21 18.85 -13.78 -18.44
conv16 247 -11.81 -16.47 -9.94 12.12
conv16 248 -13.99 -12.74 -20.41 -52.83
conv16 249 -14.09 -21.13 -3.83 14.92
conv16 250 -23.21 -16.06 -22.38 -12.64
conv16 251 -13.57 -16.99 -20.20 -11.29
conv16 252 -22.07 -22.89 27.97 -10.46
conv16 253 -7.04 -35.95 -4.97 2.07
conv16 254 -92.09 -26.00 -12.53 -22.79
conv16 255 -29.42 -12.85 -8.29 -10.77
conv16 256 -16.99 -18.44 5.80 -51.69
conv16 257 -10.15 26.31 -12.22 -52.52
conv16 258 -22.48 -9.22 -11.50 -14.09
conv16 259 -18.23 -24.97 -5.18 -20.10
conv16 260 18.54 42.99 -9.32 -26.21
conv16 261 -17.92 0.31 -12.43 -16.16
conv16 262 -20.10 -42.58 -13.99 -9.43
conv16 263 -26.00 36.98 -15.95 -60.60
conv16 264 -9.01 -34.81 -18.44 2.90
conv16 265 -6.63 -69.62 -14.50 -19.89
conv16 266 -26.11 -34.60 -12.85 -13.57
conv16 267 -7.67 1.35 -21.44 -35.74
conv16 268 -19.48 -24.45 -13.05 -9.63
conv16 269 -15.54 -25.69 -48.79 -35.12
conv16 270 -15.54 -8.60 -35.22 -45.37
conv16 271 -18.34 -4.66 -23.21 -39.57
conv16 272 -7.87 -24.24 -70.65 -29.52
conv16 273 -37.50 -64.23 -18.34 -22.17
conv16 274 -23.20 36.98 -18.34 -20.82
conv16 275 -8.49 -31.39 -25.90 3.42
conv16 276 -16.68 -18.85 16.37 -41.85
conv16 277 -25.38 -10.15 -10.67 -12.64
conv16 278 -19.79 -26.62 -3.00 14.40
conv16 279 -9.22 -0.52 -19.89 -42.47
conv16 280 -11.29 -23.52 21.65 16.16
conv16 281 -12.33 -12.22 -21.65 -8.08
conv16 282 -13.88 -3.73 -25.59 -25.59
conv16 283 7.46 -24.66 -31.39 -32.22
conv16 284 -10.36 -9.53 -2.49 -38.85
conv16 285 9.94 -63.92 -16.16 -11.71
conv16 286 -17.61 24.14 -11.81 -32.63
conv16 287 -18.23 -18.65 -1.55 31.70
conv16 288 -13.36 -15.95 -22.89 -37.09
conv16 289 -26.73 -4.77 1.55 -14.61
conv16 290 -28.80 -2.90 -15.02 -37.50
conv16 291 6.63 -35.33 -9.84 -15.23
conv16 292 -14.40 -32.32 -20.93 -8.29
conv16 293 32.42 7.46 -79.04 -25.17
conv16 294 -12.53 12.85 -18.23 -18.85
conv16 295 -24.14 -38.54 -13.57 -5.90
conv16 296 -14.92 -18.75 -10.57 -13.16
conv16 297 -12.43 -7.67 -11.81 -27.97
conv16 298 -32.63 -25.48 -9.84 -1.55
conv16 299 -31.29 -15.85 -2.28 -12.85
conv16 300 5.08 -16.78 -12.85 -15.12
conv16 301 -12.85 -11.81 -17.61 -37.81
conv16 302 -22.38 -15.33 -6.42 -16.99
conv16 303 -21.55 -20.51 -19.16 -6.22
conv16 304 -20.93 -23.72 -8.91 -4.97
conv16 305 -14.19 -5.49 -27.25 -46.62
conv16 306 -28.59 -19.16 3.83 24.14
conv16 307 24.97 -57.18 -13.47 -14.09
conv16 308 -25.38 -32.94 -13.26 -6.32
conv16 309 -7.98 18.85 -10.77 -36.47
conv16 310 -37.92 -7.67 -11.29 -13.47
conv16 311 -0.10 -22.79 -31.80 -7.15
conv16 312 -9.74 -16.68 -14.09 -8.49
conv16 313 -15.02 -0.41 -10.46 -20.72
conv16 314 -4.66 -14.40 -21.44 -23.72
conv16 315 -18.34 -27.66 -10.88 -13.78
conv16 316 -13.78 -14.30 -8.29 -72.83
conv16 317 -48.17 -7.67 -10.46 -18.23
conv16 318 -14.81 -45.58 -15.85 4.14
conv16 319 -9.01 4.77 -28.90 -38.43
conv16 320 -19.27 5.28 -17.61 -28.70
conv16 321 -23.41 19.27 -11.81 -21.24
conv16 322 -16.57 -5.59 -13.26 -37.09
conv16 323 -10.77 -32.63 -23.62 -2.28
conv16 324 -14.09 -8.29 -30.35 -24.34
conv16 325 -16.47 -17.82 -15.44 -36.57
conv16 326 -14.92 -17.82 -13.36 16.37
conv16 327 -13.36 -33.46 -20.51 9.12
conv16 328 -21.34 -16.57 -16.57 -14.92
conv16 329 -20.20 -38.12 -14.81 -0.41
conv16 330 -18.75 -16.68 -30.15 -20.93
conv16 331 -15.85 -19.68 -51.49 5.08
conv16 332 -32.63 43.41 -20.30 -21.03
conv16 333 23.62 -42.78 -7.46 -19.48
conv16 334 15.12 4.14 -26.00 -3.83
conv16 335 -15.23 -1.04 -12.12 -31.70
conv16 336 -18.96 -47.14 -9.43 -9.01
conv16 337 1.86 -39.88 -21.65 -3.42
conv16 338 -8.29 -26.11 -15.85 -33.15
conv16 339 -14.92 15.64 -16.68 -34.70
conv16 340 -11.60 -23.93 -45.79 -13.05
conv16 341 -16.99 -7.67 -38.95 -10.77
conv16 342 -11.71 -22.69 -23.62 -19.16
conv16 343 2.69 17.20 -18.34 -9.22
conv16 344 -14.30 -10.15 -7.36 14.81
conv16 345 -24.86 -42.58 -10.46 -4.14
conv16 346 -10.36 -58.43 -19.27 -15.95
conv16 347 -16.57 -44.55 -12.22 -17.40
conv16 348 -2.69 -13.47 -13.47 -20.20
conv16 349 -21.96 -15.23 -7.15 -6.11
conv16 350 -10.36 -65.37 -19.37 -17.30
conv16 351 -5.59 -45.27 -22.89 10.46
conv16 352 -38.54 -58.84 -14.81 -13.05
conv16 353 -3.21 22.17 -10.05 -20.82
conv16 354 -30.77 -19.16 -8.60 -15.75
conv16 355 -49.41 1.04 -22.48 -21.24
conv16 356 -15.64 -19.58 -13.36 16.06
conv16 357 -20.93 -35.01 13.47 11.60
conv16 358 -23.83 -8.60 -8.91 -13.99
conv16 359 -19.89 -42.68 -3.21 -18.03
conv16 360 54.18 -34.29 -4.25 -28.90
conv16 361 -35.33 -7.36 -17.30 -6.01
conv16 362 -14.50 10.98 -18.85 -35.84
conv16 363 -12.43 -8.60 -20.20 -25.07
conv16 364 -38.54 -28.49 -13.47 11.19
conv16 365 -16.99 -12.33 -0.31 -16.89
conv16 366 -11.81 -19.79 -12.85 -73.97
conv16 367 -52.11 -55.84 -1.76 -11.50
conv16 368 -40.30 -43.10 -20.62 -24.34
conv16 369 7.46 -28.59 -17.61 -17.40
conv16 370 -13.16 -4.14 -15.54 -21.55
conv16 371 -17.30 -69.72 6.94 8.29
conv16 372 -1.45 -41.33 -12.02 -31.49
conv16 373 -20.93 -36.57 -10.46 -1.86
conv16 374 16.06 -3.11 -10.26 -13.57
conv16 375 -38.02 1.35 -15.12 -23.21
conv16 376 16.47 -28.59 -54.18 -18.34
conv16 377 -34.08 -13.05 -5.90 -19.68
conv16 378 -1.55 -11.60 -27.45 -33.88
conv16 379 -25.28 -31.60 -12.12 -18.65
conv16 380 0.41 -17.40 -34.70 -20.72
conv16 381 0.62 -14.50 -15.12 -29.84
conv16 382 -10.88 -5.49 -21.55 -21.75
conv16 383 2.90 -37.29 -34.81 -21.24
conv16 384 -5.80 4.77 -20.62 -26.21
conv16 385 -19.99 -48.27 -25.28 -16.68
conv16 386 -0.41 -1.97 -37.60 -26.73
conv16 387 -18.34 -20.41 -18.13 2.07
conv16 388 -43.72 -10.05 -4.97 -17.92
conv16 389 -19.79 -30.25 -32.53 -1.45
conv16 390 12.53 -22.27 -64.75 -19.79
conv16 391 -14.81 -35.53 -16.06 -5.28
conv16 392 -15.95 0.52 -20.30 -44.03
conv16 393 -7.46 -79.66 -14.30 -14.92
conv16 394 -18.44 -3.31 -10.26 -41.85
conv16 395 -10.46 16.99 -12.02 -22.69
conv16 396 -6.11 -0.41 -33.67 -47.65
conv16 397 0.62 -11.19 -33.88 -28.38
conv16 398 -12.53 -7.98 20.30 -66.71
conv16 399 -10.67 -5.49 -13.78 -51.38
conv16 400 -29.21 -33.25 -18.96 -0.00
conv16 401 5.59 -3.73 -20.41 -22.58
conv16 402 -11.50 -33.77 -38.33 -67.85
conv16 403 -23.52 13.99 -15.44 -41.75
conv16 404 -13.67 -2.18 -24.55 -36.78
conv16 405 -12.85 -6.94 -30.04 -20.62
conv16 406 -21.24 -18.03 -9.84 -0.93
conv16 407 -18.54 -12.02 2.90 21.65
conv16 408 -25.69 -26.73 -13.57 -24.24
conv16 409 -17.92 -66.09 -10.98 -13.78
conv16 410 -9.01 -23.41 -12.64 8.81
conv16 411 -13.78 -32.53 -12.95 -3.11
conv16 412 -20.10 -23.41 -3.31 -9.22
conv16 413 -35.95 -24.45 -7.56 -21.24
conv16 414 -3.21 -26.11 -19.68 -26.11
conv16 415 -11.08 -34.91 -16.78 -10.15
conv16 416 -14.09 -20.41 14.71 -54.18
conv16 417 -12.85 -13.05 64.23 -16.06
conv16 418 -39.99 -14.40 -16.06 -32.53
conv16 419 -21.34 -1.76 -10.15 -38.74
conv16 420 -25.79 -35.53 -12.43 -16.99
conv16 421 -31.18 -43.41 -4.66 -14.81
conv16 422 -7.15 13.78 -13.05 -37.29
conv16 423 -17.61 -86.50 -11.91 0.21
conv16 424 -18.03 -15.54 -11.91 -15.54
conv16 425 -7.77 -11.81 -29.42 -30.87
conv16 426 -16.68 -39.68 -10.67 -0.83
conv16 427 -32.84 -20.62 -20.20 -17.61
conv16 428 -45.68 -29.83 -7.87 -12.64
conv16 429 -29.52 -41.96 -8.60 -3.63
conv16 430 -20.30 -12.43 24.03 5.59
conv16 431 -21.34 -18.03 -13.16 -39.37
conv16 432 -9.63 -20.41 -21.03 -1.14
conv16 433 -27.66 2.49 -9.01 -21.03
conv16 434 -20.20 -9.74 -46.31 -33.36
conv16 435 -30.46 -35.64 -9.01 -13.99
conv16 436 -11.71 -0.41 -23.72 -46.20
conv16 437 -5.80 -5.18 -16.89 -42.27
conv16 438 -31.49 -13.99 -11.08 -18.65
conv16 439 12.12 -78.21 -14.71 -27.76
conv16 440 16.89 -62.88 -16.47 -22.07
conv16 441 -11.71 -34.70 -3.42 26.00
conv16 442 -15.95 -40.71 -19.16 -8.29
conv16 443 -11.60 -17.61 -13.99 -24.14
conv16 444 -21.44 19.06 -10.77 -22.48
conv16 445 -16.57 -20.41 -7.87 29.83
conv16 446 -26.83 15.23 -13.16 -21.03
conv16 447 -22.38 -38.64 -8.29 10.88
conv16 448 -21.03 -30.87 -14.71 4.97
conv16 449 -14.19 -4.77 -14.09 -33.77
conv16 450 -16.78 -30.77 10.67 -55.94
conv16 451 -7.98 -19.68 -16.99 -19.68
conv16 452 -36.57 -13.57 -14.81 -22.69
conv16 453 -20.72 -10.46 -14.40 37.60
conv16 454 -12.43 14.40 -9.53 -25.07
conv16 455 1.97 53.87 -11.81 -16.06
conv16 456 -13.99 -5.59 -17.30 -34.60
conv16 457 -3.21 -66.82 -34.39 -24.86
conv16 458 -28.07 -36.88 -15.75 -10.98
conv16 459 -18.03 -66.09 -22.07 -14.19
conv16 460 -17.92 -73.34 -16.89 -19.89
conv16 461 19.27 5.28 -36.36 -21.34
conv16 462 -17.40 -18.54 29.01 -8.08
conv16 463 -9.22 -9.94 -30.04 0.00
conv16 464 -23.52 -14.92 -18.03 -21.24
conv16 465 -14.50 -22.89 -21.55 -8.60
conv16 466 -23.21 -29.73 -15.12 -14.30
conv16 467 -5.49 -37.19 -26.73 0.52
conv16 468 -25.59 -33.98 -12.85 -6.63
conv16 469 -11.40 -16.89 -21.24 -14.09
conv16 470 -19.27 -41.13 -6.42 -2.28
conv16 471 -72.31 9.12 -10.77 -19.99
conv16 472 36.05 -46.62 -22.58 -18.34
conv16 473 -43.30 -0.62 -11.60 -33.05
conv16 474 -20.62 -6.22 -10.67 -13.05
conv16 475 -34.19 -4.25 -11.81 -19.37
conv16 476 -9.43 -20.10 -15.23 2.18
conv16 477 -29.52 -8.08 -0.21 -21.75
conv16 478 -36.26 -37.60 -12.64 -3.21
conv16 479 0.31 -22.07 -29.94 -9.12
conv16 480 -20.72 -58.63 -9.12 -31.60
conv16 481 -19.58 -34.29 11.29 16.37
conv16 482 -41.54 10.67 -17.09 -20.62
conv16 483 -10.88 10.88 -19.68 -31.29
conv16 484 -12.95 -2.28 -12.64 -11.29
conv16 485 -1.86 15.12 -6.94 -4.87
conv16 486 -29.01 29.83 -14.92 -17.09
conv16 487 -19.99 -34.81 -22.38 -5.80
conv16 488 -3.94 -0.52 -17.30 -33.25
conv16 489 -13.57 -35.84 -12.95 14.61
conv16 490 -11.40 -23.31 -14.19 -5.59
conv16 491 -16.37 -7.56 -16.26 -33.56
conv16 492 -18.75 -30.25 -7.87 17.82
conv16 493 -30.15 -37.92 -15.12 -17.40
conv16 494 11.08 -35.43 -30.66 -4.14
conv16 495 -19.37 19.89 -13.88 -31.49
conv16 496 -27.97 -19.06 -1.24 5.08
conv16 497 33.56 -47.55 -10.57 -20.20
conv16 498 -8.18 3.00 -25.28 -23.83
conv16 499 -38.43 -37.71 -9.01 -9.43
conv16 500 -65.37 -19.27 -14.81 -10.36
conv16 501 -23.00 -14.50 -17.20 -54.08
conv16 502 -5.80 30.25 -14.61 -19.68
conv16 503 -20.51 -8.18 -24.76 -14.40
conv16 504 -38.33 -18.85 -8.39 -16.57
conv16 505 -14.09 -28.38 -11.29 -7.46
conv16 506 20.41 5.18 -26.21 -19.06
conv16 507 -11.19 16.57 -16.47 -25.38
conv16 508 -7.87 -2.07 -8.91 -21.75
conv16 509 -18.34 -2.69 -20.72 -41.13
conv16 510 -23.72 -15.95 -11.19 -16.16
conv16 511 0.93 3.63 -29.63 -21.44
