conv1 0 3878 3878
conv1 1 8904 8904
conv1 2 21069 21069
conv1 3 21059 21059
conv1 4 21069 21069
conv1 5 7526 7526
conv1 6 21066 21066
conv1 7 21068 21068
conv1 8 3047 3047
conv1 9 21064 21064
conv1 10 16691 16691
conv1 11 4484 4484
conv1 12 21021 21021
conv1 13 21072 21072
conv1 14 729 729
conv1 15 21055 21055
conv1 16 21069 21069
conv1 17 21070 21070
conv1 18 20985 20985
conv1 19 20975 20975
conv1 20 4055 4055
conv1 21 21047 21047
conv1 22 20339 20339
conv1 23 21072 21072
conv1 24 1937 1937
conv1 25 4058 4058
conv1 26 710 710
conv1 27 19976 19976
conv1 28 20344 20344
conv1 29 20709 20709
conv1 30 1741 1741
conv1 31 21024 21024
conv1 32 21033 21033
conv1 33 21066 21066
conv1 34 21053 21053
conv1 35 21047 21047
conv1 36 21069 21069
conv1 37 21052 21052
conv1 38 21066 21066
conv1 39 2161 2161
conv1 40 2816 2816
conv1 41 2208 2208
conv1 42 4987 4987
conv1 43 6612 6612
conv1 44 3764 3764
conv1 45 21065 21065
conv1 46 21041 21041
conv1 47 5498 5498
conv1 48 21067 21067
conv1 49 1605 1605
conv1 50 2685 2685
conv1 51 19161 19161
conv1 52 14215 14215
conv1 53 4221 4221
conv1 54 21059 21059
conv1 55 4814 4814
conv1 56 2725 2725
conv1 57 17852 17852
conv1 58 21048 21048
conv1 59 2066 2066
conv1 60 18862 18862
conv1 61 21064 21064
conv1 62 21048 21048
conv1 63 1719 1719
conv2 0 3454 4430
conv2 1 2863 9073
conv2 2 24763 948
conv2 3 1319 6283
conv2 4 0 36016
conv2 5 477 20164
conv2 6 5092 6109
conv2 7 2801 4366
conv2 8 89 32199
conv2 9 141 30126
conv2 10 15120 4696
conv2 11 0 36240
conv2 12 13845 2094
conv2 13 168 35034
conv2 14 21 19321
conv2 15 13 36148
conv2 16 0 36240
conv2 17 11146 18096
conv2 18 0 36240
conv2 19 5273 4423
conv2 20 58 35598
conv2 21 0 36233
conv2 22 0 36237
conv2 23 1 36230
conv2 24 16 36165
conv2 25 93 35290
conv2 26 30056 1849
conv2 27 0 35897
conv2 28 36177 11
conv2 29 19378 2326
conv2 30 0 36240
conv2 31 0 36232
conv2 32 0 36235
conv2 33 0 36240
conv2 34 0 36239
conv2 35 0 35464
conv2 36 50 35356
conv2 37 841 29888
conv2 38 0 36240
conv2 39 0 36239
conv2 40 926 29904
conv2 41 5 22699
conv2 42 33550 425
conv2 43 36240 0
conv2 44 8 26048
conv2 45 679 27656
conv2 46 0 36240
conv2 47 0 36240
conv2 48 0 36240
conv2 49 0 36240
conv2 50 0 36233
conv2 51 0 36240
conv2 52 1 36113
conv2 53 0 36229
conv2 54 0 36240
conv2 55 4075 16569
conv2 56 0 36240
conv2 57 24 20284
conv2 58 1130 17432
conv2 59 0 36239
conv2 60 2487 22205
conv2 61 0 36240
conv2 62 36214 0
conv2 63 2 35936
conv3 0 18140 13554
conv3 1 28824 2240
conv3 2 33883 0
conv3 3 31660 665
conv3 4 32198 918
conv3 5 20348 2347
conv3 6 120 33083
conv3 7 6683 4976
conv3 8 100 33298
conv3 9 16831 1941
conv3 10 16395 17009
conv3 11 2385 15690
conv3 12 3268 4139
conv3 13 9508 15284
conv3 14 14945 2811
conv3 15 0 33957
conv3 16 16540 17074
conv3 17 31164 1433
conv3 18 55 33722
conv3 19 13757 15576
conv3 20 29273 1315
conv3 21 15388 17430
conv3 22 18729 2246
conv3 23 15 33656
conv3 24 29595 947
conv3 25 57 33830
conv3 26 16581 3320
conv3 27 15321 4810
conv3 28 0 33984
conv3 29 1596 17577
conv3 30 2532 5933
conv3 31 2 33664
conv3 32 12 33283
conv3 33 0 33984
conv3 34 29673 998
conv3 35 17195 4249
conv3 36 31527 1348
conv3 37 0 33969
conv3 38 5560 7821
conv3 39 1010 12699
conv3 40 2195 15412
conv3 41 16960 16328
conv3 42 17160 15990
conv3 43 14667 5915
conv3 44 17213 2129
conv3 45 3 33970
conv3 46 0 33968
conv3 47 19059 7234
conv3 48 17255 1629
conv3 49 12334 3072
conv3 50 1770 19703
conv3 51 16631 16358
conv3 52 1268 21757
conv3 53 16525 16503
conv3 54 31969 1025
conv3 55 14818 16622
conv3 56 2760 7931
conv3 57 14028 4209
conv3 58 6139 9687
conv3 59 33906 27
conv3 60 16613 16544
conv3 61 17915 612
conv3 62 6860 4100
conv3 63 16183 2314
conv4 0 800 4262
conv4 1 32654 77
conv4 2 4 33719
conv4 3 26311 4204
conv4 4 854 6620
conv4 5 1 33872
conv4 6 1541 2993
conv4 7 32240 288
conv4 8 69 31086
conv4 9 3 33898
conv4 10 995 20778
conv4 11 2228 6069
conv4 12 33 33565
conv4 13 1026 4223
conv4 14 33026 332
conv4 15 1397 6150
conv4 16 4383 3582
conv4 17 130 32278
conv4 18 0 33981
conv4 19 1695 3887
conv4 20 1520 27907
conv4 21 2 33960
conv4 22 0 33831
conv4 23 7341 2256
conv4 24 4669 2179
conv4 25 189 32703
conv4 26 0 33983
conv4 27 759 30666
conv4 28 29770 649
conv4 29 29995 1472
conv4 30 33004 131
conv4 31 0 33981
conv4 32 310 30631
conv4 33 8250 2005
conv4 34 0 33969
conv4 35 71 33526
conv4 36 31204 841
conv4 37 24132 4366
conv4 38 1601 3809
conv4 39 6 33901
conv4 40 33369 84
conv4 41 1151 3430
conv4 42 31274 432
conv4 43 46 33617
conv4 44 39 33213
conv4 45 2464 3674
conv4 46 218 32139
conv4 47 33824 18
conv4 48 33311 48
conv4 49 290 31098
conv4 50 30468 1082
conv4 51 16 33484
conv4 52 1249 6571
conv4 53 238 6116
conv4 54 4 33797
conv4 55 31958 350
conv4 56 781 31662
conv4 57 693 19369
conv4 58 2827 2587
conv4 59 6 33803
conv4 60 116 33221
conv4 61 25941 3662
conv4 62 29346 366
conv4 63 39 33379
conv5 0 12336 16682
conv5 1 132 30540
conv5 2 33984 0
conv5 3 3214 3984
conv5 4 33233 298
conv5 5 3352 5670
conv5 6 2706 26587
conv5 7 1986 2654
conv5 8 537 31262
conv5 9 103 33244
conv5 10 32831 494
conv5 11 4070 2031
conv5 12 4349 2096
conv5 13 3 33965
conv5 14 24740 1365
conv5 15 1831 29892
conv5 16 16015 4784
conv5 17 2475 2236
conv5 18 27056 291
conv5 19 3751 15055
conv5 20 1577 5596
conv5 21 30730 1622
conv5 22 3403 2268
conv5 23 3649 15855
conv5 24 2100 28022
conv5 25 32312 956
conv5 26 3249 4144
conv5 27 14264 12831
conv5 28 3 33969
conv5 29 2933 3299
conv5 30 2462 5024
conv5 31 1391 19461
conv5 32 62 33797
conv5 33 802 31896
conv5 34 0 33979
conv5 35 15840 3463
conv5 36 130 33048
conv5 37 404 32950
conv5 38 728 5094
conv5 39 2999 2980
conv5 40 713 4399
conv5 41 33344 133
conv5 42 31792 1063
conv5 43 1547 14012
conv5 44 14 33766
conv5 45 724 30286
conv5 46 271 30669
conv5 47 33066 273
conv5 48 2097 3250
conv5 49 220 30454
conv5 50 19011 1319
conv5 51 17833 1500
conv5 52 534 32586
conv5 53 2558 17904
conv5 54 1790 2863
conv5 55 33248 297
conv5 56 3127 15185
conv5 57 1337 30843
conv5 58 16235 1829
conv5 59 31586 238
conv5 60 17003 5769
conv5 61 28548 1660
conv5 62 1352 28705
conv5 63 31277 726
conv6 0 32369 666
conv6 1 3602 844
conv6 2 821 15008
conv6 3 794 31629
conv6 4 184 31851
conv6 5 2 33959
conv6 6 8009 1854
conv6 7 1464 2539
conv6 8 319 33090
conv6 9 14184 763
conv6 10 2383 1809
conv6 11 44 33835
conv6 12 737 2955
conv6 13 10388 3778
conv6 14 435 32937
conv6 15 3089 1489
conv6 16 30585 865
conv6 17 0 33964
conv6 18 30207 1130
conv6 19 25865 2580
conv6 20 743 5890
conv6 21 1110 2169
conv6 22 31740 497
conv6 23 500 4034
conv6 24 6525 1371
conv6 25 403 6269
conv6 26 936 9778
conv6 27 17176 951
conv6 28 1030 2583
conv6 29 32284 1040
conv6 30 494 30468
conv6 31 1208 1572
conv6 32 264 32695
conv6 33 27381 1539
conv6 34 1711 2411
conv6 35 1069 4991
conv6 36 32375 655
conv6 37 3726 1330
conv6 38 419 27955
conv6 39 627 4420
conv6 40 905 30864
conv6 41 32506 685
conv6 42 174 33393
conv6 43 440 32661
conv6 44 233 32907
conv6 45 941 10428
conv6 46 202 24859
conv6 47 1016 31484
conv6 48 436 6542
conv6 49 1297 2331
conv6 50 679 31734
conv6 51 726 5461
conv6 52 801 2666
conv6 53 293 33252
conv6 54 220 32947
conv6 55 1332 3438
conv6 56 841 2541
conv6 57 679 31665
conv6 58 28035 1071
conv6 59 353 33162
conv6 60 31173 1039
conv6 61 1153 3145
conv6 62 7026 2023
conv6 63 330 32842
conv6 64 311 33288
conv6 65 31306 939
conv6 66 3954 1254
conv6 67 30932 1658
conv6 68 2067 1669
conv6 69 346 33105
conv6 70 1121 31069
conv6 71 33210 333
conv6 72 189 32964
conv6 73 3633 1328
conv6 74 542 5780
conv6 75 1776 2695
conv6 76 1883 30124
conv6 77 1043 32040
conv6 78 6107 1112
conv6 79 1352 2434
conv6 80 185 31554
conv6 81 1932 1468
conv6 82 2750 1867
conv6 83 2751 1144
conv6 84 0 33971
conv6 85 27766 1491
conv6 86 139 33023
conv6 87 1054 3582
conv6 88 32453 571
conv6 89 844 31893
conv6 90 970 4052
conv6 91 32310 631
conv6 92 1898 4886
conv6 93 1053 18553
conv6 94 1485 3581
conv6 95 593 4618
conv6 96 707 5456
conv6 97 154 33497
conv6 98 2771 1644
conv6 99 1355 4687
conv6 100 5087 1278
conv6 101 2554 1583
conv6 102 3281 5729
conv6 103 347 32913
conv6 104 28762 1143
conv6 105 2243 1602
conv6 106 1741 1996
conv6 107 27082 2504
conv6 108 745 26916
conv6 109 748 4842
conv6 110 470 31112
conv6 111 859 6196
conv6 112 156 6198
conv6 113 1763 3396
conv6 114 534 19023
conv6 115 1196 1878
conv6 116 1934 2639
conv6 117 957 3230
conv6 118 160 33117
conv6 119 657 19694
conv6 120 28318 1359
conv6 121 1181 2208
conv6 122 2744 1168
conv6 123 1269 4066
conv6 124 1420 2737
conv6 125 650 32718
conv6 126 1701 1682
conv6 127 1049 2723
conv7 0 0 33974
conv7 1 482 4254
conv7 2 204 33041
conv7 3 14331 2423
conv7 4 226 10335
conv7 5 782 30932
conv7 6 9 33823
conv7 7 684 30080
conv7 8 234 33177
conv7 9 33163 374
conv7 10 1418 4596
conv7 11 1053 18099
conv7 12 359 32327
conv7 13 190 33399
conv7 14 1212 26916
conv7 15 133 15501
conv7 16 21 33886
conv7 17 834 31609
conv7 18 3512 28759
conv7 19 30151 868
conv7 20 215 17154
conv7 21 1198 7351
conv7 22 14 33915
conv7 23 771 3563
conv7 24 290 32605
conv7 25 802 4794
conv7 26 1446 3566
conv7 27 1621 30934
conv7 28 3638 28811
conv7 29 13 33884
conv7 30 444 3742
conv7 31 560 1714
conv7 32 25 33522
conv7 33 848 32440
conv7 34 431 2833
conv7 35 328 32898
conv7 36 5261 3092
conv7 37 43 33832
conv7 38 89 33422
conv7 39 2647 1010
conv7 40 0 33925
conv7 41 0 33984
conv7 42 29692 937
conv7 43 105 33561
conv7 44 32782 273
conv7 45 472 22520
conv7 46 2329 27358
conv7 47 94 33595
conv7 48 272 30501
conv7 49 177 4393
conv7 50 6 33860
conv7 51 1869 2000
conv7 52 1935 26831
conv7 53 449 33020
conv7 54 151 32850
conv7 55 495 32817
conv7 56 1193 5353
conv7 57 17 33849
conv7 58 457 2530
conv7 59 1623 27973
conv7 60 24 32674
conv7 61 35 32832
conv7 62 758 3107
conv7 63 1928 16457
conv7 64 77 22785
conv7 65 1290 3946
conv7 66 280 3609
conv7 67 1632 29459
conv7 68 60 33701
conv7 69 1628 1999
conv7 70 818 30364
conv7 71 1678 1783
conv7 72 1045 29669
conv7 73 1467 14436
conv7 74 200 4722
conv7 75 3069 4036
conv7 76 1038 28763
conv7 77 231 4254
conv7 78 549 32671
conv7 79 770 5338
conv7 80 10 33923
conv7 81 393 31494
conv7 82 26827 2489
conv7 83 18 33725
conv7 84 6065 1377
conv7 85 1073 32256
conv7 86 7914 431
conv7 87 714 1443
conv7 88 319 9563
conv7 89 12 32322
conv7 90 9 33963
conv7 91 3657 451
conv7 92 747 4208
conv7 93 337 32766
conv7 94 1 33979
conv7 95 137 33081
conv7 96 2218 8149
conv7 97 14 33897
conv7 98 1474 26854
conv7 99 28 33327
conv7 100 1271 30112
conv7 101 459 31348
conv7 102 203 33364
conv7 103 341 32229
conv7 104 481 30086
conv7 105 6 33749
conv7 106 3229 26074
conv7 107 2460 29091
conv7 108 747 11361
conv7 109 28586 2552
conv7 110 2598 3157
conv7 111 0 33976
conv7 112 1116 28882
conv7 113 1062 28420
conv7 114 3 33951
conv7 115 0 33984
conv7 116 425 3337
conv7 117 28784 2774
conv7 118 3336 26706
conv7 119 163 33218
conv7 120 383 5040
conv7 121 1907 30788
conv7 122 808 32192
conv7 123 28 33127
conv7 124 702 32019
conv7 125 1035 31962
conv7 126 2267 30048
conv7 127 624 30092
conv8 0 145 32904
conv8 1 30435 848
conv8 2 3160 4104
conv8 3 4082 947
conv8 4 1030 6516
conv8 5 704 32658
conv8 6 22165 216
conv8 7 2498 2150
conv8 8 3026 4383
conv8 9 2617 28949
conv8 10 327 32661
conv8 11 85 33779
conv8 12 2 33933
conv8 13 137 31577
conv8 14 31742 1097
conv8 15 450 32896
conv8 16 1641 16602
conv8 17 24354 639
conv8 18 32601 763
conv8 19 2002 30834
conv8 20 1740 29855
conv8 21 701 17507
conv8 22 6 33961
conv8 23 346 31327
conv8 24 27776 2879
conv8 25 32799 363
conv8 26 75 33618
conv8 27 465 30556
conv8 28 32886 668
conv8 29 0 33984
conv8 30 352 5443
conv8 31 125 32568
conv8 32 0 33984
conv8 33 325 6983
conv8 34 458 32841
conv8 35 65 31781
conv8 36 25537 1849
conv8 37 33075 413
conv8 38 976 19361
conv8 39 32676 415
conv8 40 95 32674
conv8 41 1404 32029
conv8 42 1199 31956
conv8 43 695 32583
conv8 44 951 32240
conv8 45 1207 2462
conv8 46 586 32316
conv8 47 405 32899
conv8 48 8015 2793
conv8 49 301 33034
conv8 50 14009 173
conv8 51 46 33784
conv8 52 28707 2502
conv8 53 32621 70
conv8 54 29815 2604
conv8 55 1447 31826
conv8 56 2235 29638
conv8 57 33027 321
conv8 58 32998 270
conv8 59 14348 1581
conv8 60 31629 1033
conv8 61 85 33589
conv8 62 780 29644
conv8 63 3585 2321
conv8 64 594 6321
conv8 65 32990 351
conv8 66 55 33634
conv8 67 1695 4479
conv8 68 407 31671
conv8 69 32419 403
conv8 70 25 33803
conv8 71 30920 94
conv8 72 17312 665
conv8 73 69 33690
conv8 74 1 33667
conv8 75 1104 31729
conv8 76 171 33512
conv8 77 33535 124
conv8 78 33941 6
conv8 79 1417 4731
conv8 80 26312 2045
conv8 81 38 33750
conv8 82 162 32251
conv8 83 573 32693
conv8 84 16818 2861
conv8 85 1450 26407
conv8 86 27303 1382
conv8 87 2235 3211
conv8 88 32754 311
conv8 89 14824 5208
conv8 90 134 33588
conv8 91 27140 1711
conv8 92 32002 629
conv8 93 2775 1428
conv8 94 0 33984
conv8 95 331 6985
conv8 96 178 32538
conv8 97 0 33970
conv8 98 1012 31861
conv8 99 32253 667
conv8 100 2691 4745
conv8 101 989 31710
conv8 102 3927 13650
conv8 103 20 33895
conv8 104 79 32924
conv8 105 0 33981
conv8 106 30191 1437
conv8 107 29796 777
conv8 108 96 32691
conv8 109 30645 2075
conv8 110 1655 3684
conv8 111 6 33661
conv8 112 375 18413
conv8 113 2049 30507
conv8 114 725 31654
conv8 115 33984 0
conv8 116 194 33046
conv8 117 884 6193
conv8 118 3219 3499
conv8 119 30477 2113
conv8 120 21203 801
conv8 121 27479 12
conv8 122 857 22101
conv8 123 29724 739
conv8 124 49 33776
conv8 125 1278 18879
conv8 126 33984 0
conv8 127 359 32261
conv9 0 258 32511
conv9 1 222 32370
conv9 2 28176 508
conv9 3 326 32416
conv9 4 231 33450
conv9 5 635 4862
conv9 6 739 4333
conv9 7 551 33147
conv9 8 1684 5060
conv9 9 425 4438
conv9 10 190 33363
conv9 11 1108 2032
conv9 12 401 4819
conv9 13 373 32700
conv9 14 795 5089
conv9 15 5 33841
conv9 16 495 1997
conv9 17 397 7039
conv9 18 31496 1520
conv9 19 526 29910
conv9 20 1979 4385
conv9 21 357 31897
conv9 22 495 2302
conv9 23 1073 4134
conv9 24 0 33971
conv9 25 660 2443
conv9 26 174 32457
conv9 27 435 18853
conv9 28 101 33430
conv9 29 254 32259
conv9 30 68 33738
conv9 31 904 31669
conv9 32 29492 2681
conv9 33 1430 13780
conv9 34 31436 677
conv9 35 634 32235
conv9 36 499 32856
conv9 37 194 31494
conv9 38 978 5186
conv9 39 33958 0
conv9 40 629 2480
conv9 41 47 33836
conv9 42 1758 3642
conv9 43 295 4698
conv9 44 23682 2961
conv9 45 756 1959
conv9 46 183 33378
conv9 47 846 31060
conv9 48 295 9107
conv9 49 606 30954
conv9 50 677 11229
conv9 51 585 1632
conv9 52 2232 2117
conv9 53 1064 2927
conv9 54 119 32597
conv9 55 266 32979
conv9 56 0 33963
conv9 57 30546 1353
conv9 58 28429 2259
conv9 59 233 33322
conv9 60 351 31067
conv9 61 639 3472
conv9 62 29199 1930
conv9 63 1058 2338
conv9 64 1060 3046
conv9 65 33939 1
conv9 66 353 32767
conv9 67 305 20852
conv9 68 2152 2422
conv9 69 1338 4595
conv9 70 135 16853
conv9 71 1530 30670
conv9 72 137 33394
conv9 73 634 2835
conv9 74 26669 1866
conv9 75 428 4433
conv9 76 2314 793
conv9 77 273 7917
conv9 78 27437 1000
conv9 79 656 3186
conv9 80 231 31540
conv9 81 3214 2240
conv9 82 1541 2932
conv9 83 59 33485
conv9 84 892 20086
conv9 85 457 30102
conv9 86 14979 1483
conv9 87 469 33212
conv9 88 1146 5541
conv9 89 33832 15
conv9 90 2160 5830
conv9 91 31852 832
conv9 92 1252 3077
conv9 93 660 2048
conv9 94 29645 665
conv9 95 1137 31704
conv9 96 1667 2414
conv9 97 14575 2209
conv9 98 501 20046
conv9 99 913 3634
conv9 100 225 33319
conv9 101 683 3654
conv9 102 526 2340
conv9 103 1020 16168
conv9 104 150 32964
conv9 105 10937 5528
conv9 106 27835 1747
conv9 107 30188 1532
conv9 108 33 30208
conv9 109 808 31927
conv9 110 324 7293
conv9 111 309 33001
conv9 112 461 32592
conv9 113 33096 177
conv9 114 31802 1375
conv9 115 448 21305
conv9 116 243 31898
conv9 117 239 32148
conv9 118 588 3131
conv9 119 1693 1396
conv9 120 341 6013
conv9 121 159 33470
conv9 122 307 33449
conv9 123 2004 5451
conv9 124 30780 1124
conv9 125 145 33515
conv9 126 9 33931
conv9 127 1047 3269
conv10 0 622 3384
conv10 1 789 6148
conv10 2 1215 1925
conv10 3 1136 17258
conv10 4 77 33745
conv10 5 1661 869
conv10 6 75 32301
conv10 7 288 28612
conv10 8 219 31807
conv10 9 2337 17294
conv10 10 820 3711
conv10 11 960 3999
conv10 12 4794 2673
conv10 13 172 25011
conv10 14 3495 2550
conv10 15 30859 777
conv10 16 683 31444
conv10 17 2348 2898
conv10 18 1300 31382
conv10 19 1594 5012
conv10 20 765 2404
conv10 21 1526 2826
conv10 22 1364 29725
conv10 23 615 2390
conv10 24 5861 706
conv10 25 551 4173
conv10 26 611 15407
conv10 27 1064 3729
conv10 28 31248 1403
conv10 29 2025 14596
conv10 30 134 31991
conv10 31 1229 1896
conv10 32 143 31733
conv10 33 973 30699
conv10 34 1903 592
conv10 35 357 30690
conv10 36 2472 5450
conv10 37 141 5958
conv10 38 1162 28289
conv10 39 1271 2480
conv10 40 7114 1009
conv10 41 48 32681
conv10 42 15163 1562
conv10 43 29295 2021
conv10 44 1596 15572
conv10 45 788 4016
conv10 46 199 11058
conv10 47 1776 9108
conv10 48 21 33252
conv10 49 871 2350
conv10 50 344 2838
conv10 51 828 2049
conv10 52 1596 4888
conv10 53 2214 2170
conv10 54 538 29979
conv10 55 661 2671
conv10 56 297 32504
conv10 57 2096 3722
conv10 58 863 3252
conv10 59 2789 1057
conv10 60 11 33723
conv10 61 1377 16200
conv10 62 857 2930
conv10 63 6433 2868
conv10 64 879 1901
conv10 65 130 5815
conv10 66 499 13876
conv10 67 211 6181
conv10 68 552 32040
conv10 69 2041 2624
conv10 70 1117 2807
conv10 71 704 20561
conv10 72 1748 1739
conv10 73 425 5669
conv10 74 2248 4013
conv10 75 1855 3795
conv10 76 2437 885
conv10 77 979 29884
conv10 78 1778 1515
conv10 79 1891 1408
conv10 80 32377 300
conv10 81 82 7948
conv10 82 3390 1257
conv10 83 1740 31129
conv10 84 210 32736
conv10 85 2279 2656
conv10 86 2778 1721
conv10 87 597 30837
conv10 88 86 33748
conv10 89 1431 5566
conv10 90 1202 5922
conv10 91 502 20240
conv10 92 522 31774
conv10 93 566 32354
conv10 94 15721 3279
conv10 95 1380 1511
conv10 96 13715 3054
conv10 97 1937 3064
conv10 98 1 33953
conv10 99 15052 989
conv10 100 11526 884
conv10 101 1396 2776
conv10 102 3147 3865
conv10 103 216 31565
conv10 104 19844 1219
conv10 105 532 31147
conv10 106 1763 8440
conv10 107 2835 16718
conv10 108 1881 1992
conv10 109 33983 0
conv10 110 2612 2390
conv10 111 1529 27804
conv10 112 1534 16550
conv10 113 755 4419
conv10 114 2644 2679
conv10 115 32068 431
conv10 116 765 2193
conv10 117 512 30371
conv10 118 656 3838
conv10 119 9741 1555
conv10 120 31943 332
conv10 121 3278 3466
conv10 122 826 32257
conv10 123 726 30015
conv10 124 894 3685
conv10 125 831 5007
conv10 126 1159 2435
conv10 127 941 3327
conv11 0 551 3286
conv11 1 175 33563
conv11 2 1401 31592
conv11 3 401 5971
conv11 4 70 33266
conv11 5 13541 3101
conv11 6 1032 32057
conv11 7 3199 4486
conv11 8 851 17763
conv11 9 977 31990
conv11 10 31 33475
conv11 11 171 33585
conv11 12 0 33975
conv11 13 253 33151
conv11 14 66 33532
conv11 15 153 33608
conv11 16 818 32317
conv11 17 82 33699
conv11 18 29612 484
conv11 19 224 33180
conv11 20 869 32466
conv11 21 165 33482
conv11 22 276 33410
conv11 23 414 33188
conv11 24 15 33888
conv11 25 2 33946
conv11 26 184 33178
conv11 27 32794 240
conv11 28 1055 31696
conv11 29 7193 2515
conv11 30 34 33666
conv11 31 372 33086
conv11 32 33462 88
conv11 33 2620 366
conv11 34 1175 14009
conv11 35 59 33643
conv11 36 54 33760
conv11 37 3122 3247
conv11 38 193 33371
conv11 39 65 33827
conv11 40 382 32304
conv11 41 904 32309
conv11 42 639 32857
conv11 43 489 31445
conv11 44 1012 32262
conv11 45 89 33696
conv11 46 480 33078
conv11 47 523 32907
conv11 48 107 33701
conv11 49 14 5871
conv11 50 499 5627
conv11 51 13 33941
conv11 52 1389 2558
conv11 53 699 1493
conv11 54 167 33548
conv11 55 1986 30778
conv11 56 1002 30772
conv11 57 135 33535
conv11 58 2863 24088
conv11 59 1968 23534
conv11 60 5 33894
conv11 61 52 33581
conv11 62 591 32856
conv11 63 553 32328
conv11 64 57 33613
conv11 65 31962 500
conv11 66 611 32563
conv11 67 45 33681
conv11 68 32850 328
conv11 69 1003 31943
conv11 70 28 21023
conv11 71 511 33053
conv11 72 416 32755
conv11 73 126 33494
conv11 74 709 32240
conv11 75 3294 23469
conv11 76 12 33860
conv11 77 28905 2483
conv11 78 811 20512
conv11 79 90 32967
conv11 80 32199 335
conv11 81 1127 30393
conv11 82 150 33509
conv11 83 53 33794
conv11 84 26 33383
conv11 85 81 33664
conv11 86 57 33750
conv11 87 33900 6
conv11 88 470 33057
conv11 89 356 33228
conv11 90 242 32573
conv11 91 335 32779
conv11 92 3127 629
conv11 93 505 32921
conv11 94 51 33356
conv11 95 6 33913
conv11 96 1607 28379
conv11 97 1771 16223
conv11 98 4 33800
conv11 99 1614 28077
conv11 100 1009 32213
conv11 101 415 33273
conv11 102 1194 32121
conv11 103 3832 2343
conv11 104 1237 31142
conv11 105 388 32902
conv11 106 1783 13785
conv11 107 0 33950
conv11 108 8 33930
conv11 109 40 33770
conv11 110 46 33717
conv11 111 1271 32019
conv11 112 10149 2981
conv11 113 77 33681
conv11 114 157 33602
conv11 115 1557 15075
conv11 116 33083 359
conv11 117 74 33271
conv11 118 3568 1244
conv11 119 470 6921
conv11 120 311 33207
conv11 121 436 32986
conv11 122 968 32089
conv11 123 102 33716
conv11 124 180 33596
conv11 125 96 33719
conv11 126 2508 29946
conv11 127 33973 0
conv11 128 1692 30821
conv11 129 109 33727
conv11 130 107 33549
conv11 131 292 33388
conv11 132 31684 1464
conv11 133 547 33022
conv11 134 51 33776
conv11 135 309 33181
conv11 136 149 33605
conv11 137 326 32958
conv11 138 5922 1310
conv11 139 1419 2557
conv11 140 463 32937
conv11 141 464 2148
conv11 142 6040 625
conv11 143 491 32958
conv11 144 89 5659
conv11 145 614 32836
conv11 146 828 2343
conv11 147 190 17034
conv11 148 2194 4279
conv11 149 526 32457
conv11 150 1312 15575
conv11 151 32545 607
conv11 152 1053 32276
conv11 153 538 31921
conv11 154 17573 609
conv11 155 352 33082
conv11 156 519 26078
conv11 157 516 32903
conv11 158 5515 405
conv11 159 710 32821
conv11 160 792 17194
conv11 161 273 32482
conv11 162 603 32894
conv11 163 12 33912
conv11 164 0 33983
conv11 165 28 33664
conv11 166 1686 31053
conv11 167 137 33530
conv11 168 968 29502
conv11 169 96 33669
conv11 170 33085 480
conv11 171 0 33222
conv11 172 162 33574
conv11 173 1583 14584
conv11 174 72 33632
conv11 175 640 32953
conv11 176 392 33164
conv11 177 314 18014
conv11 178 1454 31491
conv11 179 145 33578
conv11 180 599 32787
conv11 181 498 33149
conv11 182 495 32814
conv11 183 257 32328
conv11 184 103 33146
conv11 185 106 33276
conv11 186 1381 2458
conv11 187 2142 3296
conv11 188 45 33838
conv11 189 230 33308
conv11 190 743 31197
conv11 191 21 33926
conv11 192 1892 30349
conv11 193 1093 32052
conv11 194 176 33420
conv11 195 957 31846
conv11 196 56 33660
conv11 197 552 23744
conv11 198 453 31728
conv11 199 2661 17177
conv11 200 205 33290
conv11 201 2661 1209
conv11 202 990 12163
conv11 203 552 32950
conv11 204 29 33827
conv11 205 155 33441
conv11 206 545 31302
conv11 207 181 33305
conv11 208 6 33940
conv11 209 3703 192
conv11 210 1646 2494
conv11 211 199 32769
conv11 212 203 32890
conv11 213 276 33291
conv11 214 11 33752
conv11 215 39 33872
conv11 216 10 33657
conv11 217 399 31189
conv11 218 722 1287
conv11 219 119 33580
conv11 220 42 33850
conv11 221 12 33889
conv11 222 54 18419
conv11 223 1466 28032
conv11 224 76 33577
conv11 225 380 18496
conv11 226 629 32922
conv11 227 366 32709
conv11 228 1901 4860
conv11 229 44 33775
conv11 230 22 33853
conv11 231 3233 1581
conv11 232 819 3353
conv11 233 746 32397
conv11 234 1923 29485
conv11 235 18711 765
conv11 236 538 31824
conv11 237 418 32916
conv11 238 0 33966
conv11 239 657 32523
conv11 240 150 33595
conv11 241 1274 30033
conv11 242 113 33618
conv11 243 131 33652
conv11 244 3072 1074
conv11 245 270 33412
conv11 246 180 33202
conv11 247 340 33287
conv11 248 855 32337
conv11 249 414 32305
conv11 250 365 32671
conv11 251 845 31879
conv11 252 16 33820
conv11 253 782 32568
conv11 254 259 32986
conv11 255 174 5499
conv12 0 2409 3876
conv12 1 4 33782
conv12 2 389 32908
conv12 3 487 30831
conv12 4 265 32959
conv12 5 2703 15608
conv12 6 1946 1166
conv12 7 486 30537
conv12 8 31162 1343
conv12 9 1211 2568
conv12 10 4113 15286
conv12 11 26111 4367
conv12 12 2273 1834
conv12 13 1619 1357
conv12 14 1226 2374
conv12 15 2269 1410
conv12 16 2 33964
conv12 17 1384 30969
conv12 18 14318 2462
conv12 19 4938 3461
conv12 20 282 32109
conv12 21 180 33272
conv12 22 3959 5251
conv12 23 398 8301
conv12 24 1116 31770
conv12 25 1115 1764
conv12 26 1648 1600
conv12 27 1388 30819
conv12 28 111 3954
conv12 29 3828 1873
conv12 30 1881 1919
conv12 31 197 33511
conv12 32 678 3891
conv12 33 329 33230
conv12 34 218 33487
conv12 35 20493 207
conv12 36 525 32449
conv12 37 271 31490
conv12 38 744 31262
conv12 39 109 33611
conv12 40 738 32261
conv12 41 413 32677
conv12 42 1142 4715
conv12 43 2 33538
conv12 44 1639 16917
conv12 45 726 30944
conv12 46 795 31018
conv12 47 271 32411
conv12 48 1610 4201
conv12 49 764 4533
conv12 50 323 33385
conv12 51 1651 1671
conv12 52 31687 1406
conv12 53 26769 4295
conv12 54 178 19542
conv12 55 0 33984
conv12 56 1122 6879
conv12 57 3258 1232
conv12 58 24641 2726
conv12 59 1096 1774
conv12 60 31453 231
conv12 61 40 33785
conv12 62 78 33695
conv12 63 399 7026
conv12 64 846 5876
conv12 65 2444 3720
conv12 66 230 33076
conv12 67 1683 7123
conv12 68 2766 12140
conv12 69 416 33140
conv12 70 8397 452
conv12 71 1773 23755
conv12 72 3389 1040
conv12 73 30341 2610
conv12 74 471 32689
conv12 75 31927 859
conv12 76 419 6610
conv12 77 1034 17418
conv12 78 534 32905
conv12 79 28866 3066
conv12 80 4949 2379
conv12 81 33409 77
conv12 82 488 4523
conv12 83 181 33130
conv12 84 509 20730
conv12 85 693 32684
conv12 86 796 31831
conv12 87 616 19668
conv12 88 1060 3568
conv12 89 33888 0
conv12 90 28117 2998
conv12 91 422 32125
conv12 92 1417 5589
conv12 93 1088 31126
conv12 94 115 33193
conv12 95 68 4401
conv12 96 27 33763
conv12 97 30127 2010
conv12 98 1877 770
conv12 99 1360 25857
conv12 100 1082 6007
conv12 101 5609 1356
conv12 102 902 30560
conv12 103 155 33256
conv12 104 963 31432
conv12 105 2148 4712
conv12 106 1541 14716
conv12 107 808 32119
conv12 108 248 19990
conv12 109 124 31963
conv12 110 1989 29712
conv12 111 1135 31356
conv12 112 1 33969
conv12 113 232 31588
conv12 114 526 32420
conv12 115 339 30679
conv12 116 29042 3192
conv12 117 30223 1029
conv12 118 818 5307
conv12 119 918 32163
conv12 120 1036 31298
conv12 121 136 33084
conv12 122 251 33347
conv12 123 20 33912
conv12 124 2874 722
conv12 125 1101 3341
conv12 126 224 15632
conv12 127 17 33755
conv12 128 29920 2680
conv12 129 1109 29351
conv12 130 2485 13086
conv12 131 13754 49
conv12 132 31785 397
conv12 133 272 33311
conv12 134 3608 122
conv12 135 1068 29971
conv12 136 15519 2890
conv12 137 32862 524
conv12 138 289 33163
conv12 139 32069 427
conv12 140 4 6691
conv12 141 57 32911
conv12 142 1575 31207
conv12 143 2693 5602
conv12 144 125 33430
conv12 145 630 5233
conv12 146 2220 27017
conv12 147 301 31822
conv12 148 1235 2708
conv12 149 177 15108
conv12 150 1306 28373
conv12 151 2686 1961
conv12 152 183 33206
conv12 153 265 5827
conv12 154 320 28958
conv12 155 541 29581
conv12 156 820 3011
conv12 157 832 31960
conv12 158 1840 4880
conv12 159 17959 918
conv12 160 32817 360
conv12 161 478 32169
conv12 162 1075 30076
conv12 163 3226 2491
conv12 164 1560 15624
conv12 165 49 33795
conv12 166 549 31454
conv12 167 704 5979
conv12 168 147 32844
conv12 169 21816 3096
conv12 170 244 32491
conv12 171 13 6541
conv12 172 381 21374
conv12 173 736 32737
conv12 174 1091 17211
conv12 175 1919 1304
conv12 176 177 32886
conv12 177 532 29052
conv12 178 196 30619
conv12 179 1894 3410
conv12 180 241 8360
conv12 181 1146 4039
conv12 182 2354 7387
conv12 183 1427 28600
conv12 184 375 20796
conv12 185 19871 36
conv12 186 3391 1722
conv12 187 32112 467
conv12 188 1810 16335
conv12 189 248 33363
conv12 190 1024 31740
conv12 191 31280 1468
conv12 192 1395 6166
conv12 193 10785 40
conv12 194 14116 1546
conv12 195 558 32385
conv12 196 31166 1231
conv12 197 20874 308
conv12 198 357 32509
conv12 199 38 28479
conv12 200 1268 1974
conv12 201 1049 30961
conv12 202 33958 0
conv12 203 1125 31425
conv12 204 1146 19388
conv12 205 2208 354
conv12 206 2193 26225
conv12 207 1151 2759
conv12 208 554 32787
conv12 209 1119 31287
conv12 210 1556 30926
conv12 211 392 33283
conv12 212 33973 0
conv12 213 14867 2149
conv12 214 582 31790
conv12 215 158 32257
conv12 216 1591 29340
conv12 217 627 32815
conv12 218 771 6164
conv12 219 537 31628
conv12 220 3100 1186
conv12 221 1162 5051
conv12 222 1572 15395
conv12 223 591 30832
conv12 224 2821 2293
conv12 225 3 33492
conv12 226 613 31896
conv12 227 1504 6884
conv12 228 169 33309
conv12 229 13226 4753
conv12 230 134 33381
conv12 231 5555 517
conv12 232 383 32844
conv12 233 188 19749
conv12 234 19604 1025
conv12 235 2073 3418
conv12 236 845 31924
conv12 237 2755 1134
conv12 238 16409 972
conv12 239 30481 1703
conv12 240 18788 1467
conv12 241 31325 137
conv12 242 1307 15057
conv12 243 49 33675
conv12 244 391 32985
conv12 245 474 32111
conv12 246 1371 3463
conv12 247 300 20397
conv12 248 1039 4772
conv12 249 893 32291
conv12 250 712 32397
conv12 251 3533 3903
conv12 252 31840 1017
conv12 253 1025 28981
conv12 254 1744 30514
conv12 255 766 31475
conv13 0 124 30846
conv13 1 229 33350
conv13 2 133 3799
conv13 3 391 26668
conv13 4 295 18629
conv13 5 33347 202
conv13 6 500 32019
conv13 7 1 33581
conv13 8 709 30710
conv13 9 7282 343
conv13 10 30747 525
conv13 11 497 7985
conv13 12 29354 1687
conv13 13 1091 22424
conv13 14 1851 29576
conv13 15 640 31140
conv13 16 15 31579
conv13 17 454 32367
conv13 18 1397 8452
conv13 19 878 2354
conv13 20 203 31278
conv13 21 856 10298
conv13 22 28578 2463
conv13 23 591 29655
conv13 24 15761 1671
conv13 25 97 5706
conv13 26 1564 31029
conv13 27 330 32475
conv13 28 27557 1777
conv13 29 7 33785
conv13 30 1451 1772
conv13 31 4363 448
conv13 32 1013 26378
conv13 33 136 3439
conv13 34 19585 2788
conv13 35 2156 30548
conv13 36 543 3657
conv13 37 15080 1490
conv13 38 30426 982
conv13 39 19251 2155
conv13 40 745 32070
conv13 41 29310 1620
conv13 42 160 2316
conv13 43 417 32540
conv13 44 32073 901
conv13 45 2953 603
conv13 46 410 32871
conv13 47 31774 814
conv13 48 366 30338
conv13 49 89 33622
conv13 50 1798 15352
conv13 51 520 3784
conv13 52 28685 2892
conv13 53 1023 3474
conv13 54 28744 2303
conv13 55 1008 32221
conv13 56 1583 31000
conv13 57 572 29548
conv13 58 73 31211
conv13 59 2968 586
conv13 60 370 33077
conv13 61 10 33830
conv13 62 137 33441
conv13 63 1626 2455
conv13 64 2371 2496
conv13 65 12824 3661
conv13 66 1571 29953
conv13 67 192 32352
conv13 68 3820 770
conv13 69 1079 31265
conv13 70 2439 2974
conv13 71 32353 792
conv13 72 1326 18976
conv13 73 696 32637
conv13 74 275 33027
conv13 75 17100 659
conv13 76 3 5209
conv13 77 1343 30089
conv13 78 1115 17412
conv13 79 711 2967
conv13 80 31199 1289
conv13 81 32501 593
conv13 82 31171 1297
conv13 83 971 32116
conv13 84 600 16457
conv13 85 1213 31704
conv13 86 249 18338
conv13 87 448 32540
conv13 88 32340 518
conv13 89 32553 689
conv13 90 32218 968
conv13 91 33 5152
conv13 92 652 32801
conv13 93 3723 398
conv13 94 722 31942
conv13 95 27803 1856
conv13 96 591 32234
conv13 97 29867 1394
conv13 98 2195 973
conv13 99 1272 1418
conv13 100 1828 28663
conv13 101 1116 29933
conv13 102 31038 1638
conv13 103 578 31895
conv13 104 1529 29961
conv13 105 1247 6370
conv13 106 602 1830
conv13 107 1035 31030
conv13 108 1372 31553
conv13 109 21 32796
conv13 110 1272 14703
conv13 111 1023 15062
conv13 112 58 30613
conv13 113 2558 948
conv13 114 909 31938
conv13 115 1756 2018
conv13 116 33 33865
conv13 117 990 3071
conv13 118 314 20389
conv13 119 89 32046
conv13 120 466 8104
conv13 121 2791 2431
conv13 122 30077 953
conv13 123 3358 1794
conv13 124 648 1377
conv13 125 80 26375
conv13 126 31021 1689
conv13 127 2 4602
conv13 128 587 32555
conv13 129 32252 662
conv13 130 15848 1487
conv13 131 31388 1428
conv13 132 39 16515
conv13 133 1104 646
conv13 134 31716 438
conv13 135 1276 31225
conv13 136 176 2729
conv13 137 117 33551
conv13 138 836 32279
conv13 139 33279 68
conv13 140 28 3990
conv13 141 1260 2610
conv13 142 1082 32128
conv13 143 5297 1619
conv13 144 1454 18469
conv13 145 4 33696
conv13 146 114 33397
conv13 147 1312 29529
conv13 148 1152 6435
conv13 149 27269 1566
conv13 150 337 3342
conv13 151 7174 873
conv13 152 17654 823
conv13 153 3 6709
conv13 154 31078 490
conv13 155 489 31927
conv13 156 100 4260
conv13 157 21387 33
conv13 158 2384 2276
conv13 159 29863 996
conv13 160 457 32946
conv13 161 1072 14658
conv13 162 462 32685
conv13 163 13831 1049
conv13 164 1352 1937
conv13 165 120 32972
conv13 166 718 3687
conv13 167 915 31558
conv13 168 1644 29861
conv13 169 30579 1810
conv13 170 21 33542
conv13 171 187 1752
conv13 172 15946 1385
conv13 173 704 29442
conv13 174 1513 31373
conv13 175 2716 697
conv13 176 226 5181
conv13 177 2221 1671
conv13 178 2347 2351
conv13 179 735 20808
conv13 180 10 32823
conv13 181 1080 2598
conv13 182 11 33956
conv13 183 150 31465
conv13 184 699 31861
conv13 185 31622 1170
conv13 186 29804 816
conv13 187 345 2342
conv13 188 447 32929
conv13 189 1159 30408
conv13 190 1737 30826
conv13 191 295 3803
conv13 192 4476 1681
conv13 193 33403 230
conv13 194 309 33242
conv13 195 31078 1078
conv13 196 28165 3058
conv13 197 2555 1325
conv13 198 31623 569
conv13 199 51 3686
conv13 200 5989 2280
conv13 201 2223 2534
conv13 202 23754 175
conv13 203 835 31971
conv13 204 520 32454
conv13 205 226 29849
conv13 206 32211 226
conv13 207 142 33477
conv13 208 1046 16851
conv13 209 296 33161
conv13 210 4993 111
conv13 211 1512 15950
conv13 212 19121 14
conv13 213 1560 1922
conv13 214 1400 31431
conv13 215 16328 1438
conv13 216 3246 2723
conv13 217 6457 555
conv13 218 696 31974
conv13 219 1695 26874
conv13 220 27695 988
conv13 221 992 3058
conv13 222 20 33763
conv13 223 78 33260
conv13 224 32567 385
conv13 225 19 30937
conv13 226 63 5521
conv13 227 298 32627
conv13 228 1295 31580
conv13 229 992 32433
conv13 230 1841 11629
conv13 231 1604 31252
conv13 232 132 32605
conv13 233 1121 31317
conv13 234 90 33493
conv13 235 22 3656
conv13 236 2633 29615
conv13 237 71 32686
conv13 238 8720 340
conv13 239 30096 1666
conv13 240 29754 2027
conv13 241 7355 178
conv13 242 3721 793
conv13 243 1987 16422
conv13 244 1277 26143
conv13 245 550 3957
conv13 246 230 33044
conv13 247 255 3402
conv13 248 74 5111
conv13 249 1367 2812
conv13 250 511 32714
conv13 251 2380 28661
conv13 252 30213 1267
conv13 253 3677 1151
conv13 254 3017 2401
conv13 255 348 3774
conv14 0 28822 1908
conv14 1 14442 3885
conv14 2 1630 2431
conv14 3 110 33711
conv14 4 2 33975
conv14 5 19 33840
conv14 6 15831 2264
conv14 7 7 33955
conv14 8 411 32177
conv14 9 169 33521
conv14 10 1947 3379
conv14 11 348 29383
conv14 12 278 33176
conv14 13 4 33926
conv14 14 53 33483
conv14 15 1565 28317
conv14 16 63 33755
conv14 17 0 32183
conv14 18 1972 17808
conv14 19 0 33982
conv14 20 136 19483
conv14 21 433 32802
conv14 22 234 32688
conv14 23 29036 2989
conv14 24 96 33411
conv14 25 2155 5219
conv14 26 4 33682
conv14 27 264 33223
conv14 28 116 33578
conv14 29 160 33487
conv14 30 540 31471
conv14 31 694 31279
conv14 32 60 33796
conv14 33 2337 4669
conv14 34 1478 5441
conv14 35 546 32701
conv14 36 300 3791
conv14 37 37 33857
conv14 38 164 33583
conv14 39 62 33743
conv14 40 0 33984
conv14 41 39 25850
conv14 42 28898 2084
conv14 43 595 3636
conv14 44 33948 0
conv14 45 0 33984
conv14 46 10 33901
conv14 47 1062 3128
conv14 48 64 33836
conv14 49 31235 407
conv14 50 2381 2255
conv14 51 0 33984
conv14 52 0 33922
conv14 53 3907 2726
conv14 54 26623 1360
conv14 55 523 32444
conv14 56 13 33939
conv14 57 169 33018
conv14 58 142 31555
conv14 59 183 33553
conv14 60 1530 16079
conv14 61 2160 27673
conv14 62 104 33492
conv14 63 16246 3448
conv14 64 359 4348
conv14 65 147 33531
conv14 66 98 33605
conv14 67 642 32261
conv14 68 1 33954
conv14 69 33600 85
conv14 70 9 33942
conv14 71 976 31476
conv14 72 0 33984
conv14 73 0 33984
conv14 74 31953 742
conv14 75 37 33809
conv14 76 392 6919
conv14 77 0 33984
conv14 78 326 33409
conv14 79 690 4647
conv14 80 117 33780
conv14 81 377 32989
conv14 82 48 33693
conv14 83 360 32506
conv14 84 62 33797
conv14 85 3 33942
conv14 86 82 33434
conv14 87 4 33657
conv14 88 0 33980
conv14 89 4584 1522
conv14 90 1127 31677
conv14 91 31490 1748
conv14 92 75 33769
conv14 93 0 33979
conv14 94 0 33984
conv14 95 0 33977
conv14 96 61 33202
conv14 97 391 32323
conv14 98 114 33244
conv14 99 28091 2537
conv14 100 27556 1888
conv14 101 39 33797
conv14 102 0 33983
conv14 103 33348 226
conv14 104 27785 2819
conv14 105 1067 16395
conv14 106 32867 579
conv14 107 290 33211
conv14 108 743 31982
conv14 109 213 8938
conv14 110 0 33984
conv14 111 1045 30263
conv14 112 594 4524
conv14 113 33145 229
conv14 114 323 32366
conv14 115 390 32756
conv14 116 5762 3571
conv14 117 28989 1345
conv14 118 28 33889
conv14 119 910 4566
conv14 120 464 7507
conv14 121 1 33967
conv14 122 30756 926
conv14 123 45 33756
conv14 124 131 33603
conv14 125 30391 1921
conv14 126 1345 29187
conv14 127 28739 822
conv14 128 152 33555
conv14 129 1184 4245
conv14 130 766 8591
conv14 131 32945 387
conv14 132 19 33574
conv14 133 687 29466
conv14 134 27668 2543
conv14 135 81 33204
conv14 136 4 33916
conv14 137 70 33705
conv14 138 31213 1085
conv14 139 116 33453
conv14 140 144 33111
conv14 141 3739 2562
conv14 142 11 33910
conv14 143 30853 1592
conv14 144 1420 29203
conv14 145 676 32141
conv14 146 374 6626
conv14 147 42 33805
conv14 148 163 33439
conv14 149 1223 5173
conv14 150 38 33818
conv14 151 32 33364
conv14 152 33016 219
conv14 153 751 4038
conv14 154 11 33873
conv14 155 456 32572
conv14 156 2450 3370
conv14 157 1262 17125
conv14 158 1866 31015
conv14 159 33338 178
conv14 160 2584 5743
conv14 161 428 32853
conv14 162 1040 30667
conv14 163 32513 889
conv14 164 99 33657
conv14 165 718 2072
conv14 166 10 33187
conv14 167 0 33984
conv14 168 31805 766
conv14 169 15291 4727
conv14 170 1161 14271
conv14 171 30257 193
conv14 172 30576 1843
conv14 173 0 33981
conv14 174 29416 302
conv14 175 32498 650
conv14 176 241 8149
conv14 177 152 33431
conv14 178 4 33950
conv14 179 3 33942
conv14 180 0 33975
conv14 181 1 33978
conv14 182 5134 1930
conv14 183 0 33984
conv14 184 11 33391
conv14 185 270 31696
conv14 186 0 33983
conv14 187 33795 5
conv14 188 50 33608
conv14 189 33104 315
conv14 190 67 33632
conv14 191 36 33886
conv14 192 24 33900
conv14 193 16 33883
conv14 194 18 33902
conv14 195 0 33984
conv14 196 528 2900
conv14 197 28740 1939
conv14 198 649 5315
conv14 199 2026 19612
conv14 200 28130 437
conv14 201 14877 2086
conv14 202 32502 557
conv14 203 1092 6601
conv14 204 31154 1195
conv14 205 0 33984
conv14 206 541 4547
conv14 207 371 4018
conv14 208 33984 0
conv14 209 3645 2040
conv14 210 1 33964
conv14 211 104 7376
conv14 212 2491 4071
conv14 213 11 33763
conv14 214 36 33762
conv14 215 598 31700
conv14 216 0 33981
conv14 217 3251 2366
conv14 218 30986 1407
conv14 219 25 21785
conv14 220 481 9375
conv14 221 0 33984
conv14 222 573 19808
conv14 223 230 32924
conv14 224 0 33983
conv14 225 108 33716
conv14 226 33718 75
conv14 227 72 33558
conv14 228 0 33984
conv14 229 550 8725
conv14 230 33107 71
conv14 231 862 3699
conv14 232 106 32126
conv14 233 486 33158
conv14 234 17 33847
conv14 235 21 33899
conv14 236 251 33269
conv14 237 511 31915
conv14 238 909 30777
conv14 239 153 4468
conv14 240 6 33893
conv14 241 34 33835
conv14 242 31221 1485
conv14 243 1349 3836
conv14 244 0 33984
conv14 245 393 32537
conv14 246 21 33595
conv14 247 265 32937
conv14 248 337 33153
conv14 249 277 32692
conv14 250 2508 3283
conv14 251 358 31732
conv14 252 25777 2186
conv14 253 326 4039
conv14 254 5 33887
conv14 255 1980 3267
conv15 0 765 27117
conv15 1 609 32858
conv15 2 642 31856
conv15 3 901 30906
conv15 4 1344 4105
conv15 5 181 33439
conv15 6 1578 29576
conv15 7 406 14548
conv15 8 1418 5240
conv15 9 1719 15042
conv15 10 1945 6021
conv15 11 674 6169
conv15 12 1294 4594
conv15 13 708 31369
conv15 14 858 20842
conv15 15 3487 1424
conv15 16 144 33181
conv15 17 367 4690
conv15 18 327 32384
conv15 19 1049 31949
conv15 20 973 18587
conv15 21 0 33983
conv15 22 7603 5665
conv15 23 552 32501
conv15 24 762 7878
conv15 25 2155 2390
conv15 26 596 3922
conv15 27 2737 18863
conv15 28 2570 1982
conv15 29 520 5702
conv15 30 1789 3023
conv15 31 1145 5485
conv15 32 16422 2343
conv15 33 28958 892
conv15 34 529 19667
conv15 35 1199 30328
conv15 36 29371 1700
conv15 37 14732 276
conv15 38 2530 3394
conv15 39 30538 989
conv15 40 486 29971
conv15 41 339 30607
conv15 42 1879 3278
conv15 43 409 5328
conv15 44 1866 2720
conv15 45 237 30613
conv15 46 900 4213
conv15 47 13188 3148
conv15 48 672 32569
conv15 49 834 4047
conv15 50 883 5495
conv15 51 258 4479
conv15 52 1871 7238
conv15 53 12919 0
conv15 54 3917 2168
conv15 55 67 33781
conv15 56 994 2810
conv15 57 829 3530
conv15 58 1703 9740
conv15 59 2514 2384
conv15 60 23204 1112
conv15 61 743 5690
conv15 62 218 6969
conv15 63 28143 1094
conv15 64 195 30606
conv15 65 515 33113
conv15 66 136 20784
conv15 67 4751 2816
conv15 68 1563 4967
conv15 69 896 32305
conv15 70 6182 1556
conv15 71 26317 1914
conv15 72 13144 2032
conv15 73 220 31586
conv15 74 32032 713
conv15 75 145 29581
conv15 76 611 30262
conv15 77 250 18986
conv15 78 539 18898
conv15 79 517 12830
conv15 80 30740 1707
conv15 81 736 30862
conv15 82 27356 3455
conv15 83 76 6731
conv15 84 245 3707
conv15 85 30545 1871
conv15 86 156 33532
conv15 87 259 32745
conv15 88 860 2638
conv15 89 31744 1440
conv15 90 801 27524
conv15 91 1102 3345
conv15 92 1402 31031
conv15 93 1388 31847
conv15 94 531 30016
conv15 95 3184 1788
conv15 96 431 3566
conv15 97 13966 1878
conv15 98 4155 2666
conv15 99 912 9593
conv15 100 55 33307
conv15 101 1601 1546
conv15 102 975 15562
conv15 103 621 28887
conv15 104 2086 2659
conv15 105 793 3218
conv15 106 1482 3159
conv15 107 1753 30020
conv15 108 828 6102
conv15 109 793 6390
conv15 110 847 32521
conv15 111 703 29365
conv15 112 2175 28647
conv15 113 1074 3585
conv15 114 473 15543
conv15 115 45 33840
conv15 116 70 7366
conv15 117 1672 27888
conv15 118 346 6386
conv15 119 112 33534
conv15 120 610 2651
conv15 121 800 6284
conv15 122 369 33348
conv15 123 127 33080
conv15 124 505 32189
conv15 125 23 33785
conv15 126 897 13135
conv15 127 140 22391
conv15 128 172 33519
conv15 129 6862 1726
conv15 130 1503 15287
conv15 131 183 32232
conv15 132 1185 20692
conv15 133 378 30280
conv15 134 12887 4108
conv15 135 1495 19797
conv15 136 351 32150
conv15 137 31 31388
conv15 138 152 33154
conv15 139 1241 31628
conv15 140 5020 2416
conv15 141 153 7392
conv15 142 598 18463
conv15 143 1117 9220
conv15 144 0 33965
conv15 145 1367 2538
conv15 146 2193 1644
conv15 147 1261 3912
conv15 148 480 8821
conv15 149 246 32871
conv15 150 1664 1995
conv15 151 30375 1184
conv15 152 884 22267
conv15 153 79 32459
conv15 154 1151 28593
conv15 155 92 31448
conv15 156 28 33805
conv15 157 2659 4073
conv15 158 26568 2386
conv15 159 32720 270
conv15 160 12180 5268
conv15 161 2013 4894
conv15 162 32064 986
conv15 163 28 32709
conv15 164 1293 16149
conv15 165 825 7725
conv15 166 867 7528
conv15 167 568 30280
conv15 168 478 7229
conv15 169 342 14827
conv15 170 500 3666
conv15 171 31688 1165
conv15 172 129 10855
conv15 173 426 3277
conv15 174 1554 31202
conv15 175 525 30340
conv15 176 887 29614
conv15 177 1501 1217
conv15 178 25841 2537
conv15 179 26934 1720
conv15 180 38 32894
conv15 181 33815 0
conv15 182 1734 1594
conv15 183 231 25995
conv15 184 107 33470
conv15 185 3029 1050
conv15 186 26565 3664
conv15 187 392 33213
conv15 188 705 2865
conv15 189 384 4693
conv15 190 1829 28586
conv15 191 1886 20774
conv15 192 27370 1912
conv15 193 1288 19474
conv15 194 1188 5202
conv15 195 1174 31957
conv15 196 7 33899
conv15 197 30185 1527
conv15 198 87 32773
conv15 199 2036 28788
conv15 200 35 33768
conv15 201 52 33344
conv15 202 995 31919
conv15 203 28 33800
conv15 204 476 6148
conv15 205 178 33316
conv15 206 4829 2873
conv15 207 26319 1778
conv15 208 19480 846
conv15 209 409 32840
conv15 210 1288 9288
conv15 211 685 4706
conv15 212 606 7275
conv15 213 3713 2350
conv15 214 288 33124
conv15 215 354 29387
conv15 216 1887 19672
conv15 217 566 31695
conv15 218 735 31572
conv15 219 692 31630
conv15 220 334 31830
conv15 221 855 30681
conv15 222 1404 4309
conv15 223 1263 3610
conv15 224 380 17759
conv15 225 56 33653
conv15 226 67 33665
conv15 227 15281 2815
conv15 228 934 31352
conv15 229 7 19434
conv15 230 426 5490
conv15 231 0 33878
conv15 232 418 6641
conv15 233 2273 7416
conv15 234 313 32303
conv15 235 1409 4561
conv15 236 2391 7416
conv15 237 1613 30845
conv15 238 1728 31287
conv15 239 762 8511
conv15 240 1241 16969
conv15 241 72 33546
conv15 242 676 30433
conv15 243 18894 2845
conv15 244 26743 3171
conv15 245 65 33385
conv15 246 117 32515
conv15 247 218 6648
conv15 248 213 30120
conv15 249 976 10011
conv15 250 364 32469
conv15 251 4740 5785
conv15 252 28454 2416
conv15 253 1973 29270
conv15 254 1368 31072
conv15 255 15681 4253
conv16 0 1482 31305
conv16 1 141 7362
conv16 2 218 33329
conv16 3 369 32966
conv16 4 779 32264
conv16 5 54 33720
conv16 6 0 33772
conv16 7 164 31840
conv16 8 165 33548
conv16 9 190 33442
conv16 10 1437 27822
conv16 11 1522 30129
conv16 12 440 33077
conv16 13 608 32836
conv16 14 166 33418
conv16 15 28 33882
conv16 16 62 31328
conv16 17 13 33877
conv16 18 225 5571
conv16 19 89 33381
conv16 20 463 32876
conv16 21 45 33827
conv16 22 75 33734
conv16 23 712 2706
conv16 24 213 33062
conv16 25 380 33245
conv16 26 11 33814
conv16 27 81 33745
conv16 28 1072 2835
conv16 29 1 33448
conv16 30 160 33547
conv16 31 0 33984
conv16 32 0 33984
conv16 33 61 33749
conv16 34 485 32953
conv16 35 63 33700
conv16 36 0 33984
conv16 37 13645 3992
conv16 38 5 33894
conv16 39 372 33150
conv16 40 458 33019
conv16 41 40 33831
conv16 42 527 32863
conv16 43 494 32901
conv16 44 1384 31538
conv16 45 548 32891
conv16 46 59 33858
conv16 47 867 19082
conv16 48 193 33543
conv16 49 0 33984
conv16 50 25 33614
conv16 51 380 12563
conv16 52 222 33323
conv16 53 1826 2202
conv16 54 332 33149
conv16 55 297 33282
conv16 56 1313 31580
conv16 57 14 33681
conv16 58 1084 32201
conv16 59 119 33675
conv16 60 86 33190
conv16 61 30979 1403
conv16 62 31192 1451
conv16 63 158 33195
conv16 64 497 32515
conv16 65 22 33800
conv16 66 106 33644
conv16 67 23 33703
conv16 68 363 32453
conv16 69 0 33973
conv16 70 497 32974
conv16 71 8 29727
conv16 72 657 29369
conv16 73 576 32174
conv16 74 26196 4836
conv16 75 11088 5506
conv16 76 0 33984
conv16 77 0 33984
conv16 78 4 33969
conv16 79 147 33665
conv16 80 103 33461
conv16 81 0 33979
conv16 82 377 33180
conv16 83 797 32266
conv16 84 59 33036
conv16 85 48 33855
conv16 86 0 33984
conv16 87 900 30545
conv16 88 128 33703
conv16 89 1828 6834
conv16 90 104 33236
conv16 91 56 33244
conv16 92 1352 28974
conv16 93 472 32985
conv16 94 31 33865
conv16 95 7 32304
conv16 96 81 33735
conv16 97 545 32324
conv16 98 617 32883
conv16 99 12 33906
conv16 100 0 33984
conv16 101 48 33682
conv16 102 28 5429
conv16 103 224 33329
conv16 104 102 33623
conv16 105 0 33984
conv16 106 1244 4221
conv16 107 45 33686
conv16 108 35 33625
conv16 109 217 33397
conv16 110 1521 2501
conv16 111 15649 4378
conv16 112 62 33777
conv16 113 1087 31601
conv16 114 3219 1795
conv16 115 856 823
conv16 116 566 31975
conv16 117 4120 1517
conv16 118 1225 31921
conv16 119 122 33494
conv16 120 32133 548
conv16 121 0 33984
conv16 122 0 33984
conv16 123 129 32890
conv16 124 495 33095
conv16 125 266 33350
conv16 126 6 33962
conv16 127 3702 27963
conv16 128 0 33969
conv16 129 1387 3202
conv16 130 2430 25143
conv16 131 984 31850
conv16 132 396 33180
conv16 133 296 32958
conv16 134 104 33714
conv16 135 1 33297
conv16 136 15 33588
conv16 137 1 33937
conv16 138 202 33410
conv16 139 0 33930
conv16 140 32 33645
conv16 141 6 33958
conv16 142 970 32121
conv16 143 615 32482
conv16 144 519 31538
conv16 145 43 33741
conv16 146 122 32296
conv16 147 1476 29876
conv16 148 13 33085
conv16 149 688 32530
conv16 150 779 3008
conv16 151 418 33097
conv16 152 15390 2376
conv16 153 363 33138
conv16 154 319 33282
conv16 155 228 32846
conv16 156 24 33401
conv16 157 61 33722
conv16 158 105 33268
conv16 159 23 33395
conv16 160 1583 29964
conv16 161 0 33976
conv16 162 201 33282
conv16 163 3468 2558
conv16 164 83 33708
conv16 165 15 33854
conv16 166 62 33509
conv16 167 17 33847
conv16 168 264 33450
conv16 169 149 33523
conv16 170 365 33241
conv16 171 279 28781
conv16 172 128 31404
conv16 173 3 33960
conv16 174 90 31885
conv16 175 247 33301
conv16 176 82 33436
conv16 177 150 32796
conv16 178 0 33984
conv16 179 0 33976
conv16 180 1367 31681
conv16 181 0 33983
conv16 182 1525 31603
conv16 183 217 33480
conv16 184 197 19107
conv16 185 4 33924
conv16 186 42 33858
conv16 187 617 4579
conv16 188 365 33319
conv16 189 24 33880
conv16 190 29011 1712
conv16 191 38 33825
conv16 192 18 33156
conv16 193 138 33603
conv16 194 18 33492
conv16 195 140 17350
conv16 196 625 32799
conv16 197 152 33298
conv16 198 28113 792
conv16 199 66 33812
conv16 200 143 33543
conv16 201 49 33826
conv16 202 33 33784
conv16 203 44 33899
conv16 204 291 33313
conv16 205 357 33155
conv16 206 1294 31916
conv16 207 532 32981
conv16 208 39 33801
conv16 209 0 33952
conv16 210 24 33861
conv16 211 398 33122
conv16 212 221 33534
conv16 213 27971 18
conv16 214 83 33748
conv16 215 2 33978
conv16 216 59 33741
conv16 217 56 33751
conv16 218 72 33792
conv16 219 106 33689
conv16 220 1963 8060
conv16 221 32 33709
conv16 222 25760 2864
conv16 223 404 31660
conv16 224 2570 21229
conv16 225 233 32995
conv16 226 8 31952
conv16 227 137 33520
conv16 228 2 33977
conv16 229 53 33775
conv16 230 77 33618
conv16 231 4 33866
conv16 232 410 33183
conv16 233 1790 2096
conv16 234 17 33881
conv16 235 205 5860
conv16 236 45 33392
conv16 237 0 33981
conv16 238 216 33474
conv16 239 324 33089
conv16 240 11 33943
conv16 241 1002 31750
conv16 242 62 33709
conv16 243 33966 0
conv16 244 0 33984
conv16 245 821 32451
conv16 246 1393 25835
conv16 247 187 33550
conv16 248 800 27975
conv16 249 24 33880
conv16 250 0 33959
conv16 251 1002 31632
conv16 252 3323 480
conv16 253 250 33359
conv16 254 30545 2028
conv16 255 42 33317
conv16 256 913 31979
conv16 257 640 19849
conv16 258 5 33839
conv16 259 3 33911
conv16 260 88 32900
conv16 261 0 33962
conv16 262 0 33972
conv16 263 1382 30749
conv16 264 183 33467
conv16 265 4 33395
conv16 266 0 33983
conv16 267 471 2498
conv16 268 31936 545
conv16 269 118 33706
conv16 270 125 33605
conv16 271 87 33751
conv16 272 466 32286
conv16 273 0 18801
conv16 274 23 33839
conv16 275 93 33676
conv16 276 268 33456
conv16 277 1 33972
conv16 278 717 32740
conv16 279 7 33940
conv16 280 648 32823
conv16 281 0 33982
conv16 282 6 33928
conv16 283 384 32991
conv16 284 33022 90
conv16 285 1415 5025
conv16 286 486 33005
conv16 287 1027 31885
conv16 288 1116 3424
conv16 289 310 32914
conv16 290 22 33902
conv16 291 1 33212
conv16 292 118 33661
conv16 293 73 33624
conv16 294 208 33072
conv16 295 833 31738
conv16 296 29939 862
conv16 297 2 33964
conv16 298 167 33148
conv16 299 86 33437
conv16 300 79 25579
conv16 301 1093 28213
conv16 302 191 33133
conv16 303 422 32941
conv16 304 222 33411
conv16 305 1100 8003
conv16 306 581 33032
conv16 307 31233 1521
conv16 308 7 33949
conv16 309 31184 1292
conv16 310 2 33915
conv16 311 394 33219
conv16 312 0 33968
conv16 313 20 33839
conv16 314 237 33286
conv16 315 70 33677
conv16 316 177 33608
conv16 317 33 33697
conv16 318 1077 31263
conv16 319 933 3717
conv16 320 261 33135
conv16 321 270 33383
conv16 322 18 33938
conv16 323 4 33973
conv16 324 380 33012
conv16 325 209 33283
conv16 326 10 33942
conv16 327 543 32884
conv16 328 43 33339
conv16 329 57 33729
conv16 330 753 32256
conv16 331 15895 615
conv16 332 10575 3269
conv16 333 5 33519
conv16 334 312 6022
conv16 335 76 33675
conv16 336 62 33440
conv16 337 76 33477
conv16 338 83 33549
conv16 339 240 33415
conv16 340 122 32424
conv16 341 97 33739
conv16 342 499 27077
conv16 343 0 33984
conv16 344 660 32261
conv16 345 0 33984
conv16 346 0 33870
conv16 347 0 33984
conv16 348 77 33287
conv16 349 0 33983
conv16 350 0 33979
conv16 351 29801 1844
conv16 352 0 33984
conv16 353 117 16695
conv16 354 1 33974
conv16 355 0 33984
conv16 356 614 32640
conv16 357 27436 423
conv16 358 6 33918
conv16 359 2 33911
conv16 360 27521 2032
conv16 361 91 33037
conv16 362 6 33800
conv16 363 700 19811
conv16 364 26 33781
conv16 365 224 33441
conv16 366 315 33243
conv16 367 2737 28498
conv16 368 0 33984
conv16 369 11 33961
conv16 370 79 33749
conv16 371 14484 5528
conv16 372 18311 2696
conv16 373 355 32655
conv16 374 0 33984
conv16 375 140 17625
conv16 376 3 33977
conv16 377 1 33970
conv16 378 190 33362
conv16 379 17105 927
conv16 380 102 33606
conv16 381 53 33824
conv16 382 58 32679
conv16 383 400 6232
conv16 384 79 33734
conv16 385 1775 14422
conv16 386 560 6586
conv16 387 1380 2115
conv16 388 36 33622
conv16 389 29 33811
conv16 390 5375 9652
conv16 391 876 3573
conv16 392 26 33878
conv16 393 5 31788
conv16 394 688 32251
conv16 395 2 33958
conv16 396 1055 31916
conv16 397 424 33179
conv16 398 809 32629
conv16 399 291 33248
conv16 400 0 33982
conv16 401 32475 934
conv16 402 966 32358
conv16 403 100 32691
conv16 404 132 31462
conv16 405 408 32873
conv16 406 168 31499
conv16 407 124 33396
conv16 408 0 33982
conv16 409 331 31440
conv16 410 37 33622
conv16 411 385 32174
conv16 412 10 33891
conv16 413 870 30384
conv16 414 0 33981
conv16 415 390 33033
conv16 416 1625 5193
conv16 417 580 32576
conv16 418 0 33983
conv16 419 447 32896
conv16 420 0 33984
conv16 421 30591 978
conv16 422 1229 4477
conv16 423 27785 2107
conv16 424 80 33713
conv16 425 612 32804
conv16 426 73 33707
conv16 427 1969 7783
conv16 428 341 33098
conv16 429 0 33959
conv16 430 13796 319
conv16 431 341 33153
conv16 432 10 33925
conv16 433 7 33799
conv16 434 264 22514
conv16 435 3 33974
conv16 436 707 32331
conv16 437 988 3520
conv16 438 1 33977
conv16 439 0 33979
conv16 440 32 32905
conv16 441 1130 32040
conv16 442 102 33548
conv16 443 1276 14336
conv16 444 267 33022
conv16 445 302 33230
conv16 446 1 33964
conv16 447 372 33192
conv16 448 199 33472
conv16 449 215 33085
conv16 450 151 33529
conv16 451 8 33625
conv16 452 45 33773
conv16 453 444 33257
conv16 454 56 33751
conv16 455 2524 16565
conv16 456 53 33779
conv16 457 1 33835
conv16 458 40 31781
conv16 459 979 3211
conv16 460 217 3422
conv16 461 1462 15621
conv16 462 834 32439
conv16 463 737 30891
conv16 464 103 28512
conv16 465 725 32682
conv16 466 23 33806
conv16 467 305 33294
conv16 468 1195 30587
conv16 469 128 5175
conv16 470 373 32434
conv16 471 1022 18396
conv16 472 3079 28499
conv16 473 82 33479
conv16 474 1 33948
conv16 475 1 33964
conv16 476 767 30748
conv16 477 624 32747
conv16 478 0 33984
conv16 479 257 33107
conv16 480 0 33955
conv16 481 33984 0
conv16 482 0 33973
conv16 483 21 33312
conv16 484 122 32795
conv16 485 39 32783
conv16 486 2 33980
conv16 487 582 32513
conv16 488 237 6291
conv16 489 304 33241
conv16 490 35 33812
conv16 491 38 33765
conv16 492 259 33346
conv16 493 131 33574
conv16 494 317 33099
conv16 495 58 33578
conv16 496 40 33700
conv16 497 0 33984
conv16 498 0 33977
conv16 499 0 33984
conv16 500 8 27505
conv16 501 1580 27810
conv16 502 0 33975
conv16 503 3 33968
conv16 504 10 33892
conv16 505 692 9776
conv16 506 47 33361
conv16 507 12 33764
conv16 508 7 33942
conv16 509 688 16745
conv16 510 26 33795
conv16 511 15 33904
