conv1 0 -0.82 -2.43 -0.82 -2.43
conv1 1 -0.39 -1.18 -0.39 -1.18
conv1 2 -0.10 -3.63 -0.10 -3.63
conv1 3 1.18 0.13 1.18 0.13
conv1 4 -2.63 0.92 -2.63 0.92
conv1 5 -0.92 -0.72 -0.92 -0.72
conv1 6 -1.02 -2.62 -1.02 -2.62
conv1 7 0.92 1.12 0.92 1.12
conv1 8 -2.36 -0.62 -2.36 -0.62
conv1 9 -3.76 -3.63 -3.76 -3.63
conv1 10 -1.58 -0.66 -1.58 -0.66
conv1 11 -1.84 -0.26 -1.84 -0.26
conv1 12 -1.25 1.90 -1.25 1.90
conv1 13 0.33 2.59 -1.61 2.76
conv1 14 -1.84 -0.53 -1.84 -0.53
conv1 15 -1.25 -0.95 -1.25 -0.95
conv1 16 -0.89 0.89 -0.89 0.89
conv1 17 1.77 -1.92 1.77 -1.92
conv1 18 -0.13 -0.39 -0.13 -0.39
conv1 19 -1.84 -2.63 -1.84 -2.63
conv1 20 0.53 -1.12 0.53 -1.12
conv1 21 -0.95 -3.84 -0.95 -3.84
conv1 22 -3.28 -2.10 -3.28 -2.10
conv1 23 -0.07 -1.90 -0.07 -1.90
conv1 24 -1.87 -1.51 -1.87 -1.51
conv1 25 -1.05 -0.53 -1.05 -0.53
conv1 26 -1.31 -1.97 -1.31 -1.97
conv1 27 -0.79 -0.39 -0.79 -0.39
conv1 28 -1.97 -1.90 -1.97 -1.90
conv1 29 -0.13 -1.18 -0.13 -1.18
conv1 30 -2.10 -1.05 -2.10 -1.05
conv1 31 -0.98 -2.63 -0.98 -2.63
conv1 32 -0.79 0.39 -0.79 0.39
conv1 33 -0.79 0.13 -0.79 0.13
conv1 34 -0.79 -0.13 -0.79 -0.13
conv1 35 1.71 -3.05 1.71 -3.05
conv1 36 1.58 -1.97 1.58 -1.97
conv1 37 1.31 -1.38 1.31 -1.38
conv1 38 -2.76 0.79 -2.76 0.79
conv1 39 -1.25 -1.18 -1.25 -1.18
conv1 40 -1.18 -1.15 -1.18 -1.15
conv1 41 -0.79 -1.77 -0.79 -1.77
conv1 42 -0.98 -1.05 -0.98 -1.05
conv1 43 -0.98 -0.59 -0.98 -0.59
conv1 44 -1.18 -2.03 -1.18 -2.03
conv1 45 -2.76 1.18 -2.76 1.18
conv1 46 -2.63 -2.10 -2.63 -2.10
conv1 47 -1.77 -0.72 -1.77 -0.72
conv1 48 -3.35 -3.69 -3.35 -3.69
conv1 49 -1.90 -0.85 -1.90 -0.85
conv1 50 -2.10 -0.82 -2.10 -0.82
conv1 51 -0.33 -1.38 -0.33 -1.38
conv1 52 -0.89 -1.31 -0.89 -1.31
conv1 53 -1.71 -0.92 -1.71 -0.92
conv1 54 -3.46 -3.67 -3.46 -3.67
conv1 55 -0.43 -1.41 -0.43 -1.41
conv1 56 0.13 -1.71 0.13 -1.71
conv1 57 -0.59 0.92 -0.59 0.92
conv1 58 -2.85 1.77 -2.85 1.77
conv1 59 -0.13 -0.79 -0.13 -0.79
conv1 60 -2.49 -1.05 -2.49 -1.05
conv1 61 1.84 1.28 1.84 1.28
conv1 62 0.39 -2.82 0.39 -2.82
conv1 63 -0.98 -0.92 -0.98 -0.92
conv2 0 -8.10 1.25 -0.71 -1.43
conv2 1 -0.45 -1.87 -3.38 -0.18
conv2 2 -4.10 0.45 -1.60 -6.50
conv2 3 5.97 -2.94 -4.19 -1.07
conv2 4 5.34 1.07 -0.89 -3.03
conv2 5 -8.46 -1.43 -0.18 0.27
conv2 6 4.81 -2.05 -3.56 -2.23
conv2 7 -6.41 1.43 2.49 -4.10
conv2 8 6.15 -0.89 -2.32 -1.07
conv2 9 -1.43 -0.36 -1.07 -3.21
conv2 10 0.71 -4.01 -5.17 1.60
conv2 11 -3.65 1.20 0.53 -3.56
conv2 12 -1.25 -8.28 -1.69 2.23
conv2 13 -6.77 -0.36 -1.60 -2.32
conv2 14 -0.71 -1.07 -1.96 -1.43
conv2 15 -5.70 -3.92 0.98 -0.89
conv2 16 -2.85 3.56 -3.74 -4.28
conv2 17 -1.60 -0.18 -3.56 -1.07
conv2 18 -0.71 -2.58 -4.90 -2.67
conv2 19 -2.58 5.70 -3.65 -4.01
conv2 20 5.34 -2.67 -2.32 -0.89
conv2 21 -4.28 -2.32 -0.80 -0.89
conv2 22 -0.89 -1.38 -1.60 -1.07
conv2 23 -1.60 -0.18 -4.99 -0.71
conv2 24 -2.85 -3.38 -2.32 -2.67
conv2 25 -0.71 -1.96 -1.78 -4.45
conv2 26 1.07 4.45 -2.85 -4.01
conv2 27 -6.95 -5.88 0.00 -0.09
conv2 28 -3.30 -2.67 -3.38 0.36
conv2 29 -2.00 -2.54 1.78 2.14
conv2 30 -1.74 -2.67 -1.07 -0.71
conv2 31 1.96 4.10 -1.78 -1.25
conv2 32 -0.89 -2.14 -0.71 -1.96
conv2 33 2.76 -4.99 -1.25 -0.36
conv2 34 -6.59 -4.81 -0.89 -1.43
conv2 35 -4.27 3.47 -0.71 -1.16
conv2 36 -1.60 -5.52 -1.43 -0.18
conv2 37 -1.51 0.80 2.94 -2.85
conv2 38 5.70 3.92 -3.56 -2.14
conv2 39 -2.76 5.97 -1.96 -2.32
conv2 40 -4.28 -3.12 -1.96 -0.53
conv2 41 0.71 1.69 -1.51 -1.87
conv2 42 -2.58 -2.23 0.89 -1.87
conv2 43 -1.60 -1.16 -0.36 6.32
conv2 44 -5.52 3.47 -1.60 -0.18
conv2 45 -2.49 -1.78 0.00 -2.40
conv2 46 -1.43 -0.40 -1.96 -1.78
conv2 47 -2.14 -4.63 -0.71 -2.32
conv2 48 2.72 1.69 -1.60 -0.36
conv2 49 4.63 -3.16 -1.07 -0.89
conv2 50 -2.85 2.32 -3.21 -3.21
conv2 51 4.81 3.30 -2.67 -1.43
conv2 52 -3.74 -2.32 0.00 -1.43
conv2 53 -1.56 4.54 -0.71 -2.49
conv2 54 6.15 -3.65 -3.21 -1.16
conv2 55 -1.78 -0.71 3.03 -1.25
conv2 56 -4.85 -6.15 0.00 -1.43
conv2 57 -0.71 -3.21 -2.63 -0.53
conv2 58 -7.84 -2.49 0.27 -2.32
conv2 59 0.89 -0.62 -1.43 -1.60
conv2 60 0.45 -2.58 0.36 -3.65
conv2 61 -5.70 4.10 0.00 -2.94
conv2 62 0.00 -3.38 -0.36 4.72
conv2 63 1.07 2.05 -2.40 -2.76
conv3 0 -0.89 -1.20 -4.30 0.13
conv3 1 -0.82 1.77 -1.39 -4.81
conv3 2 -3.80 -7.47 0.32 2.78
conv3 3 3.80 -0.25 -6.83 -0.89
conv3 4 -5.57 -8.35 0.00 -5.32
conv3 5 3.23 -1.27 -4.24 -4.24
conv3 6 1.27 2.66 -2.97 -5.57
conv3 7 -1.01 5.00 -2.47 -6.07
conv3 8 5.32 -1.14 -4.68 -0.89
conv3 9 1.39 -3.99 -4.30 5.32
conv3 10 -1.46 -0.51 -6.58 -4.11
conv3 11 -2.59 -2.09 -0.82 -0.00
conv3 12 0.82 -1.90 -5.51 1.39
conv3 13 0.95 -6.71 -0.38 -0.13
conv3 14 4.05 -0.89 -6.71 -1.39
conv3 15 -5.19 -3.80 -1.27 -0.25
conv3 16 -4.05 -11.01 -2.59 0.95
conv3 17 -3.42 -3.04 -3.80 -3.80
conv3 18 -2.40 -1.65 -2.03 -6.71
conv3 19 -0.25 4.18 -3.16 -7.72
conv3 20 -4.81 -0.95 3.42 -3.67
conv3 21 -1.65 -9.49 -1.20 0.63
conv3 22 -5.82 -8.29 4.05 -0.89
conv3 23 -2.28 -1.90 0.06 0.82
conv3 24 -0.13 2.28 -2.66 -1.65
conv3 25 2.15 -0.51 0.06 -4.75
conv3 26 -0.89 4.18 -2.78 -6.83
conv3 27 3.54 -4.18 -6.96 -4.18
conv3 28 -3.04 0.51 -3.35 -3.29
conv3 29 -1.52 -5.57 -2.15 3.29
conv3 30 -4.87 -3.61 4.81 -1.58
conv3 31 -2.53 0.51 -2.97 5.25
conv3 32 -7.59 -9.37 -0.76 -0.76
conv3 33 -9.68 -5.32 -7.72 0.38
conv3 34 2.28 1.08 -3.80 -7.34
conv3 35 -5.95 -1.14 2.66 -4.81
conv3 36 -8.35 -4.56 1.14 -2.15
conv3 37 -5.44 -0.25 -1.52 -3.54
conv3 38 -8.73 0.13 2.78 -5.06
conv3 39 2.15 -4.94 -1.14 -2.66
conv3 40 -0.82 -0.44 -1.39 -1.01
conv3 41 -1.27 -3.42 -1.52 3.86
conv3 42 -0.57 -2.72 -3.04 0.57
conv3 43 1.71 3.67 -0.51 0.00
conv3 44 -7.09 -2.85 -2.53 -3.04
conv3 45 -1.01 2.78 -5.19 -9.18
conv3 46 -4.37 -0.76 -1.46 -2.72
conv3 47 -1.77 -0.76 0.25 0.51
conv3 48 -1.27 -3.67 -2.78 1.90
conv3 49 -2.34 -1.20 -3.29 0.76
conv3 50 -4.18 -1.14 3.73 0.44
conv3 51 -2.28 1.01 -0.32 -0.32
conv3 52 3.92 5.57 -3.80 -3.80
conv3 53 -0.44 0.51 -3.92 -2.02
conv3 54 -0.89 -1.52 3.16 0.38
conv3 55 -0.25 -2.66 4.43 0.38
conv3 56 4.68 -1.77 -5.06 -1.90
conv3 57 -0.76 -6.20 -1.52 4.30
conv3 58 -6.71 -2.40 -1.39 -0.13
conv3 59 -2.53 -3.16 0.76 -4.68
conv3 60 -1.39 -0.57 -2.02 -1.39
conv3 61 -0.25 0.00 0.00 -0.25
conv3 62 -8.86 -1.90 4.30 -1.77
conv3 63 -2.15 0.25 -0.13 -2.53
conv4 0 -1.72 3.45 -2.62 -4.59
conv4 1 -1.89 -1.97 -2.62 -2.30
conv4 2 -2.62 -5.41 0.49 -3.12
conv4 3 5.58 -1.64 -2.46 0.41
conv4 4 -2.62 3.12 -3.04 -7.14
conv4 5 3.04 -3.36 -1.89 -1.72
conv4 6 0.00 0.41 -3.36 -2.21
conv4 7 0.16 -0.98 -2.79 2.79
conv4 8 2.46 2.46 -1.15 -1.15
conv4 9 -4.92 -0.49 -0.33 3.45
conv4 10 2.13 -2.13 -3.86 -5.09
conv4 11 3.94 -0.57 -8.12 -1.39
conv4 12 -5.41 -1.72 -2.30 -4.27
conv4 13 -6.56 -3.36 3.20 -2.38
conv4 14 -3.28 -5.99 -2.62 1.64
conv4 15 -1.72 4.02 0.41 -1.48
conv4 16 -2.79 5.99 -2.38 -2.38
conv4 17 -2.62 -5.09 4.43 -1.15
conv4 18 -3.69 5.66 -4.51 -3.20
conv4 19 -4.27 -8.37 -1.23 -2.54
conv4 20 -3.12 1.39 -3.28 -3.61
conv4 21 3.12 -0.66 0.82 -1.64
conv4 22 -7.30 -3.77 -1.80 0.00
conv4 23 -5.82 -0.16 4.10 -5.66
conv4 24 -6.56 1.23 -5.25 -1.15
conv4 25 -2.54 4.92 -3.61 -5.74
conv4 26 -1.56 3.04 -6.89 -3.28
conv4 27 -7.55 -4.18 0.00 -2.30
conv4 28 -0.49 -2.21 -1.64 -1.15
conv4 29 -3.12 5.74 -6.07 -3.77
conv4 30 -2.05 -2.05 -1.31 -5.25
conv4 31 0.41 -5.82 -4.43 0.00
conv4 32 5.25 -1.31 -5.25 -4.27
conv4 33 3.94 3.77 -4.27 -5.25
conv4 34 -2.54 -2.79 0.00 -3.94
conv4 35 -3.45 -4.92 -2.21 4.68
conv4 36 -0.98 -1.97 -5.91 -8.53
conv4 37 -2.21 -9.27 -3.36 3.45
conv4 38 -2.54 -0.16 -0.33 -0.74
conv4 39 -1.64 0.33 -0.57 -2.38
conv4 40 -2.13 1.15 -3.61 -1.31
conv4 41 -0.33 -5.25 -4.92 -3.77
conv4 42 -6.23 -7.05 5.09 -2.05
conv4 43 -1.48 4.35 -2.79 -6.56
conv4 44 -3.12 0.66 -4.35 -0.49
conv4 45 -1.48 -6.32 0.00 3.86
conv4 46 4.43 -2.46 -0.25 -3.53
conv4 47 -1.80 5.99 -3.94 -1.15
conv4 48 -4.76 -5.25 -0.82 -4.35
conv4 49 -5.91 5.41 3.28 -2.62
conv4 50 -5.66 -2.71 -2.30 -5.91
conv4 51 3.77 -0.98 -6.73 -2.05
conv4 52 -4.59 -4.35 4.10 -2.30
conv4 53 2.46 0.98 -3.45 -4.92
conv4 54 2.05 0.49 -0.41 -0.25
conv4 55 -0.98 -1.39 -3.45 -0.66
conv4 56 0.74 -1.07 -8.94 -3.94
conv4 57 -6.07 -8.04 -2.95 -1.48
conv4 58 5.58 -0.08 -3.94 -3.77
conv4 59 0.00 -3.94 -2.62 -3.20
conv4 60 -3.53 -5.99 -3.77 0.33
conv4 61 -0.90 -9.11 -1.48 2.62
conv4 62 -2.79 -1.15 -4.59 -3.28
conv4 63 -1.89 2.54 -1.07 -0.25
conv5 0 -2.12 1.61 -12.09 8.47
conv5 1 -1.31 0.30 -4.64 -2.42
conv5 2 -1.21 2.22 -4.84 -5.04
conv5 3 -6.15 -1.61 -1.21 -4.43
conv5 4 2.52 -8.47 -2.32 -3.02
conv5 5 -10.99 -3.83 -1.11 -0.81
conv5 6 2.02 -0.30 -1.31 -2.22
conv5 7 0.00 -5.95 -7.16 0.10
conv5 8 4.03 -2.82 -4.54 -1.51
conv5 9 -8.26 -5.34 1.01 -3.12
conv5 10 -0.10 -8.77 -6.85 -0.71
conv5 11 -7.86 -0.30 3.83 -2.82
conv5 12 -2.12 -0.10 -2.32 2.12
conv5 13 -1.21 -4.23 0.00 -2.82
conv5 14 4.03 -3.12 -8.26 -6.05
conv5 15 -2.62 -4.64 0.60 2.02
conv5 16 1.01 -12.30 0.30 4.64
conv5 17 4.64 1.01 -4.33 -3.43
conv5 18 -2.12 -2.12 -3.02 -0.30
conv5 19 -1.11 4.64 -1.61 -7.76
conv5 20 -6.75 -2.12 3.63 -2.92
conv5 21 -0.91 -9.98 -1.41 0.10
conv5 22 -2.12 1.01 -2.32 -0.71
conv5 23 -4.33 -0.40 -5.64 -7.66
conv5 24 -1.81 -4.54 -8.47 0.60
conv5 25 -2.32 -12.70 -1.91 -4.94
conv5 26 -1.31 -0.60 -1.71 -8.87
conv5 27 -1.61 -13.30 -3.23 -4.54
conv5 28 -1.61 -2.12 -3.12 -4.23
conv5 29 -0.40 -6.85 -2.02 5.24
conv5 30 -6.75 -7.16 3.53 2.72
conv5 31 -8.06 4.23 -3.63 -5.44
conv5 32 -4.43 -2.42 3.43 4.64
conv5 33 -1.91 -3.12 2.62 7.36
conv5 34 1.91 -1.51 -6.25 -7.76
conv5 35 -7.05 -4.54 -1.31 -1.91
conv5 36 -5.04 -2.82 -0.71 -6.45
conv5 37 -1.51 -1.91 1.61 -6.45
conv5 38 3.53 -7.76 4.33 1.21
conv5 39 0.20 -7.16 -2.02 -0.10
conv5 40 -2.92 -2.92 -4.33 -1.21
conv5 41 5.14 -4.64 -2.92 -0.60
conv5 42 -6.05 2.62 -1.21 -4.23
conv5 43 -4.74 -2.72 -1.31 -0.10
conv5 44 -6.65 -1.81 -1.61 -5.64
conv5 45 -3.73 -1.41 -2.32 2.72
conv5 46 -4.03 -1.11 0.91 -4.74
conv5 47 0.00 0.50 -2.12 -5.34
conv5 48 1.81 -3.22 -2.42 1.81
conv5 49 -5.85 -3.63 -1.71 1.21
conv5 50 -2.92 -4.94 -1.01 2.82
conv5 51 -6.35 4.33 -5.64 -3.93
conv5 52 -2.62 -2.92 -3.23 4.13
conv5 53 -0.30 -3.12 9.47 -3.73
conv5 54 3.43 4.84 -1.41 -2.82
conv5 55 3.33 1.31 -2.72 -2.12
conv5 56 4.03 -2.22 -7.16 0.60
conv5 57 -2.22 -6.15 -2.62 4.43
conv5 58 -4.74 1.81 -2.72 -2.32
conv5 59 -6.95 -1.91 1.91 -1.11
conv5 60 -2.82 6.65 -0.50 -6.45
conv5 61 -2.32 -6.95 -0.60 -0.40
conv5 62 -4.33 3.33 7.46 -1.41
conv5 63 -3.43 -3.53 0.10 -4.23
conv6 0 -5.26 -5.74 -3.83 -2.27
conv6 1 -2.75 -3.94 -3.35 -1.20
conv6 2 -3.47 5.02 -1.43 -7.89
conv6 3 -0.48 0.00 0.00 0.00
conv6 4 -4.90 -3.11 -2.99 -0.84
conv6 5 -1.91 -8.49 -4.90 -6.69
conv6 6 -8.73 -9.20 -5.26 -1.43
conv6 7 -4.42 -7.17 -5.14 -2.39
conv6 8 -3.35 -3.94 -3.83 -1.20
conv6 9 -6.81 -2.15 0.12 0.84
conv6 10 2.03 -4.66 -8.13 -2.63
conv6 11 -2.15 2.15 3.35 -1.20
conv6 12 4.06 -2.63 -4.78 -0.48
conv6 13 -8.37 -7.41 -1.20 -5.26
conv6 14 1.91 -6.34 -8.96 -0.96
conv6 15 -2.63 -5.74 -3.59 -3.94
conv6 16 0.12 -1.08 -4.42 -4.30
conv6 17 -6.93 -11.24 -3.47 5.86
conv6 18 2.39 1.08 -7.65 -4.90
conv6 19 -0.12 -2.15 -14.70 -3.83
conv6 20 -4.54 -1.91 -1.20 -6.45
conv6 21 -2.87 -4.78 -4.78 -3.71
conv6 22 -3.83 -1.20 -3.35 -2.03
conv6 23 -4.66 -4.30 -5.38 -5.38
conv6 24 -4.06 0.96 -1.79 -8.13
conv6 25 -2.75 -5.50 -2.63 2.27
conv6 26 -9.20 -4.90 -2.15 1.43
conv6 27 -4.06 -5.74 -0.72 -2.63
conv6 28 -3.82 -0.24 -2.51 -3.59
conv6 29 -8.73 0.72 0.24 -8.13
conv6 30 -2.51 -0.48 1.31 -4.90
conv6 31 -6.34 -2.27 -12.31 -5.02
conv6 32 7.89 -10.04 -2.99 5.02
conv6 33 -0.72 -11.95 -4.42 -4.18
conv6 34 -5.62 -3.94 -1.91 -2.63
conv6 35 -2.15 -0.12 -3.23 -12.67
conv6 36 -3.11 -5.86 -2.39 0.72
conv6 37 -1.31 -4.66 -5.98 -5.26
conv6 38 -1.20 1.67 -3.11 -11.71
conv6 39 -6.69 -0.72 -2.15 -6.10
conv6 40 -6.22 -0.48 -0.24 -5.50
conv6 41 -3.94 -6.22 -0.24 -3.94
conv6 42 -8.01 -6.45 6.45 5.62
conv6 43 -2.15 -0.84 0.12 -3.83
conv6 44 -1.20 1.43 -5.74 -6.93
conv6 45 -2.99 -4.06 -0.48 -2.03
conv6 46 1.43 -0.96 -5.74 -3.35
conv6 47 -3.94 -3.71 -6.10 -2.39
conv6 48 -0.84 -6.34 -4.18 -3.23
conv6 49 -1.55 3.23 -3.59 -7.41
conv6 50 -2.27 -2.75 -0.48 2.15
conv6 51 3.11 -1.08 -4.90 -1.20
conv6 52 4.30 -5.98 -1.31 0.12
conv6 53 -2.87 0.00 -0.24 -6.45
conv6 54 5.38 -2.03 -4.54 -2.87
conv6 55 -5.98 -0.60 -3.94 -2.75
conv6 56 1.20 -3.35 -5.74 -7.05
conv6 57 6.69 2.87 -7.89 -3.47
conv6 58 -0.84 -1.79 -1.91 1.67
conv6 59 1.31 0.96 -7.41 -3.11
conv6 60 -1.55 -0.12 4.30 -5.74
conv6 61 -5.74 4.30 -0.96 -5.26
conv6 62 -3.35 -0.24 -1.43 -3.11
conv6 63 -1.20 -1.43 0.00 1.91
conv6 64 -5.38 -0.48 1.31 -7.17
conv6 65 -7.65 -1.31 9.08 -1.67
conv6 66 -8.13 2.15 -2.87 -2.03
conv6 67 -8.37 -4.42 2.87 -1.91
conv6 68 -6.81 -6.57 -1.79 -0.60
conv6 69 -2.15 -2.99 -4.30 -9.08
conv6 70 4.06 2.75 -6.22 -5.50
conv6 71 4.30 4.30 -0.84 -2.39
conv6 72 -3.71 -2.63 -2.63 -8.13
conv6 73 -0.72 -2.03 -4.06 -3.47
conv6 74 -6.22 -4.18 -6.34 -1.20
conv6 75 -8.13 -1.43 -2.39 -1.67
conv6 76 1.91 -8.25 -4.54 5.02
conv6 77 0.24 -2.39 -9.44 -1.31
conv6 78 -2.63 -5.26 -2.51 -2.51
conv6 79 0.00 -5.50 4.66 -0.24
conv6 80 -3.11 -9.44 -4.54 -1.55
conv6 81 -3.59 -3.71 3.47 1.20
conv6 82 -1.67 -3.71 -2.75 -4.66
conv6 83 -5.62 -3.47 0.84 -0.84
conv6 84 7.41 2.63 -3.71 -2.99
conv6 85 -2.75 1.79 -7.29 -8.61
conv6 86 1.08 -7.05 -2.39 -1.20
conv6 87 -1.20 5.74 -4.78 -8.25
conv6 88 -1.43 -10.76 -2.51 2.87
conv6 89 -0.24 -3.23 -8.37 -1.55
conv6 90 -2.99 -3.35 -12.91 -3.71
conv6 91 -1.43 1.91 -4.30 -8.13
conv6 92 1.67 -7.29 -3.35 0.00
conv6 93 -4.06 -3.35 -12.31 -1.08
conv6 94 -5.74 -4.30 -0.72 -7.89
conv6 95 -0.24 -2.87 -6.57 -2.15
conv6 96 -4.30 -3.83 -5.38 -5.26
conv6 97 -5.74 0.96 -0.12 -7.05
conv6 98 -2.15 -2.03 -8.96 -2.63
conv6 99 -6.69 2.63 2.03 -6.69
conv6 100 -5.02 -3.94 -6.93 -4.66
conv6 101 -2.39 -4.66 -4.18 2.63
conv6 102 -9.08 2.51 3.83 -5.38
conv6 103 1.43 -4.54 -6.57 -0.96
conv6 104 1.55 -7.17 -3.59 0.96
conv6 105 -3.59 0.00 -1.43 -6.93
conv6 106 -5.50 0.72 -1.79 -2.51
conv6 107 -5.98 -6.93 4.42 2.27
conv6 108 -1.79 -5.74 -4.78 -1.91
conv6 109 -3.35 -1.43 -4.06 -4.78
conv6 110 1.55 -2.03 -6.10 -0.36
conv6 111 -3.11 -8.61 -3.83 -2.51
conv6 112 -2.27 -4.06 -1.43 -5.02
conv6 113 -2.15 -11.24 6.81 -1.79
conv6 114 -6.45 -6.81 -0.96 -5.50
conv6 115 -1.31 -2.75 -5.50 -1.31
conv6 116 -2.63 -3.59 -5.14 -7.29
conv6 117 -4.78 -3.94 -1.55 -3.59
conv6 118 -1.79 -3.35 -9.56 -2.39
conv6 119 5.14 -3.11 -4.78 -0.60
conv6 120 -6.22 -2.63 5.02 -0.84
conv6 121 -3.82 -3.47 -2.03 -2.03
conv6 122 -3.59 -5.74 -4.18 -0.96
conv6 123 -0.84 -4.66 -5.14 -6.45
conv6 124 -0.24 -3.23 -4.06 1.08
conv6 125 1.91 0.96 -5.62 -5.02
conv6 126 -1.20 -3.11 -0.60 0.00
conv6 127 -4.42 -0.96 -1.20 -5.74
conv7 0 -1.10 -0.31 -7.85 0.16
conv7 1 -1.10 2.36 -5.03 -2.36
conv7 2 -3.45 11.62 0.94 -13.19
conv7 3 -3.45 -3.77 3.45 2.51
conv7 4 -8.48 2.83 -6.75 -2.83
conv7 5 -8.64 -5.65 6.91 -1.57
conv7 6 3.30 -1.26 -3.30 1.88
conv7 7 -2.20 -6.44 -2.20 4.40
conv7 8 -0.31 2.83 -3.30 -6.75
conv7 9 -2.20 -9.11 -2.83 -2.51
conv7 10 0.00 0.00 -3.30 4.40
conv7 11 -2.36 -2.20 -9.11 -3.93
conv7 12 -2.36 -3.61 -11.78 5.18
conv7 13 -1.73 -1.73 0.47 -3.30
conv7 14 2.20 4.40 -0.63 -9.58
conv7 15 -5.65 -4.87 -1.26 -1.41
conv7 16 -4.40 0.00 0.63 -5.34
conv7 17 -5.34 -2.83 7.69 -2.51
conv7 18 -3.14 -1.88 13.35 5.65
conv7 19 -2.67 -3.93 -4.71 6.91
conv7 20 8.48 -6.12 -4.08 -9.26
conv7 21 -14.13 0.31 4.71 -5.34
conv7 22 -0.47 -6.44 -3.45 0.63
conv7 23 -2.20 -3.45 -4.40 5.03
conv7 24 -0.31 -14.29 -3.61 -2.04
conv7 25 -7.54 -4.24 10.36 -2.04
conv7 26 -7.38 -4.08 0.16 -8.17
conv7 27 -2.98 -4.87 -4.55 -16.65
conv7 28 2.51 -1.41 -16.33 2.83
conv7 29 -0.63 0.31 -5.18 -5.81
conv7 30 2.51 2.20 -5.02 -1.88
conv7 31 2.83 -1.26 -8.01 -4.40
conv7 32 0.00 -3.77 -1.57 -2.36
conv7 33 -0.63 -1.57 -4.71 -9.26
conv7 34 -9.58 -5.03 -0.94 -2.51
conv7 35 -5.97 -2.51 -2.04 -5.65
conv7 36 -13.03 -1.41 4.40 -0.31
conv7 37 -1.73 -2.98 -2.67 -9.11
conv7 38 5.03 -0.31 -4.71 0.94
conv7 39 -1.26 -1.26 0.00 0.00
conv7 40 -2.36 0.79 -5.81 -1.26
conv7 41 -20.10 5.03 -2.51 -4.24
conv7 42 -5.18 -7.54 1.73 0.79
conv7 43 -1.57 -3.77 -11.15 -2.67
conv7 44 -2.20 -2.20 2.36 0.94
conv7 45 -0.79 -10.99 -4.24 6.28
conv7 46 -2.20 -2.20 1.73 -0.16
conv7 47 -1.57 0.00 -6.91 -0.63
conv7 48 -2.83 -2.51 0.00 -6.44
conv7 49 -1.26 0.31 -5.18 -2.04
conv7 50 -0.31 4.55 -5.65 -5.65
conv7 51 2.83 -4.08 -8.32 -4.55
conv7 52 -7.22 7.85 8.48 -5.97
conv7 53 0.00 -3.93 -8.95 -12.09
conv7 54 -1.57 1.88 -1.57 -9.11
conv7 55 -1.57 -1.10 6.60 -4.71
conv7 56 2.36 4.40 -8.32 -6.91
conv7 57 -9.58 -4.40 0.00 -7.54
conv7 58 -0.63 0.63 0.63 2.51
conv7 59 -1.26 -0.94 0.79 -6.60
conv7 60 -11.62 -0.31 -0.31 -1.41
conv7 61 -3.45 3.77 6.91 -1.41
conv7 62 -0.94 8.32 -0.16 -7.54
conv7 63 -3.14 -5.03 -2.98 -5.18
conv7 64 -3.77 -1.26 -4.24 -0.31
conv7 65 -2.51 -4.24 -1.73 0.16
conv7 66 0.00 0.00 0.00 0.00
conv7 67 6.44 -1.88 -2.83 1.88
conv7 68 -6.91 0.00 0.00 -3.14
conv7 69 -3.61 -3.61 -2.36 1.41
conv7 70 -0.94 -5.03 4.24 2.98
conv7 71 -2.04 -1.57 -0.63 -5.34
conv7 72 -4.87 0.94 -7.22 -3.45
conv7 73 -11.62 -6.60 -5.97 2.83
conv7 74 -4.08 -1.88 -1.10 1.26
conv7 75 6.91 -4.71 -13.82 0.94
conv7 76 -4.08 -4.08 0.00 -4.71
conv7 77 -3.45 -2.98 -7.22 3.45
conv7 78 -2.36 0.00 -6.91 -12.72
conv7 79 2.83 -2.51 -4.40 -0.31
conv7 80 -3.93 -2.67 0.31 -1.88
conv7 81 5.81 -7.54 -0.94 -2.83
conv7 82 -0.79 0.47 -0.47 -5.65
conv7 83 -2.36 4.87 -0.31 -12.88
conv7 84 -3.93 -2.67 -2.36 -2.83
conv7 85 -3.14 -2.51 5.50 4.71
conv7 86 -3.45 -4.40 -2.04 -7.22
conv7 87 -2.20 -2.20 1.26 2.83
conv7 88 -0.94 -1.57 -5.02 -1.41
conv7 89 -5.81 -0.16 0.63 -5.97
conv7 90 -0.47 -2.20 0.47 -9.26
conv7 91 -1.88 -4.71 -5.81 -10.05
conv7 92 -0.79 -3.14 -2.83 1.57
conv7 93 0.63 -1.88 -4.08 -3.14
conv7 94 -14.92 -19.16 0.94 -3.77
conv7 95 -3.14 -0.63 3.93 -1.88
conv7 96 -6.91 -11.93 2.67 5.65
conv7 97 0.63 -5.34 -6.28 -3.45
conv7 98 -6.28 -9.11 -11.46 0.16
conv7 99 -2.20 1.88 -1.26 0.00
conv7 100 -3.14 -3.14 -4.55 -10.05
conv7 101 4.08 -1.26 -0.94 -2.36
conv7 102 -0.31 3.14 0.00 -9.42
conv7 103 -5.65 -2.83 -5.18 -3.45
conv7 104 -1.26 -7.07 -0.63 -1.10
conv7 105 -4.24 3.77 -7.22 -5.34
conv7 106 7.85 -2.04 -10.21 -6.44
conv7 107 -0.79 -3.77 -6.28 -12.41
conv7 108 0.00 -6.91 -1.88 -11.46
conv7 109 -3.14 -15.70 0.79 -5.18
conv7 110 -4.55 -10.05 -1.88 -12.56
conv7 111 -1.41 -3.77 -1.57 -3.61
conv7 112 -4.71 -2.83 -3.14 4.24
conv7 113 3.77 5.65 -1.57 -5.34
conv7 114 -6.28 -0.47 -0.47 -8.95
conv7 115 -3.30 -0.63 -2.20 3.14
conv7 116 -1.88 0.63 -0.16 -3.14
conv7 117 -10.68 -6.91 0.31 4.55
conv7 118 -1.57 -4.55 -6.12 -8.79
conv7 119 7.54 4.40 -2.36 -2.98
conv7 120 -4.40 -5.03 -2.83 0.63
conv7 121 0.00 0.47 8.17 1.26
conv7 122 3.61 -4.40 -3.61 -0.94
conv7 123 -4.87 -1.73 -4.55 3.30
conv7 124 0.00 -0.63 -0.16 -2.98
conv7 125 -2.98 -2.36 -4.40 0.31
conv7 126 -3.45 -1.57 -5.03 3.45
conv7 127 -1.88 -1.10 0.94 -11.31
conv8 0 -11.49 -5.95 -4.54 -5.34
conv8 1 -7.26 -6.05 -7.76 -4.64
conv8 2 -6.25 -2.32 -2.42 -11.29
conv8 3 -3.93 -6.75 -9.57 -4.94
conv8 4 -6.55 -4.94 -5.24 -7.56
conv8 5 -1.31 -6.05 -5.34 -12.80
conv8 6 -9.67 -8.97 -6.25 -1.31
conv8 7 -6.05 -7.46 -6.05 -3.83
conv8 8 -5.14 -9.47 -5.04 -2.82
conv8 9 -4.64 -6.15 -0.20 -13.81
conv8 10 -6.25 -3.43 -6.85 -7.66
conv8 11 -1.31 -6.15 -8.87 -8.26
conv8 12 -9.68 -11.39 -4.33 -7.36
conv8 13 -7.16 -4.64 -6.95 -7.96
conv8 14 -6.65 -10.38 -5.54 -4.03
conv8 15 -7.76 -7.66 -5.95 -6.65
conv8 16 -12.40 -7.05 -2.52 -7.05
conv8 17 -10.88 -7.96 -0.71 -3.93
conv8 18 -2.32 -14.31 -5.64 -5.74
conv8 19 -5.64 -4.03 -8.57 -12.09
conv8 20 -5.54 -4.74 -4.23 -11.49
conv8 21 -8.67 -6.95 -0.81 -5.14
conv8 22 -7.86 -6.65 -4.33 0.00
conv8 23 -7.36 -7.76 -3.53 -3.02
conv8 24 -4.64 -13.40 -5.64 -5.74
conv8 25 -11.59 -7.26 -2.72 -2.52
conv8 26 -4.13 -4.23 -5.24 -8.67
conv8 27 -7.46 -0.00 -4.33 -8.26
conv8 28 -10.88 -9.78 -3.83 -4.13
conv8 29 -18.34 -15.42 -5.54 -3.43
conv8 30 -4.64 -6.65 -7.56 -6.85
conv8 31 -8.26 -6.45 -6.15 -6.05
conv8 32 -7.96 -8.57 -4.54 -4.94
conv8 33 -5.85 -7.56 -4.23 -7.26
conv8 34 -6.05 -3.83 -4.64 -5.85
conv8 35 -7.46 -7.26 -13.30 -5.85
conv8 36 -8.26 -7.46 -0.10 -5.54
conv8 37 -4.33 -16.93 -7.05 -4.33
conv8 38 -6.95 -8.26 -1.81 -8.67
conv8 39 -1.61 -4.23 -6.55 -7.56
conv8 40 -11.79 -6.05 -4.23 -8.06
conv8 41 -5.44 -6.05 -4.54 -12.30
conv8 42 -7.66 -9.78 -1.71 -5.24
conv8 43 -5.54 -7.66 -7.36 -1.21
conv8 44 -5.85 -6.65 -6.65 -7.46
conv8 45 -7.05 -8.87 -4.84 -2.22
conv8 46 -6.05 -12.90 -5.74 -5.54
conv8 47 -1.81 -6.85 -6.05 -4.43
conv8 48 -7.46 -7.86 -1.81 0.91
conv8 49 -6.95 -7.56 -5.74 -6.55
conv8 50 -7.66 -10.88 -6.15 -5.74
conv8 51 -3.63 -7.16 -7.56 -8.36
conv8 52 -7.66 -3.63 -1.11 -9.98
conv8 53 -6.75 -6.25 -4.54 5.85
conv8 54 -1.81 -9.78 -6.95 -4.74
conv8 55 -8.26 -5.14 -2.42 4.54
conv8 56 -3.43 -3.02 -8.77 -10.99
conv8 57 -10.18 -12.40 -7.26 -5.34
conv8 58 -3.23 -10.28 -7.05 -3.73
conv8 59 -3.63 -7.66 -5.85 -9.07
conv8 60 -6.35 -7.66 -5.95 -3.53
conv8 61 -5.54 -8.06 -10.18 -6.25
conv8 62 -5.44 -6.65 -10.48 -4.03
conv8 63 -12.19 -8.06 -6.85 0.00
conv8 64 -8.06 -4.84 -7.56 -12.50
conv8 65 -6.85 -7.56 -0.20 -5.95
conv8 66 -7.66 -6.45 -8.47 -6.85
conv8 67 -0.10 -5.85 -4.33 -2.62
conv8 68 -9.27 -5.64 -2.72 -6.15
conv8 69 -9.47 -7.56 -4.23 -8.47
conv8 70 -10.88 -7.96 -4.64 -6.85
conv8 71 -10.18 -6.65 -7.16 -2.62
conv8 72 -10.08 -3.53 -3.73 -10.58
conv8 73 -7.05 -7.05 -8.26 -11.19
conv8 74 -5.95 -13.50 -6.25 -6.05
conv8 75 -1.11 -7.05 -11.69 -6.65
conv8 76 -8.06 -6.05 -9.47 -7.96
conv8 77 -10.99 -7.46 -6.75 -0.81
conv8 78 -7.36 -6.25 -2.32 -5.74
conv8 79 -2.62 -5.04 -5.44 -6.25
conv8 80 -6.15 -6.75 -9.88 -4.74
conv8 81 -6.35 -4.64 -6.35 -10.28
conv8 82 -6.95 -3.63 -7.46 -9.17
conv8 83 -4.74 -2.52 -4.54 -12.60
conv8 84 3.43 -5.85 -5.74 -7.05
conv8 85 -4.43 -4.03 -15.02 -4.64
conv8 86 -4.13 -6.05 -10.58 -3.02
conv8 87 -6.95 -7.96 -7.05 -6.65
conv8 88 -2.62 -7.86 -7.26 -9.27
conv8 89 -2.22 -5.54 -2.02 -0.20
conv8 90 -6.65 -6.85 -5.64 -7.05
conv8 91 -5.64 -6.35 -8.36 -6.15
conv8 92 -3.02 -6.95 -5.64 -11.99
conv8 93 -1.71 -3.93 -9.47 -6.85
conv8 94 -3.73 -13.00 -5.24 -5.44
conv8 95 -6.05 -8.67 -3.63 -5.24
conv8 96 -10.99 -8.06 -4.03 -3.73
conv8 97 -5.34 -9.27 -2.12 -2.62
conv8 98 -12.60 -4.74 -5.74 -12.70
conv8 99 -6.35 -8.87 -6.05 -4.84
conv8 100 -9.07 -7.46 -4.03 -1.81
conv8 101 -5.74 -4.54 -3.83 -6.85
conv8 102 -6.05 -11.09 -6.05 5.14
conv8 103 -3.63 -9.47 -4.54 -7.16
conv8 104 -6.95 0.91 -7.46 -6.85
conv8 105 -7.96 -18.75 -6.45 -5.14
conv8 106 -1.61 -6.95 -12.30 -5.44
conv8 107 -7.56 -9.27 -10.78 -4.94
conv8 108 -4.64 -8.57 -5.85 -12.40
conv8 109 -5.85 -11.89 -10.38 -6.95
conv8 110 -8.57 -5.14 -3.83 -11.89
conv8 111 -7.05 -1.61 -11.49 -6.65
conv8 112 -6.65 -7.46 -3.83 -4.43
conv8 113 -3.33 -6.05 -8.06 -7.56
conv8 114 -3.02 -10.38 -7.66 -6.15
conv8 115 -11.69 -7.46 -2.12 -2.32
conv8 116 -6.85 -6.45 -8.06 -7.66
conv8 117 -4.03 -6.05 -7.96 -8.26
conv8 118 -11.09 -5.24 -8.26 -8.06
conv8 119 -13.71 -4.94 -6.65 -5.24
conv8 120 -5.44 -5.24 -5.34 -7.96
conv8 121 -5.44 -6.05 -0.71 -13.00
conv8 122 -3.33 -6.55 -7.05 -11.49
conv8 123 -7.26 -7.56 -1.61 -4.54
conv8 124 -6.25 -10.48 -7.86 -5.44
conv8 125 -10.99 -5.64 -1.21 -7.05
conv8 126 -5.44 -5.34 -4.94 -10.48
conv8 127 -5.64 -5.74 -6.05 -8.06
conv9 0 -0.58 -3.31 -7.00 -8.56
conv9 1 0.97 -0.97 -5.84 0.78
conv9 2 -5.45 -4.67 3.89 -5.45
conv9 3 15.56 -0.39 10.50 1.56
conv9 4 -10.31 -8.75 0.39 0.19
conv9 5 -7.00 -7.20 5.25 7.39
conv9 6 2.72 10.89 -0.39 -0.78
conv9 7 -3.70 -3.70 -6.22 -3.31
conv9 8 0.19 8.95 -4.28 -8.95
conv9 9 -0.78 -1.36 -5.84 -10.50
conv9 10 -3.70 2.53 -1.56 -6.42
conv9 11 -8.17 6.61 -3.11 -17.12
conv9 12 10.50 -0.39 -6.22 0.39
conv9 13 -17.12 -9.92 1.75 -0.58
conv9 14 -7.78 -2.33 1.95 1.95
conv9 15 2.92 -3.89 7.98 -3.31
conv9 16 -11.28 -4.28 1.17 0.39
conv9 17 -3.70 -2.92 -4.28 -7.98
conv9 18 -13.23 1.75 1.75 -4.67
conv9 19 11.28 0.00 -2.72 -5.06
conv9 20 -6.22 -1.17 1.56 -1.56
conv9 21 9.34 12.45 -3.11 -4.47
conv9 22 9.34 -7.39 -8.56 -3.50
conv9 23 0.00 -14.78 -0.78 7.39
conv9 24 10.70 -12.45 6.61 -6.61
conv9 25 -10.12 3.11 8.95 4.28
conv9 26 -2.33 -1.17 -1.56 -6.61
conv9 27 -3.89 -12.64 -8.36 1.36
conv9 28 3.89 5.84 -0.78 9.73
conv9 29 -4.86 8.17 -5.06 -7.78
conv9 30 -12.06 0.00 -10.89 -2.53
conv9 31 -4.86 -13.81 0.19 5.84
conv9 32 -3.70 -4.28 -5.25 -1.17
conv9 33 -7.78 0.00 -1.17 -2.33
conv9 34 -17.51 0.00 -14.01 0.00
conv9 35 2.92 -10.31 -7.20 10.12
conv9 36 -11.67 8.17 3.89 -9.14
conv9 37 2.72 8.17 -8.17 5.45
conv9 38 0.39 7.59 -1.56 -5.64
conv9 39 7.00 7.78 -3.89 -9.14
conv9 40 -10.89 -3.89 6.22 -7.78
conv9 41 -0.39 7.00 -2.33 -10.89
conv9 42 6.42 -3.50 -9.73 -2.72
conv9 43 -3.11 -10.89 5.45 3.11
conv9 44 -2.53 -8.95 -8.95 -2.14
conv9 45 8.17 -2.72 -14.01 4.67
conv9 46 -14.78 0.78 0.78 -8.36
conv9 47 -9.73 0.00 7.98 -11.67
conv9 48 -13.23 -9.73 -5.06 -7.00
conv9 49 -3.31 1.75 -0.39 5.45
conv9 50 8.75 -5.45 -7.98 -3.11
conv9 51 0.39 -12.84 7.39 8.17
conv9 52 -6.03 -2.33 -3.11 -7.39
conv9 53 6.03 4.28 -8.17 -12.45
conv9 54 -3.11 -4.28 -6.23 -2.14
conv9 55 -13.03 3.31 -3.31 0.58
conv9 56 -0.39 10.50 -0.78 0.00
conv9 57 2.33 -12.45 3.11 -18.67
conv9 58 -14.78 -6.22 12.06 -6.61
conv9 59 -7.98 -4.47 -4.28 10.12
conv9 60 2.53 -9.92 -10.89 -1.17
conv9 61 -5.06 -9.92 -0.78 -0.78
conv9 62 9.53 -5.84 -14.59 -8.36
conv9 63 -2.33 -2.33 -1.17 -1.95
conv9 64 -8.17 -4.67 0.19 -6.42
conv9 65 -5.25 -7.00 -4.47 8.56
conv9 66 3.89 1.95 -6.42 0.78
conv9 67 -6.03 -0.00 -10.12 -2.92
conv9 68 8.95 -9.34 -2.33 -8.95
conv9 69 -1.56 3.50 -3.89 -0.39
conv9 70 -6.22 -6.81 -5.06 1.95
conv9 71 9.14 -3.89 -10.31 3.31
conv9 72 2.92 -11.28 -6.22 0.78
conv9 73 -16.34 7.39 0.00 -10.12
conv9 74 -3.70 -9.53 -3.31 5.84
conv9 75 -0.39 9.34 -8.56 -2.72
conv9 76 0.00 -3.11 -1.36 -1.75
conv9 77 -6.22 -3.70 -3.89 5.45
conv9 78 10.31 -0.58 -8.56 -4.67
conv9 79 -2.72 2.72 -6.61 -6.61
conv9 80 -0.58 11.67 -0.39 -10.89
conv9 81 -2.33 -8.17 -1.17 -12.64
conv9 82 -10.89 -3.50 -7.78 4.28
conv9 83 -12.45 -2.72 0.00 7.00
conv9 84 -1.95 -2.14 1.95 -5.06
conv9 85 8.36 -3.89 -11.28 3.31
conv9 86 -14.78 0.00 4.28 -7.00
conv9 87 -2.14 -2.33 -12.26 3.50
conv9 88 7.20 -5.25 -9.92 -3.50
conv9 89 -0.19 0.39 -3.89 -5.45
conv9 90 -9.92 4.67 6.22 -5.25
conv9 91 6.03 12.06 -2.72 -3.11
conv9 92 0.39 9.73 -6.81 -7.39
conv9 93 -0.58 10.89 1.95 -12.84
conv9 94 -2.33 -0.78 0.39 -1.17
conv9 95 -5.64 -17.31 -3.11 4.28
conv9 96 -3.70 0.78 0.58 -6.23
conv9 97 4.47 -6.61 0.19 -6.42
conv9 98 -6.61 -14.59 -5.45 1.75
conv9 99 -1.75 -9.92 -4.09 -7.20
conv9 100 5.25 0.39 -4.86 -7.39
conv9 101 -9.92 10.89 2.14 -13.62
conv9 102 -2.72 2.33 -1.17 -5.06
conv9 103 -6.22 7.98 -6.81 -10.12
conv9 104 1.95 -4.47 -7.20 0.97
conv9 105 -2.14 -6.81 -1.95 -10.12
conv9 106 -8.56 -0.39 0.78 -3.11
conv9 107 1.56 8.36 -8.95 -8.36
conv9 108 -12.45 -14.78 -4.47 -7.20
conv9 109 0.00 8.36 -13.81 -1.95
conv9 110 -2.72 0.78 -2.33 -5.84
conv9 111 0.19 5.25 -5.06 -6.22
conv9 112 7.59 -13.81 -12.06 8.56
conv9 113 1.56 -0.78 0.00 -3.11
conv9 114 12.06 2.33 -5.25 -7.98
conv9 115 -10.89 15.56 -5.84 2.33
conv9 116 -4.28 -7.39 -8.56 -3.70
conv9 117 -7.20 7.59 -5.84 -1.75
conv9 118 -2.92 -3.70 -7.20 -2.33
conv9 119 -1.56 -15.56 -2.72 -5.45
conv9 120 7.78 2.72 -12.06 1.17
conv9 121 1.75 8.17 0.19 -1.56
conv9 122 -5.06 -8.17 1.75 5.25
conv9 123 -15.76 -5.25 6.22 -2.14
conv9 124 -7.20 14.98 6.22 -10.50
conv9 125 -12.84 11.67 -4.28 0.00
conv9 126 -2.33 -3.31 -3.89 -10.12
conv9 127 -2.92 -0.97 -0.39 -5.84
conv10 0 -3.02 -6.03 -7.43 -1.62
conv10 1 -0.46 2.78 -16.01 3.48
conv10 2 3.25 12.53 -1.86 -7.89
conv10 3 -2.32 -7.89 0.93 10.21
conv10 4 -0.23 -10.44 -12.07 1.39
conv10 5 7.89 -1.86 0.00 -0.70
conv10 6 -1.86 -1.86 -6.50 -4.18
conv10 7 0.00 0.00 -0.23 6.50
conv10 8 0.00 -8.35 -1.86 7.42
conv10 9 -3.71 0.23 -11.60 9.75
conv10 10 -1.39 -1.62 -7.42 8.12
conv10 11 0.00 1.86 -16.47 -2.55
conv10 12 3.02 -4.64 -11.37 -7.42
conv10 13 -7.19 -4.41 2.32 11.14
conv10 14 2.09 -3.94 0.70 6.73
conv10 15 2.78 6.03 -1.62 -6.26
conv10 16 -1.86 -2.32 -1.86 -2.32
conv10 17 -3.94 3.48 6.03 3.94
conv10 18 0.23 -2.78 5.10 5.57
conv10 19 1.39 -8.82 -11.14 8.35
conv10 20 -0.23 -9.05 -6.50 -1.39
conv10 21 -18.10 2.32 12.99 2.78
conv10 22 -1.62 -3.48 0.00 9.51
conv10 23 -1.16 2.09 4.41 7.89
conv10 24 -2.32 -2.78 -0.70 0.46
conv10 25 0.00 2.55 9.28 -10.21
conv10 26 -0.46 16.71 1.86 -6.73
conv10 27 -2.09 -8.82 0.70 5.57
conv10 28 -2.32 0.93 -3.02 -4.87
conv10 29 -1.39 -0.46 -4.64 0.46
conv10 30 -0.46 7.19 16.47 -3.48
conv10 31 -3.25 0.00 -5.57 -14.85
conv10 32 0.00 0.00 -3.71 -10.21
conv10 33 -0.70 -1.16 5.10 4.41
conv10 34 -4.18 -3.02 1.86 -1.86
conv10 35 0.00 -5.57 -2.32 -3.02
conv10 36 -18.56 -5.57 -12.99 -2.09
conv10 37 -0.23 -4.64 -7.42 10.67
conv10 38 -0.23 3.71 11.83 -4.18
conv10 39 3.25 -3.25 -9.28 -3.71
conv10 40 -6.03 -4.41 1.86 3.71
conv10 41 3.71 -5.57 3.25 -6.26
conv10 42 -4.41 0.70 -6.26 7.43
conv10 43 0.23 -14.39 10.21 7.19
conv10 44 -6.26 -1.86 6.96 12.07
conv10 45 -3.02 -1.39 -0.70 12.99
conv10 46 -3.71 -0.70 11.83 3.48
conv10 47 -15.31 1.62 3.94 -11.83
conv10 48 6.96 9.98 -9.75 1.39
conv10 49 -14.85 0.00 -8.35 -4.64
conv10 50 0.23 0.00 -3.94 -3.25
conv10 51 17.63 -9.51 -15.78 0.93
conv10 52 -2.09 14.85 5.10 -8.82
conv10 53 -2.78 -3.48 3.02 8.59
conv10 54 -6.03 0.23 -7.43 -9.28
conv10 55 -0.23 -0.23 6.73 7.66
conv10 56 -0.23 1.16 -2.09 3.25
conv10 57 12.07 -5.34 -2.55 3.94
conv10 58 -4.18 -4.64 5.34 6.26
conv10 59 -2.09 -3.94 -3.71 -2.78
conv10 60 -12.53 -2.32 0.00 18.10
conv10 61 -2.32 2.32 -10.67 2.55
conv10 62 -3.25 13.23 2.78 -11.83
conv10 63 0.23 -3.71 -10.44 14.39
conv10 64 -3.25 8.82 -1.86 -2.78
conv10 65 -7.43 -8.59 15.78 0.00
conv10 66 0.00 1.86 3.25 1.86
conv10 67 -4.18 -23.90 -4.41 5.10
conv10 68 -4.41 -8.12 -1.16 13.69
conv10 69 -7.42 12.76 -0.23 3.25
conv10 70 -3.94 0.00 2.78 0.46
conv10 71 0.46 -9.51 -5.80 2.55
conv10 72 10.67 -17.63 3.71 -7.42
conv10 73 0.00 0.00 -9.28 -2.32
conv10 74 -0.93 -0.93 -12.99 0.46
conv10 75 -8.82 -4.64 -15.78 0.00
conv10 76 -1.39 0.70 -2.55 -1.39
conv10 77 5.57 -2.78 3.71 7.42
conv10 78 -0.70 -1.86 -8.35 9.28
conv10 79 4.64 -6.03 -0.00 6.96
conv10 80 -4.87 -3.25 2.55 0.93
conv10 81 -9.75 3.25 0.00 17.17
conv10 82 -0.23 -2.78 -6.26 -2.09
conv10 83 -5.57 0.00 19.95 -0.00
conv10 84 2.55 -3.25 -1.16 0.46
conv10 85 -3.25 -12.76 -1.62 -5.10
conv10 86 -6.26 1.62 4.64 2.78
conv10 87 0.00 3.02 -8.82 -2.32
conv10 88 0.00 0.00 -8.82 -4.64
conv10 89 0.70 -10.67 -5.57 2.09
conv10 90 -0.70 -3.25 -11.83 8.59
conv10 91 -4.64 0.00 10.91 -0.23
conv10 92 -4.18 -5.57 -1.86 0.46
conv10 93 6.96 5.57 -6.50 9.05
conv10 94 -4.64 0.23 2.32 -0.00
conv10 95 12.53 0.93 2.78 3.71
conv10 96 0.93 -15.31 -0.23 14.62
conv10 97 -4.41 -11.60 -7.19 1.62
conv10 98 -0.46 -10.67 -7.19 -11.14
conv10 99 -4.41 -8.12 -4.64 1.86
conv10 100 -2.55 -3.02 -2.78 -3.25
conv10 101 -3.48 -1.39 -7.89 -10.21
conv10 102 -1.86 -22.27 2.78 1.86
conv10 103 -3.02 -0.00 -7.42 -11.37
conv10 104 -2.09 1.86 -6.50 1.39
conv10 105 -10.67 -5.10 -3.25 -2.78
conv10 106 22.74 9.98 2.78 -0.46
conv10 107 -4.64 -0.46 13.69 12.07
conv10 108 -9.75 -7.42 0.00 14.85
conv10 109 11.37 1.39 -3.94 -6.73
conv10 110 -12.07 -12.53 0.70 -11.37
conv10 111 0.00 0.00 12.99 2.78
conv10 112 -2.09 -3.02 -19.72 -1.39
conv10 113 13.92 6.03 -1.62 3.71
conv10 114 0.00 -4.87 -10.67 5.57
conv10 115 -3.25 -7.19 10.67 6.73
conv10 116 1.16 -5.80 -2.55 -6.96
conv10 117 2.78 -1.62 1.39 -7.89
conv10 118 -0.23 0.00 -7.43 -1.86
conv10 119 0.93 15.55 0.00 -0.93
conv10 120 -3.25 -2.32 -2.32 -1.86
conv10 121 7.89 -3.71 -4.18 13.69
conv10 122 -3.94 0.00 0.93 -0.00
conv10 123 0.46 -3.48 0.93 0.00
conv10 124 -3.94 -3.71 -1.39 4.64
conv10 125 -0.93 -1.86 -9.75 -3.71
conv10 126 4.64 3.48 -6.96 -5.10
conv10 127 1.16 -1.86 6.50 -12.99
conv11 0 -15.63 -9.43 -7.82 -4.85
conv11 1 -9.16 -10.51 -22.37 0.81
conv11 2 -11.05 -16.71 -26.68 -3.50
conv11 3 -8.36 -10.78 -19.95 -16.17
conv11 4 -10.24 10.78 -12.13 -8.09
conv11 5 8.36 -0.81 -10.78 -10.78
conv11 6 -10.24 -25.34 -11.59 0.00
conv11 7 -9.43 -11.86 -9.16 -21.56
conv11 8 -14.29 -12.40 -20.21 -1.89
conv11 9 -19.95 -7.28 -0.81 -18.33
conv11 10 -7.28 -4.85 -14.02 -19.95
conv11 11 -15.36 -9.16 -12.94 -17.79
conv11 12 -1.08 6.74 -15.09 -9.70
conv11 13 -4.58 -16.44 -23.72 -8.09
conv11 14 -13.48 -10.51 -11.32 -10.78
conv11 15 -13.48 -9.70 -13.21 -16.71
conv11 16 -10.24 -10.78 -6.20 -25.88
conv11 17 -14.55 -21.02 -8.09 -2.96
conv11 18 -8.89 -11.59 -5.93 -7.28
conv11 19 -16.17 -3.77 -26.95 -14.02
conv11 20 -11.05 -11.86 -6.47 -16.17
conv11 21 -9.97 -6.20 1.62 -0.54
conv11 22 -3.23 -17.79 -27.49 -11.32
conv11 23 -13.75 -7.55 -4.31 -10.24
conv11 24 -7.28 -7.82 -19.41 -26.41
conv11 25 -9.43 -18.60 -5.39 -13.48
conv11 26 -7.55 -11.05 -12.13 -5.93
conv11 27 -11.05 -19.95 -10.51 -8.36
conv11 28 -8.09 -8.09 -16.98 -25.61
conv11 29 -18.33 11.32 -10.78 -27.22
conv11 30 -12.40 -11.86 -20.21 -13.75
conv11 31 -18.60 -10.24 -5.66 -23.45
conv11 32 -9.70 -14.55 -11.32 7.01
conv11 33 -12.40 -8.36 -11.32 -12.94
conv11 34 -9.43 -11.32 -11.86 -9.70
conv11 35 -10.78 -9.16 -13.21 -10.78
conv11 36 -11.86 -6.20 -11.59 -13.75
conv11 37 2.70 3.77 -6.74 -8.62
conv11 38 -10.24 -16.98 -16.44 -26.14
conv11 39 -9.43 -6.47 -10.51 -18.87
conv11 40 -5.93 -10.78 -11.32 -19.68
conv11 41 -0.54 -20.75 -13.48 -4.31
conv11 42 -10.51 -9.43 -19.41 7.55
conv11 43 -10.24 -10.78 -1.35 -11.32
conv11 44 -10.51 -7.28 -7.82 -33.96
conv11 45 -22.64 -21.02 -6.47 -9.16
conv11 46 -4.04 -8.62 -7.82 -8.09
conv11 47 -23.99 -15.09 20.21 -13.48
conv11 48 -10.78 -7.55 -16.17 -12.94
conv11 49 9.43 -24.53 -7.01 -4.04
conv11 50 -12.40 -8.09 -22.10 -15.63
conv11 51 -8.36 -12.67 -12.13 -32.07
conv11 52 -13.75 -11.32 -8.36 -1.08
conv11 53 -9.43 -8.09 -7.01 -17.25
conv11 54 -12.13 -12.13 -3.50 -18.60
conv11 55 -11.86 -11.86 -23.45 -26.68
conv11 56 -14.02 -10.24 -2.43 -12.40
conv11 57 -2.70 -8.36 -14.02 -21.56
conv11 58 -10.51 -11.32 -5.39 -11.86
conv11 59 0.00 -21.56 -12.94 -9.97
conv11 60 -17.25 0.27 -10.51 -20.21
conv11 61 -16.17 -12.40 -9.70 -8.09
conv11 62 -9.70 -10.24 -12.40 -13.48
conv11 63 -5.93 0.00 -16.71 -28.03
conv11 64 -7.55 0.00 -12.13 -15.09
conv11 65 -10.78 -15.09 -11.32 -9.16
conv11 66 -13.48 -12.40 -0.54 -16.17
conv11 67 -6.20 -9.70 -13.75 -14.82
conv11 68 -4.85 -13.75 -11.86 -6.20
conv11 69 -9.70 -20.21 -13.21 7.28
conv11 70 -4.31 -8.89 -10.24 -7.01
conv11 71 -14.02 -13.75 0.00 -14.55
conv11 72 0.27 -1.62 -16.17 -24.26
conv11 73 -12.40 -11.86 -11.86 -9.16
conv11 74 -7.28 -9.97 -17.79 -23.18
conv11 75 -7.01 -11.05 -18.60 -31.27
conv11 76 -7.28 -10.51 -16.71 -7.55
conv11 77 -35.04 1.35 -18.33 -6.20
conv11 78 -5.93 -4.31 -23.18 -16.17
conv11 79 -32.34 -13.48 -22.64 -8.89
conv11 80 -11.59 -14.82 -18.87 10.24
conv11 81 -8.62 -12.94 -7.01 -7.55
conv11 82 -21.29 -8.09 -10.51 -20.48
conv11 83 -14.82 -13.48 -9.43 -6.74
conv11 84 -14.82 -7.28 -2.70 -9.97
conv11 85 -23.72 -4.31 -10.78 -9.16
conv11 86 -17.79 -17.25 -11.32 -23.18
conv11 87 -15.09 -11.32 -13.21 -1.89
conv11 88 -8.89 -8.09 -16.98 -8.36
conv11 89 -14.02 -10.78 -20.75 -6.47
conv11 90 -5.39 -11.32 -6.47 -0.54
conv11 91 -10.24 -8.89 3.77 -12.94
conv11 92 -10.78 -14.02 -9.70 -11.32
conv11 93 -1.08 -9.16 -22.64 -17.25
conv11 94 -14.82 -6.47 -11.86 -14.02
conv11 95 -9.97 -14.29 -20.21 -8.89
conv11 96 -18.60 -2.43 -3.23 -9.16
conv11 97 -11.32 -8.09 6.74 -4.58
conv11 98 -11.59 -4.04 -8.62 -5.39
conv11 99 -20.48 -2.70 -3.23 -22.64
conv11 100 -16.71 -14.02 0.00 -14.02
conv11 101 -7.01 -7.55 -9.43 -24.26
conv11 102 -10.78 -11.05 2.16 3.77
conv11 103 -12.94 -23.45 -11.32 0.54
conv11 104 -8.09 -13.75 -18.60 -22.37
conv11 105 -11.86 -7.55 -9.43 -21.56
conv11 106 -8.62 -15.63 -14.02 -4.31
conv11 107 -6.74 -26.14 -15.36 -10.24
conv11 108 -5.39 -23.72 -7.55 -19.41
conv11 109 -4.04 -8.89 -18.87 -20.21
conv11 110 -14.02 -9.70 -20.21 -8.62
conv11 111 -9.97 -9.16 0.27 0.00
conv11 112 -1.35 -11.59 -16.44 -5.39
conv11 113 -6.47 -10.24 -18.33 -18.33
conv11 114 -11.59 -17.25 -15.09 -16.17
conv11 115 -10.78 -11.86 -4.58 -7.55
conv11 116 -18.60 -23.72 -8.62 -4.04
conv11 117 2.70 -22.64 -5.66 -10.24
conv11 118 -10.78 -11.86 -11.32 -16.71
conv11 119 -17.25 -15.09 -5.12 -4.85
conv11 120 -11.05 -11.32 11.86 -8.36
conv11 121 -10.51 -8.36 -16.17 -15.63
conv11 122 -11.32 -12.94 -29.65 -11.32
conv11 123 -11.32 -10.24 -26.14 -11.86
conv11 124 -7.55 -8.09 -6.47 -10.51
conv11 125 -6.47 -10.78 -19.41 -23.45
conv11 126 -12.94 -12.67 3.23 -23.45
conv11 127 -16.17 -16.98 -8.89 -2.16
conv11 128 -25.88 -24.80 -2.70 -2.16
conv11 129 -6.74 -5.66 -14.29 -15.90
conv11 130 -10.51 -10.51 -7.55 -4.04
conv11 131 -11.32 -9.16 -28.03 -24.80
conv11 132 -7.55 -3.23 -12.40 -11.86
conv11 133 -14.29 -11.86 -21.02 -5.66
conv11 134 -9.16 -8.36 -14.02 -8.89
conv11 135 -6.20 -15.36 -15.09 -10.24
conv11 136 -14.82 -4.04 -9.16 -15.36
conv11 137 -6.20 -15.90 -19.68 -10.78
conv11 138 -11.59 -11.32 -8.09 -18.33
conv11 139 -7.55 -9.70 -14.02 -10.24
conv11 140 -10.78 -17.52 -5.12 -3.77
conv11 141 -7.82 -11.59 -12.40 -8.62
conv11 142 -4.85 -1.62 -9.43 -18.60
conv11 143 -11.05 -9.70 -25.07 -6.20
conv11 144 -7.55 -41.24 -8.09 -15.36
conv11 145 -12.13 -11.32 -20.48 -10.24
conv11 146 -8.62 -9.16 -8.09 -22.10
conv11 147 -11.59 -22.91 -12.67 -11.59
conv11 148 -22.64 -20.48 -4.85 -9.70
conv11 149 0.00 -9.16 1.89 -9.97
conv11 150 -10.24 -15.09 -11.86 -21.83
conv11 151 -16.71 -8.09 -8.89 -14.29
conv11 152 -9.97 -8.62 -11.32 -12.94
conv11 153 -31.00 -17.52 8.09 -8.36
conv11 154 -7.82 -9.70 -4.85 -12.40
conv11 155 -7.82 -3.50 -14.55 -14.55
conv11 156 -3.50 -7.28 -17.25 -8.09
conv11 157 -10.51 -12.40 -19.41 -27.49
conv11 158 -10.51 -13.21 -9.70 -9.16
conv11 159 -8.09 -16.71 -15.36 -4.31
conv11 160 -13.48 -4.58 -15.63 -22.64
conv11 161 -9.70 -4.31 -12.94 -12.94
conv11 162 -10.78 -12.40 -1.62 7.55
conv11 163 -11.32 -2.43 -12.40 -16.71
conv11 164 -10.51 -11.59 -6.20 0.81
conv11 165 -11.59 -9.43 -10.24 -10.24
conv11 166 -11.32 -2.70 -13.48 -38.00
conv11 167 -11.86 -16.71 -13.48 -18.60
conv11 168 -14.82 -5.12 -8.09 -15.90
conv11 169 -6.47 -8.89 -16.44 -15.90
conv11 170 0.00 -12.94 -11.32 -9.16
conv11 171 -28.03 -21.56 -9.16 -9.97
conv11 172 -10.24 -12.13 -14.55 -13.48
conv11 173 -12.94 -13.21 -16.44 -9.16
conv11 174 -8.09 -19.41 -12.13 -8.36
conv11 175 -5.93 -15.09 -22.64 -7.28
conv11 176 -10.24 -14.29 -17.25 -16.17
conv11 177 0.27 -9.70 -10.24 -6.47
conv11 178 -13.21 -10.24 -21.83 -24.80
conv11 179 -15.09 -9.43 -6.20 -2.96
conv11 180 -9.43 -9.70 -17.79 -30.73
conv11 181 -8.62 -4.85 -14.02 -16.71
conv11 182 -2.96 8.89 -11.05 -15.36
conv11 183 4.31 -12.94 -8.62 -7.55
conv11 184 -14.02 -7.28 -9.97 -29.38
conv11 185 -8.36 -19.41 -10.24 -1.08
conv11 186 -16.17 -5.66 -16.17 -6.47
conv11 187 -1.62 -33.42 -11.05 -17.79
conv11 188 -13.75 -13.75 -14.82 -8.09
conv11 189 -16.98 -7.55 -5.93 -14.55
conv11 190 -4.85 -22.10 -13.21 -4.58
conv11 191 -7.01 -10.78 -18.87 -6.47
conv11 192 -18.87 -3.77 -23.45 -1.08
conv11 193 -19.68 5.66 -7.55 -10.24
conv11 194 -3.77 -13.75 -16.17 -16.44
conv11 195 -8.89 -17.79 -25.88 -8.36
conv11 196 -7.82 -8.62 -14.55 -14.02
conv11 197 -18.87 -13.48 -6.20 -11.86
conv11 198 -2.70 -0.54 -7.55 -13.48
conv11 199 -22.10 -17.79 -12.67 -10.78
conv11 200 -10.51 -17.25 -23.72 3.23
conv11 201 -14.02 11.32 -10.24 -12.13
conv11 202 -11.05 -11.59 -12.94 -8.09
conv11 203 -13.75 -18.87 -22.91 -17.52
conv11 204 -4.58 -6.20 -17.79 -17.79
conv11 205 -8.89 -8.09 -17.52 -19.68
conv11 206 9.16 4.31 -21.02 -8.62
conv11 207 -3.77 -12.94 -4.31 -20.48
conv11 208 -10.51 -11.32 -18.33 -18.33
conv11 209 -5.39 -8.62 -18.60 -12.40
conv11 210 -27.49 -18.87 -14.82 -12.94
conv11 211 -12.40 -3.23 -11.05 -6.74
conv11 212 -15.36 20.48 -13.75 -13.21
conv11 213 -12.40 -9.43 -3.23 -28.03
conv11 214 -22.91 -1.89 -8.09 -19.14
conv11 215 -11.32 -16.17 -12.67 -16.71
conv11 216 -16.71 -11.05 -12.94 -6.47
conv11 217 -19.41 -6.47 -4.85 -20.48
conv11 218 -8.09 -7.55 -2.70 -9.70
conv11 219 -11.05 -6.47 -11.86 -19.95
conv11 220 -5.93 -5.66 3.77 -22.10
conv11 221 9.16 -4.31 -4.85 -5.93
conv11 222 -11.86 -14.02 -10.78 -10.24
conv11 223 -1.08 -22.64 0.00 -12.67
conv11 224 -11.32 -6.47 -5.66 -12.13
conv11 225 -10.24 -13.48 -5.66 -18.60
conv11 226 -12.67 -8.09 -12.40 -20.75
conv11 227 -6.47 -23.72 -4.58 -19.14
conv11 228 -8.62 -15.36 -7.55 -7.55
conv11 229 -9.70 -8.09 -9.70 -11.59
conv11 230 -14.29 -5.93 -11.86 -18.33
conv11 231 -10.24 -24.80 -10.51 -12.67
conv11 232 -3.23 -21.83 -19.68 -15.36
conv11 233 -14.29 -9.70 -1.08 -7.55
conv11 234 4.58 -14.82 -17.25 -8.89
conv11 235 -11.86 -5.93 -5.39 -22.64
conv11 236 3.23 -2.16 -21.56 -10.78
conv11 237 -10.78 0.00 -7.01 -13.75
conv11 238 -8.62 -2.16 -13.21 -16.71
conv11 239 -11.32 -11.59 -2.96 -7.55
conv11 240 -8.09 -6.20 -10.51 -7.82
conv11 241 -13.21 -32.88 -14.55 -5.93
conv11 242 -21.02 -19.68 -8.09 -6.74
conv11 243 -8.89 -17.79 -6.47 -8.09
conv11 244 -10.51 -13.21 -14.55 -11.32
conv11 245 -10.24 -16.71 -11.86 -7.28
conv11 246 -13.48 -21.02 -17.25 -18.87
conv11 247 -10.24 -8.36 -13.21 -21.56
conv11 248 -10.78 -13.48 -14.55 -6.47
conv11 249 -13.48 -30.73 -8.89 -12.67
conv11 250 -14.29 -12.40 -1.89 -4.04
conv11 251 -2.70 -18.06 -10.51 -2.43
conv11 252 -9.43 -9.97 -9.43 -5.66
conv11 253 -10.78 -9.16 -9.16 -37.20
conv11 254 -9.70 -5.93 -11.05 -19.68
conv11 255 0.81 -1.62 -15.63 -8.09
conv12 0 5.86 -2.07 1.72 11.03
conv12 1 1.38 21.36 6.20 4.48
conv12 2 10.34 10.68 -13.44 14.13
conv12 3 4.82 3.79 4.82 13.78
conv12 4 -3.79 10.34 19.98 -16.54
conv12 5 8.61 11.03 1.03 -13.44
conv12 6 9.65 1.72 7.58 22.39
conv12 7 13.09 27.56 3.79 4.48
conv12 8 -13.78 8.27 3.10 10.68
conv12 9 5.86 6.89 13.78 8.27
conv12 10 8.61 8.61 11.37 9.65
conv12 11 48.58 25.15 6.55 3.10
conv12 12 16.19 11.37 -11.03 3.45
conv12 13 -0.34 3.10 0.00 0.00
conv12 14 3.45 -16.54 12.40 30.32
conv12 15 4.13 -0.69 9.99 21.36
conv12 16 9.30 -4.48 7.24 14.13
conv12 17 1.03 2.41 -6.89 -9.30
conv12 18 26.18 0.69 -17.92 5.51
conv12 19 4.13 -16.88 12.40 18.26
conv12 20 4.82 9.30 -14.47 2.07
conv12 21 5.51 20.33 1.38 31.70
conv12 22 -16.88 8.27 25.15 7.92
conv12 23 7.24 16.19 6.20 -2.76
conv12 24 1.72 11.71 7.92 -0.69
conv12 25 4.13 24.12 10.34 4.82
conv12 26 6.20 19.98 4.13 1.38
conv12 27 26.53 19.98 8.27 0.34
conv12 28 13.09 -0.69 0.00 0.00
conv12 29 2.41 4.13 4.82 -6.89
conv12 30 9.65 21.71 -3.79 6.55
conv12 31 4.82 11.71 -1.03 -17.57
conv12 32 -19.98 13.44 10.68 7.58
conv12 33 9.30 13.09 -2.76 13.78
conv12 34 6.55 3.10 8.27 4.13
conv12 35 -0.69 1.38 0.00 0.00
conv12 36 5.51 4.48 18.26 8.96
conv12 37 -3.10 12.06 6.20 -7.58
conv12 38 17.23 9.65 9.65 4.13
conv12 39 1.03 5.17 20.67 16.54
conv12 40 3.45 4.82 4.82 2.07
conv12 41 1.03 2.76 -7.58 4.82
conv12 42 7.58 9.99 10.68 13.09
conv12 43 24.12 19.98 7.58 -2.76
conv12 44 0.69 4.48 0.34 1.72
conv12 45 13.09 8.27 4.48 4.48
conv12 46 15.85 15.16 -13.44 2.76
conv12 47 16.54 10.34 13.09 -3.45
conv12 48 22.39 9.99 -3.79 -7.24
conv12 49 23.43 13.78 0.00 -6.20
conv12 50 11.03 5.51 8.27 25.84
conv12 51 -7.58 10.34 4.82 19.29
conv12 52 -37.90 16.88 9.99 10.34
conv12 53 12.06 -3.79 4.48 14.13
conv12 54 -5.51 -0.69 9.99 10.34
conv12 55 14.81 -11.37 -0.34 2.07
conv12 56 5.51 5.51 -14.47 13.09
conv12 57 7.92 6.89 8.27 17.23
conv12 58 5.51 2.76 -1.72 3.45
conv12 59 13.44 7.24 2.07 3.45
conv12 60 5.51 -12.75 6.20 9.65
conv12 61 11.71 15.50 7.92 -0.69
conv12 62 1.38 0.00 4.48 16.19
conv12 63 7.92 27.22 5.17 -4.13
conv12 64 9.65 9.65 4.13 -11.71
conv12 65 -0.34 5.17 17.23 9.30
conv12 66 -6.20 24.12 21.71 0.69
conv12 67 -5.51 2.41 36.52 5.51
conv12 68 10.34 16.54 -7.58 -8.61
conv12 69 6.20 4.82 7.92 18.26
conv12 70 -3.45 -1.72 8.27 6.20
conv12 71 18.26 16.54 -2.07 -6.55
conv12 72 8.96 11.37 4.48 24.46
conv12 73 -22.74 12.40 7.24 8.27
conv12 74 2.07 4.48 21.36 1.03
conv12 75 3.10 -5.86 9.99 2.41
conv12 76 7.24 3.79 6.89 12.40
conv12 77 0.00 2.07 21.02 12.75
conv12 78 6.20 12.06 9.65 -6.55
conv12 79 5.86 11.71 9.30 16.88
conv12 80 -11.03 2.07 12.06 9.99
conv12 81 11.03 7.24 16.88 21.71
conv12 82 1.38 0.00 5.17 9.30
conv12 83 0.00 2.76 3.79 -6.20
conv12 84 2.76 17.92 5.17 -13.44
conv12 85 14.13 12.06 -2.07 9.30
conv12 86 7.58 17.23 4.82 -13.78
conv12 87 20.33 6.20 -11.71 7.92
conv12 88 2.76 0.34 8.61 12.06
conv12 89 7.24 6.55 15.50 3.79
conv12 90 21.71 35.14 11.03 1.38
conv12 91 3.79 3.10 3.45 -24.81
conv12 92 5.17 5.51 12.06 -12.75
conv12 93 21.36 24.12 10.68 -9.65
conv12 94 15.16 11.37 -3.10 22.74
conv12 95 11.03 1.38 7.58 11.71
conv12 96 5.86 21.02 -2.76 5.51
conv12 97 0.69 -29.63 11.37 17.57
conv12 98 -6.55 18.26 2.76 5.51
conv12 99 13.78 13.78 10.34 -22.05
conv12 100 -16.19 -5.51 4.48 1.03
conv12 101 -0.34 11.71 4.13 -5.86
conv12 102 19.64 -10.34 6.20 5.17
conv12 103 -0.69 -12.75 8.96 15.85
conv12 104 2.76 6.20 12.40 -6.20
conv12 105 -9.99 -0.34 9.65 24.46
conv12 106 -4.82 -8.27 11.71 2.07
conv12 107 -6.89 9.30 20.67 -7.58
conv12 108 21.71 14.81 0.34 0.69
conv12 109 1.38 -2.07 0.00 14.47
conv12 110 6.55 3.79 16.19 13.44
conv12 111 6.89 14.47 6.55 16.88
conv12 112 7.92 -9.30 2.76 22.39
conv12 113 11.03 1.38 1.03 -6.20
conv12 114 4.82 11.37 4.48 24.12
conv12 115 2.07 14.81 4.48 9.65
conv12 116 4.48 -20.67 2.76 5.51
conv12 117 10.68 0.69 6.20 8.96
conv12 118 1.38 11.03 17.92 3.10
conv12 119 5.17 12.06 13.78 -13.78
conv12 120 3.10 6.89 25.15 2.41
conv12 121 0.34 27.91 6.20 2.07
conv12 122 2.07 2.07 -0.69 25.84
conv12 123 0.00 -0.69 4.13 13.44
conv12 124 12.40 1.38 3.45 2.76
conv12 125 2.07 -14.13 3.45 22.05
conv12 126 -6.20 19.98 7.92 7.24
conv12 127 14.81 8.61 5.51 7.58
conv12 128 9.65 -23.08 5.51 -1.03
conv12 129 3.79 3.45 14.47 4.13
conv12 130 -3.10 20.67 11.71 11.03
conv12 131 1.38 2.41 16.88 2.41
conv12 132 1.03 7.92 4.13 2.76
conv12 133 6.55 8.27 -11.03 -1.38
conv12 134 10.68 16.19 7.58 2.76
conv12 135 19.29 -18.60 -15.50 27.91
conv12 136 -4.13 27.22 10.34 5.17
conv12 137 15.16 15.85 0.34 3.45
conv12 138 6.89 -13.78 5.17 20.67
conv12 139 9.30 7.92 -9.65 12.06
conv12 140 -3.10 -2.76 9.99 -1.03
conv12 141 -3.45 12.40 -1.03 8.96
conv12 142 15.16 1.38 -21.71 -2.76
conv12 143 13.44 24.12 -5.51 -0.69
conv12 144 -23.43 -11.71 22.74 15.50
conv12 145 -3.79 9.65 13.44 5.86
conv12 146 6.89 4.82 4.82 6.20
conv12 147 7.92 7.24 7.58 0.69
conv12 148 -8.96 2.07 16.54 8.61
conv12 149 25.84 -14.81 -0.69 11.71
conv12 150 7.58 -3.10 -10.34 6.55
conv12 151 15.85 17.57 8.27 7.92
conv12 152 4.13 -10.34 17.23 14.47
conv12 153 11.37 13.09 12.40 -4.13
conv12 154 -3.45 13.78 2.76 0.00
conv12 155 1.38 0.00 15.16 18.60
conv12 156 2.76 7.58 12.40 -3.45
conv12 157 1.38 4.82 10.34 1.03
conv12 158 -2.76 -22.05 11.71 25.84
conv12 159 8.96 8.96 27.22 -24.81
conv12 160 8.27 -13.44 10.34 2.07
conv12 161 8.61 25.50 5.51 3.10
conv12 162 6.55 1.72 0.00 7.58
conv12 163 -3.45 -17.23 3.45 22.05
conv12 164 2.07 -6.89 21.02 17.92
conv12 165 -2.76 -0.69 1.38 14.47
conv12 166 12.06 -9.65 4.82 14.81
conv12 167 17.57 3.79 9.99 3.79
conv12 168 2.76 28.94 6.89 3.45
conv12 169 -3.45 31.01 9.99 -11.03
conv12 170 4.82 9.65 4.48 9.99
conv12 171 -17.57 -9.99 8.61 -6.89
conv12 172 1.03 3.10 -7.24 -3.45
conv12 173 9.65 20.67 16.88 -2.76
conv12 174 2.07 5.17 11.71 -20.67
conv12 175 11.03 13.09 -11.71 -6.89
conv12 176 0.69 13.44 14.47 -0.00
conv12 177 0.00 1.38 1.38 2.07
conv12 178 12.40 4.13 3.45 18.95
conv12 179 16.19 10.34 23.43 7.24
conv12 180 5.17 3.79 8.27 0.00
conv12 181 8.27 1.38 0.00 5.51
conv12 182 -9.30 6.20 2.41 4.48
conv12 183 2.76 16.19 34.45 6.89
conv12 184 0.00 2.76 8.61 14.47
conv12 185 0.34 13.09 21.02 14.47
conv12 186 -2.76 -17.23 17.23 14.13
conv12 187 4.48 2.41 9.65 5.51
conv12 188 3.79 10.68 -14.81 -2.41
conv12 189 6.20 -1.38 1.03 -5.86
conv12 190 9.99 14.13 1.03 -9.99
conv12 191 25.50 34.45 5.86 7.92
conv12 192 23.43 -7.24 -2.07 3.10
conv12 193 8.96 -2.07 0.00 1.38
conv12 194 13.44 2.41 2.41 6.20
conv12 195 13.44 7.24 13.09 6.20
conv12 196 18.95 -0.69 11.03 17.57
conv12 197 -0.34 -13.09 9.99 12.40
conv12 198 14.13 -7.24 -0.34 24.12
conv12 199 6.55 15.85 -0.69 1.72
conv12 200 0.00 0.00 7.58 -4.82
conv12 201 0.00 3.45 16.88 25.84
conv12 202 11.37 4.48 -13.09 7.58
conv12 203 2.76 4.82 18.26 25.84
conv12 204 -8.27 1.38 28.25 37.21
conv12 205 2.41 0.00 10.34 -3.79
conv12 206 4.48 18.60 1.38 32.39
conv12 207 5.86 2.76 21.71 8.96
conv12 208 14.47 15.50 -13.44 1.38
conv12 209 8.27 12.75 5.51 2.76
conv12 210 10.34 10.34 -6.55 21.02
conv12 211 6.55 4.48 -8.61 18.95
conv12 212 9.65 14.81 8.27 -12.06
conv12 213 -6.89 6.20 2.76 3.45
conv12 214 26.18 0.00 -1.38 1.03
conv12 215 34.45 8.27 12.40 3.79
conv12 216 5.17 -17.57 6.20 23.43
conv12 217 7.92 13.09 -3.10 -11.03
conv12 218 5.17 22.05 5.86 -8.96
conv12 219 9.65 18.95 11.03 6.20
conv12 220 0.00 0.00 5.51 6.89
conv12 221 3.45 3.45 11.03 16.19
conv12 222 7.58 -3.79 4.48 7.58
conv12 223 17.57 9.30 -10.34 -12.06
conv12 224 39.28 6.89 -5.51 19.29
conv12 225 -9.99 -2.41 4.82 3.45
conv12 226 3.10 0.34 14.13 15.16
conv12 227 7.24 -12.75 6.55 15.16
conv12 228 8.61 6.89 1.03 3.79
conv12 229 -19.64 -32.39 2.07 12.75
conv12 230 4.13 -18.60 3.45 28.25
conv12 231 -0.34 8.61 8.27 3.79
conv12 232 8.96 15.16 11.71 -2.41
conv12 233 1.72 5.86 16.88 -4.13
conv12 234 2.76 -9.65 8.61 15.85
conv12 235 4.82 11.02 13.09 18.60
conv12 236 5.51 5.86 -7.58 9.30
conv12 237 11.37 7.24 8.27 14.81
conv12 238 7.92 10.68 3.45 -14.47
conv12 239 -2.41 -16.88 11.03 12.06
conv12 240 5.51 9.65 8.61 15.85
conv12 241 6.20 6.20 2.76 -4.48
conv12 242 13.44 5.86 -5.51 0.69
conv12 243 11.71 7.58 1.72 -5.17
conv12 244 8.27 7.58 2.41 -6.55
conv12 245 12.40 -21.71 7.58 25.50
conv12 246 7.92 22.74 10.34 -8.96
conv12 247 3.10 14.13 4.13 2.76
conv12 248 5.51 18.60 7.24 -20.67
conv12 249 11.71 9.99 0.34 -7.58
conv12 250 11.03 27.56 -2.76 -22.74
conv12 251 2.41 9.99 17.23 -15.50
conv12 252 13.09 -3.45 5.86 21.71
conv12 253 6.89 -10.34 5.51 13.78
conv12 254 13.44 -13.09 4.48 33.08
conv12 255 6.20 13.09 21.36 7.24
conv13 0 -0.93 -7.89 -6.96 2.78
conv13 1 -4.87 -7.19 0.00 -3.71
conv13 2 -2.09 -2.78 -3.94 -2.78
conv13 3 -13.69 -15.55 -1.62 -1.39
conv13 4 -5.10 -0.70 -11.37 -5.10
conv13 5 -10.44 -5.34 -2.78 -3.25
conv13 6 -5.80 -3.02 -6.50 -3.02
conv13 7 -1.16 6.73 -2.78 1.62
conv13 8 5.57 7.19 -1.62 -2.78
conv13 9 -3.25 -5.80 -6.26 -3.94
conv13 10 -3.02 -0.70 -2.09 -3.02
conv13 11 -0.46 -3.25 -10.67 -8.82
conv13 12 -22.27 0.46 -3.94 -1.39
conv13 13 -3.25 -1.16 -0.46 -4.64
conv13 14 -4.64 -12.07 0.00 -11.14
conv13 15 -7.66 -0.93 -0.70 -4.87
conv13 16 6.26 11.37 -1.62 -2.09
conv13 17 -2.55 -3.94 -0.93 -1.86
conv13 18 2.55 -6.03 -10.67 1.16
conv13 19 -6.26 10.21 -6.50 -10.44
conv13 20 -0.23 -9.05 -5.57 -2.55
conv13 21 -1.39 -5.10 1.86 4.18
conv13 22 -3.94 -3.02 9.28 -4.64
conv13 23 -8.12 -6.26 -10.67 -5.57
conv13 24 -3.48 -1.39 0.46 -6.73
conv13 25 -2.78 5.10 -3.71 0.23
conv13 26 -6.96 -2.55 -9.51 -3.94
conv13 27 8.59 2.55 1.16 3.25
conv13 28 -0.93 0.46 -1.16 -0.46
conv13 29 -0.70 1.39 -6.50 -4.18
conv13 30 -2.78 0.00 -2.32 -3.71
conv13 31 -2.78 -2.09 -2.55 3.48
conv13 32 -7.43 15.55 -3.71 -1.16
conv13 33 -2.32 -7.42 -4.87 -5.34
conv13 34 -21.35 -9.28 0.70 -0.70
conv13 35 -3.71 -2.55 -1.86 -0.93
conv13 36 11.60 12.99 -3.48 -6.50
conv13 37 2.55 -4.64 -3.71 -0.46
conv13 38 -3.48 -4.18 0.46 -6.26
conv13 39 11.60 -2.32 0.93 -10.44
conv13 40 -3.48 -3.25 -3.48 0.46
conv13 41 -0.70 -0.70 -14.62 -1.86
conv13 42 -16.47 -8.12 -3.25 -0.93
conv13 43 -2.09 -1.16 -3.02 -6.96
conv13 44 -4.87 -8.35 -0.23 -5.57
conv13 45 0.93 0.93 -3.71 -6.03
conv13 46 -4.87 6.50 -1.39 -8.59
conv13 47 -4.87 -3.94 -1.86 5.80
conv13 48 13.92 3.02 -6.73 -4.18
conv13 49 1.16 -8.59 -7.89 2.09
conv13 50 -3.02 -6.26 -6.26 -12.07
conv13 51 -7.42 5.10 -0.93 5.10
conv13 52 9.98 17.17 -2.55 0.00
conv13 53 -12.07 6.03 -3.94 -5.34
conv13 54 -3.94 -6.26 0.23 -1.62
conv13 55 -2.32 -2.78 -7.43 -2.32
conv13 56 -3.94 -2.32 -11.37 -4.18
conv13 57 -3.25 -4.64 -3.94 -0.93
conv13 58 -4.64 9.28 -1.62 -2.78
conv13 59 -2.09 -1.86 -6.03 -0.23
conv13 60 1.62 -2.78 -3.25 -8.82
conv13 61 -0.93 -2.55 -5.10 -1.86
conv13 62 -1.39 -0.00 -4.18 -9.75
conv13 63 -4.18 12.99 -2.78 -7.66
conv13 64 6.03 -5.57 4.18 -1.39
conv13 65 -1.39 -32.48 -8.12 -4.18
conv13 66 -10.21 7.42 -0.46 -9.05
conv13 67 -6.73 -5.80 16.71 1.86
conv13 68 -17.63 -9.05 -2.09 0.00
conv13 69 -2.78 -3.48 0.93 1.62
conv13 70 -3.94 -2.32 -0.93 0.00
conv13 71 -5.34 -4.64 -4.41 3.25
conv13 72 -1.39 -8.59 -18.56 0.70
conv13 73 -4.41 -0.70 -12.30 -1.86
conv13 74 -5.80 -3.71 -2.78 -4.18
conv13 75 -6.96 -1.86 -5.57 0.70
conv13 76 -19.26 -12.07 -6.03 -0.46
conv13 77 -3.71 -1.86 -0.46 -5.57
conv13 78 -0.23 -4.41 -1.62 0.00
conv13 79 -21.58 -1.86 -6.50 -2.55
conv13 80 12.07 0.93 -2.55 -2.78
conv13 81 -12.99 -17.17 -2.78 2.78
conv13 82 -5.80 -0.23 -1.62 -6.50
conv13 83 -4.18 -2.78 -6.73 -9.28
conv13 84 -0.23 10.44 -5.10 -8.82
conv13 85 -0.46 -2.55 1.62 0.46
conv13 86 0.00 -2.32 -3.25 7.66
conv13 87 11.37 -0.46 -3.71 -5.10
conv13 88 -8.82 -6.96 3.25 -2.32
conv13 89 -2.32 -2.32 -3.25 3.48
conv13 90 -4.18 15.08 -2.09 -1.39
conv13 91 0.00 0.00 -3.02 -1.86
conv13 92 -0.93 -2.78 -13.46 -5.10
conv13 93 -1.16 -5.10 -3.25 -1.62
conv13 94 0.00 -12.53 -8.59 3.48
conv13 95 0.00 -0.93 -3.02 -4.18
conv13 96 -0.46 0.93 -5.80 -10.91
conv13 97 -19.03 -6.96 -2.09 -2.09
conv13 98 -4.18 -0.23 0.00 -1.86
conv13 99 -7.89 5.57 -1.86 -19.03
conv13 100 -10.21 -6.26 -0.93 -10.67
conv13 101 -3.48 0.70 -5.10 -4.87
conv13 102 -4.41 7.66 0.70 -0.70
conv13 103 -12.07 -6.03 -7.19 -2.09
conv13 104 -2.78 -1.16 1.62 -1.39
conv13 105 -6.50 -13.23 -1.16 -0.46
conv13 106 -2.78 0.46 -0.46 -1.39
conv13 107 -17.17 0.93 -21.81 -3.25
conv13 108 -8.82 -0.93 1.39 -5.10
conv13 109 -7.42 1.16 -2.32 3.48
conv13 110 -2.09 -1.86 -8.12 -3.71
conv13 111 -4.41 -6.96 -2.09 -2.55
conv13 112 -0.46 -3.48 1.86 -2.78
conv13 113 -5.10 -0.70 -3.25 -6.50
conv13 114 -5.10 0.46 -7.19 -9.05
conv13 115 -8.35 -2.78 -4.18 -14.15
conv13 116 -1.39 -3.02 -14.39 -14.15
conv13 117 -6.26 2.32 -1.16 -3.71
conv13 118 -3.02 -3.71 -8.35 -3.48
conv13 119 -8.35 -2.32 -3.02 -4.41
conv13 120 -1.16 -7.42 -12.76 -3.02
conv13 121 -9.51 4.18 -0.23 -11.60
conv13 122 -0.46 -3.02 -0.23 -13.23
conv13 123 -8.59 -13.92 -2.55 -1.62
conv13 124 -1.16 -2.09 -2.55 -1.62
conv13 125 -20.65 -2.32 -7.43 -3.02
conv13 126 16.24 12.76 -0.46 -0.46
conv13 127 0.46 -2.78 -1.16 -5.80
conv13 128 3.94 9.05 5.34 -6.73
conv13 129 0.23 -3.48 -6.26 4.87
conv13 130 3.71 2.09 -2.09 -3.02
conv13 131 -7.89 -3.02 -3.25 -1.39
conv13 132 -14.62 -4.41 -8.35 0.23
conv13 133 -6.50 6.50 0.00 -2.32
conv13 134 3.25 -1.62 -6.96 -3.48
conv13 135 1.39 -15.08 -9.75 10.44
conv13 136 -2.55 -3.71 -1.39 -3.02
conv13 137 -6.03 -1.16 -0.23 -5.80
conv13 138 -1.86 -1.86 19.49 0.93
conv13 139 1.16 -0.46 -5.57 -5.10
conv13 140 12.30 -18.10 -4.41 -2.32
conv13 141 -3.94 1.86 -0.93 -9.75
conv13 142 -7.19 0.46 -2.32 -8.82
conv13 143 17.87 -1.62 -3.94 -8.59
conv13 144 -12.99 -6.96 3.25 0.46
conv13 145 -12.07 0.93 -8.59 -6.03
conv13 146 -2.55 -6.96 0.00 0.00
conv13 147 -4.18 -2.09 0.00 -3.71
conv13 148 -5.34 -3.25 -13.46 2.09
conv13 149 -4.41 -1.62 -11.60 2.55
conv13 150 -2.78 -0.46 -3.25 -1.86
conv13 151 -7.19 -7.66 -1.86 -7.19
conv13 152 -6.50 -2.55 1.86 -4.64
conv13 153 1.16 -2.55 -5.10 -3.02
conv13 154 -3.02 -6.73 -1.39 -1.39
conv13 155 -9.05 -3.02 -5.34 2.78
conv13 156 -7.42 0.46 -3.25 -4.64
conv13 157 -1.86 -0.23 -5.57 -4.64
conv13 158 -17.40 -15.31 -6.03 3.94
conv13 159 -3.25 -3.02 -2.09 -4.41
conv13 160 -3.02 -5.57 -8.59 14.85
conv13 161 -2.09 6.03 -5.57 0.00
conv13 162 -10.67 -3.25 -1.86 -1.39
conv13 163 -1.62 -15.78 -8.35 0.00
conv13 164 -0.46 -2.78 -3.25 -9.98
conv13 165 -3.02 -3.71 0.00 -4.18
conv13 166 -4.18 -16.24 -0.23 -2.55
conv13 167 -18.56 -2.78 -0.23 -2.32
conv13 168 -0.46 -10.21 -10.67 -1.39
conv13 169 -23.67 5.10 -2.78 -4.41
conv13 170 -6.96 3.25 -1.62 -11.37
conv13 171 -5.80 -14.85 -3.02 -3.71
conv13 172 -12.07 -3.71 -8.82 -2.55
conv13 173 -3.71 16.24 -2.32 -4.41
conv13 174 -1.39 -2.55 -10.91 0.46
conv13 175 -1.86 1.39 -9.75 -0.93
conv13 176 -2.09 9.28 -4.87 -4.87
conv13 177 -6.73 4.41 -0.93 3.25
conv13 178 0.46 -3.71 -0.70 -1.86
conv13 179 -4.18 9.75 -4.64 -11.37
conv13 180 -7.89 -1.16 -2.55 -2.32
conv13 181 0.70 -16.01 -5.57 -3.94
conv13 182 -5.10 -2.55 -0.23 0.23
conv13 183 -6.03 5.10 17.17 -0.46
conv13 184 -3.48 -6.73 -1.39 -0.46
conv13 185 -0.46 -4.18 -2.09 -3.25
conv13 186 -6.50 -4.18 -1.86 -1.16
conv13 187 -1.16 -2.32 -0.46 -2.55
conv13 188 3.94 12.76 -13.46 -6.50
conv13 189 -3.25 -5.34 -12.53 -4.41
conv13 190 -4.87 -1.62 -20.65 -7.89
conv13 191 -7.89 -5.57 -2.09 -3.71
conv13 192 0.00 -4.18 -3.02 -0.46
conv13 193 -1.62 -0.46 1.62 -6.96
conv13 194 -1.62 -4.18 -3.25 -7.42
conv13 195 -0.93 -1.86 -7.42 -7.89
conv13 196 -3.71 0.00 -5.34 -12.07
conv13 197 -3.71 0.46 -0.46 -2.78
conv13 198 -7.42 -2.32 1.16 11.14
conv13 199 -20.19 -2.78 -3.25 -2.55
conv13 200 -3.25 11.14 -2.55 -5.57
conv13 201 -3.25 -2.32 -1.86 0.46
conv13 202 -2.32 -1.39 -3.48 -12.07
conv13 203 -1.39 -0.46 -4.18 -6.50
conv13 204 -13.46 -6.96 -23.67 4.18
conv13 205 -1.86 0.93 -4.41 -7.89
conv13 206 -2.78 -6.03 4.18 12.07
conv13 207 4.18 -1.16 -0.93 -1.39
conv13 208 -5.34 3.48 -2.32 -0.70
conv13 209 -3.02 -1.39 -2.78 -4.64
conv13 210 0.00 -2.32 -2.32 -2.78
conv13 211 -3.25 -6.50 -10.44 8.59
conv13 212 -3.02 -5.80 -0.23 3.71
conv13 213 1.39 -3.71 -6.03 -7.42
conv13 214 -15.78 -0.70 6.03 16.01
conv13 215 6.73 -2.32 3.25 2.78
conv13 216 -3.94 -16.01 -6.26 9.98
conv13 217 2.09 -2.32 -7.89 -2.09
conv13 218 -5.10 6.73 -6.03 -7.42
conv13 219 -10.21 -7.42 -2.32 -8.59
conv13 220 -0.23 0.00 -8.59 -4.87
conv13 221 -5.57 1.86 -3.25 0.00
conv13 222 -6.26 -2.09 -2.55 -3.48
conv13 223 6.96 0.00 -4.64 -4.18
conv13 224 -0.70 -0.70 -12.53 -5.57
conv13 225 -16.24 0.70 -2.09 -9.28
conv13 226 -7.89 -11.37 -6.26 -4.87
conv13 227 -6.96 6.26 -2.78 -6.73
conv13 228 -7.66 1.16 -22.51 -8.35
conv13 229 -4.18 -5.57 -9.28 -3.71
conv13 230 -0.46 0.00 -12.07 -1.86
conv13 231 -1.62 1.39 -6.73 -6.73
conv13 232 -0.70 0.23 -1.16 -1.62
conv13 233 -3.25 -2.32 -18.33 -0.93
conv13 234 -3.25 -14.39 -0.93 5.10
conv13 235 -2.55 3.94 -2.78 -1.16
conv13 236 -0.46 -9.05 -13.69 -8.35
conv13 237 -4.64 -3.94 -2.32 0.00
conv13 238 -6.50 -6.96 -1.16 -9.98
conv13 239 13.92 0.00 -6.50 0.46
conv13 240 -18.79 -1.86 3.25 -3.25
conv13 241 -2.55 -0.46 -2.32 -4.18
conv13 242 3.25 -2.32 -7.66 -0.93
conv13 243 -2.32 0.00 -4.41 -13.69
conv13 244 -3.71 -1.16 -0.70 -5.10
conv13 245 4.87 -6.03 -12.30 5.57
conv13 246 -4.64 -5.80 -3.71 -7.19
conv13 247 0.00 0.00 -0.93 7.89
conv13 248 -5.10 8.35 -5.80 -1.86
conv13 249 -3.02 -2.09 -21.35 -5.80
conv13 250 -0.23 13.92 -4.18 -7.19
conv13 251 -6.03 -6.03 -1.16 -14.62
conv13 252 -16.71 1.62 -15.31 6.96
conv13 253 0.46 -16.01 -3.71 -1.16
conv13 254 -4.41 -1.16 -16.01 5.10
conv13 255 1.16 9.28 -1.62 -9.98
conv14 0 -5.03 -13.43 6.71 -4.20
conv14 1 8.39 39.44 3.36 -16.78
conv14 2 2.94 8.81 1.68 0.00
conv14 3 -3.78 5.87 1.26 -12.59
conv14 4 15.52 -16.78 7.55 0.00
conv14 5 15.10 6.71 3.78 3.78
conv14 6 22.65 -15.52 0.84 36.92
conv14 7 -17.20 8.39 17.20 -9.23
conv14 8 2.94 -21.40 10.07 18.46
conv14 9 21.40 8.39 23.07 29.79
conv14 10 43.21 -11.75 11.33 0.42
conv14 11 -9.65 5.03 9.23 6.71
conv14 12 5.87 2.94 5.03 -31.05
conv14 13 -2.94 21.40 3.36 -5.87
conv14 14 34.82 29.37 11.75 7.55
conv14 15 7.13 29.79 4.20 -20.56
conv14 16 2.52 28.95 1.26 1.26
conv14 17 44.05 -16.78 0.84 0.00
conv14 18 26.85 4.20 -20.98 5.03
conv14 19 4.61 5.03 5.03 8.81
conv14 20 -5.87 11.75 5.03 15.10
conv14 21 7.55 33.56 10.07 -22.65
conv14 22 -19.72 5.45 20.14 5.87
conv14 23 47.83 30.63 11.75 21.82
conv14 24 0.84 28.53 13.43 -13.01
conv14 25 7.13 -17.62 1.68 20.14
conv14 26 -6.29 6.29 7.13 8.39
conv14 27 3.36 6.71 1.68 -20.56
conv14 28 28.53 0.00 -5.03 22.65
conv14 29 -0.84 26.01 5.87 -1.26
conv14 30 -12.59 17.20 17.20 1.68
conv14 31 -17.62 6.71 23.49 -1.68
conv14 32 12.59 26.43 10.49 0.00
conv14 33 0.84 23.07 22.24 -5.45
conv14 34 -17.62 0.42 20.56 5.03
conv14 35 10.07 -8.39 -13.01 17.20
conv14 36 18.88 -17.62 7.13 5.03
conv14 37 1.26 12.17 -1.68 25.17
conv14 38 11.75 3.36 -7.55 19.72
conv14 39 -10.91 23.49 17.62 -3.36
conv14 40 6.29 9.23 0.84 0.84
conv14 41 2.10 -9.65 4.20 26.85
conv14 42 -3.36 -21.40 12.17 1.26
conv14 43 -8.39 -10.91 -5.87 23.91
conv14 44 0.42 2.10 15.10 18.46
conv14 45 18.46 -10.07 1.68 6.71
conv14 46 -13.43 18.46 11.33 -2.10
conv14 47 15.52 22.65 -15.52 19.72
conv14 48 0.00 15.94 20.98 -5.87
conv14 49 -13.84 2.94 20.14 13.43
conv14 50 -27.69 5.03 21.82 26.85
conv14 51 0.00 -45.31 3.78 5.45
conv14 52 -22.65 19.72 14.68 3.78
conv14 53 7.97 5.87 -5.03 -9.23
conv14 54 16.78 0.00 -6.29 10.49
conv14 55 -20.14 -14.68 0.00 2.94
conv14 56 6.71 1.26 -13.43 1.26
conv14 57 6.71 9.65 -2.52 11.75
conv14 58 21.40 -13.01 0.84 15.10
conv14 59 6.29 -0.84 -0.84 8.81
conv14 60 4.20 -11.75 19.30 9.65
conv14 61 9.65 -17.62 0.84 3.78
conv14 62 10.07 18.46 15.52 -11.33
conv14 63 3.78 4.20 4.61 10.07
conv14 64 0.00 18.46 -13.42 -12.59
conv14 65 -14.68 27.69 0.00 1.26
conv14 66 -24.33 -4.61 10.07 25.17
conv14 67 7.55 29.37 10.91 -14.26
conv14 68 20.56 0.84 6.71 15.10
conv14 69 1.68 -0.42 0.00 5.03
conv14 70 -32.72 -5.45 2.94 6.71
conv14 71 8.81 -16.36 3.36 15.10
conv14 72 30.21 7.97 2.10 9.65
conv14 73 0.00 -4.20 5.03 3.36
conv14 74 -3.36 12.59 4.20 15.94
conv14 75 41.95 0.84 32.30 8.81
conv14 76 0.00 15.94 22.65 -0.00
conv14 77 -5.45 -14.26 5.03 -3.36
conv14 78 1.26 1.26 -1.26 -16.78
conv14 79 2.52 17.62 15.94 -10.91
conv14 80 1.68 0.00 11.75 0.84
conv14 81 29.79 8.81 -21.40 -0.84
conv14 82 0.42 19.30 2.10 -2.10
conv14 83 -7.55 9.65 18.46 -10.07
conv14 84 0.00 38.60 1.68 -15.10
conv14 85 4.20 29.37 6.71 21.82
conv14 86 40.28 -10.07 5.87 5.45
conv14 87 7.97 -33.14 0.84 0.84
conv14 88 10.07 12.17 1.26 1.68
conv14 89 -7.55 23.07 5.03 3.36
conv14 90 0.84 0.84 6.71 -5.87
conv14 91 15.52 8.39 0.00 0.84
conv14 92 2.10 6.29 -5.45 -18.04
conv14 93 20.98 -16.36 4.20 0.42
conv14 94 10.49 17.62 6.71 0.84
conv14 95 -7.97 -1.68 15.52 0.84
conv14 96 10.49 0.84 8.81 -7.13
conv14 97 4.61 26.43 11.33 22.24
conv14 98 46.15 -31.88 11.75 0.84
conv14 99 6.71 -31.46 2.52 9.23
conv14 100 5.87 -11.75 1.26 26.85
conv14 101 6.71 17.20 0.84 -1.68
conv14 102 34.82 12.17 4.61 4.20
conv14 103 5.45 -7.55 -11.33 13.43
conv14 104 -16.78 12.59 6.71 0.84
conv14 105 2.94 3.36 -15.94 10.07
conv14 106 11.33 -31.46 13.01 15.94
conv14 107 0.00 26.01 2.52 -11.75
conv14 108 12.59 1.68 -6.29 1.26
conv14 109 19.72 -9.23 -22.65 0.84
conv14 110 4.61 9.23 6.29 0.84
conv14 111 32.30 -0.84 -21.82 8.39
conv14 112 20.56 -14.26 -1.26 15.52
conv14 113 7.55 6.71 11.33 0.42
conv14 114 8.81 4.20 4.20 17.20
conv14 115 -25.59 21.40 18.46 -13.84
conv14 116 -0.42 -23.49 5.87 27.27
conv14 117 1.68 5.45 0.00 25.17
conv14 118 0.42 2.52 27.27 6.71
conv14 119 18.46 -17.62 2.94 18.04
conv14 120 5.87 -6.71 9.23 -9.23
conv14 121 2.10 18.46 -3.78 5.45
conv14 122 7.13 1.68 1.68 -11.75
conv14 123 -0.84 3.78 7.97 17.20
conv14 124 32.30 22.65 -12.17 -26.01
conv14 125 -41.95 -20.14 15.10 6.71
conv14 126 -5.03 -7.13 -6.29 17.62
conv14 127 13.84 16.36 4.61 -14.68
conv14 128 0.00 2.94 18.04 18.88
conv14 129 -15.10 -0.84 8.39 5.87
conv14 130 5.45 6.29 13.01 -3.78
conv14 131 -8.81 -15.94 -2.10 10.91
conv14 132 -42.79 49.50 5.03 1.68
conv14 133 7.13 0.84 16.78 33.56
conv14 134 16.36 28.95 4.20 4.20
conv14 135 0.84 32.72 0.42 -5.03
conv14 136 10.07 -23.91 15.94 -1.26
conv14 137 -8.39 0.00 21.82 20.14
conv14 138 1.68 0.84 0.00 12.17
conv14 139 -3.36 25.17 1.68 -28.53
conv14 140 22.65 10.49 -7.97 9.23
conv14 141 3.78 11.33 0.00 9.65
conv14 142 10.07 -5.45 6.71 4.20
conv14 143 13.84 39.44 9.65 3.36
conv14 144 5.03 28.95 11.33 -2.10
conv14 145 5.03 33.56 3.36 8.81
conv14 146 15.10 15.94 15.52 -15.94
conv14 147 4.61 2.52 -15.94 8.81
conv14 148 16.36 7.97 -5.03 0.00
conv14 149 -5.87 0.42 35.24 5.87
conv14 150 36.92 19.30 -2.52 -2.52
conv14 151 -20.14 -7.13 12.17 0.84
conv14 152 2.52 17.62 0.00 0.00
conv14 153 13.42 8.39 5.03 15.10
conv14 154 15.94 -14.26 8.81 2.52
conv14 155 1.68 26.01 4.20 -11.75
conv14 156 10.07 -13.84 5.45 18.04
conv14 157 8.39 12.17 19.30 19.72
conv14 158 5.03 -1.68 -2.10 31.88
conv14 159 -4.20 0.00 28.53 -1.26
conv14 160 -4.20 -17.62 10.91 15.52
conv14 161 -12.17 1.26 16.36 15.10
conv14 162 25.17 4.61 -13.43 6.29
conv14 163 -24.75 28.11 4.61 -2.94
conv14 164 26.85 1.68 -6.71 6.71
conv14 165 5.03 -6.71 -3.36 36.92
conv14 166 15.10 -5.03 -2.52 -2.52
conv14 167 -6.29 9.23 12.59 4.20
conv14 168 -3.78 -13.84 37.34 16.78
conv14 169 -7.55 -52.86 5.45 -0.84
conv14 170 25.17 13.84 -12.17 -0.84
conv14 171 2.10 12.59 27.69 -5.03
conv14 172 24.33 -20.14 1.68 5.03
conv14 173 15.94 -5.03 2.52 8.81
conv14 174 26.01 8.81 -10.07 -14.68
conv14 175 2.52 3.36 3.78 9.65
conv14 176 0.00 2.52 1.68 -1.68
conv14 177 15.52 -14.26 7.13 26.01
conv14 178 5.45 20.56 -1.68 0.84
conv14 179 -8.81 2.10 14.26 16.78
conv14 180 13.43 5.87 3.78 13.01
conv14 181 -15.10 -1.68 2.52 0.00
conv14 182 4.20 6.71 19.30 -0.42
conv14 183 48.25 -18.88 2.52 1.26
conv14 184 35.66 34.40 4.61 6.29
conv14 185 14.26 3.78 -11.33 0.84
conv14 186 11.75 5.45 -2.52 -13.43
conv14 187 -7.55 -2.10 14.26 23.07
conv14 188 0.00 33.56 1.68 0.00
conv14 189 41.53 33.98 26.85 26.01
conv14 190 45.31 15.10 -12.17 15.94
conv14 191 12.59 13.01 5.45 -9.65
conv14 192 2.94 11.33 2.94 -17.20
conv14 193 3.36 -4.20 8.39 9.23
conv14 194 15.10 36.08 4.20 0.00
conv14 195 4.61 10.49 -3.78 -7.13
conv14 196 -2.10 1.68 22.24 7.97
conv14 197 7.13 -31.46 10.49 20.14
conv14 198 7.55 5.03 -2.94 -5.45
conv14 199 28.53 -15.10 0.00 -2.10
conv14 200 -5.03 11.75 2.52 0.00
conv14 201 -18.46 3.36 23.49 3.36
conv14 202 -41.95 18.46 29.79 9.65
conv14 203 -2.10 -3.36 24.75 25.17
conv14 204 0.84 7.97 5.03 0.84
conv14 205 -9.23 -18.04 5.87 8.39
conv14 206 26.01 -14.26 8.39 -5.87
conv14 207 14.68 7.13 -6.29 -1.26
conv14 208 0.00 1.68 21.82 17.62
conv14 209 27.27 5.45 -6.29 11.75
conv14 210 9.23 4.61 0.00 4.20
conv14 211 12.59 21.40 -1.26 -2.52
conv14 212 32.30 5.45 -15.10 6.71
conv14 213 16.78 -5.87 -4.61 15.10
conv14 214 18.46 -0.84 5.87 7.97
conv14 215 -12.17 2.10 23.49 3.36
conv14 216 0.00 -5.45 5.03 15.52
conv14 217 -25.59 2.10 23.07 2.10
conv14 218 0.00 0.00 8.39 16.36
conv14 219 29.37 -5.87 -14.26 5.87
conv14 220 -26.85 8.39 26.85 6.29
conv14 221 -32.30 29.37 1.26 20.98
conv14 222 -10.91 12.59 21.40 3.36
conv14 223 33.14 33.98 11.33 10.49
conv14 224 2.94 40.28 3.36 -14.68
conv14 225 0.00 -5.03 24.33 6.29
conv14 226 19.72 -1.26 0.84 5.03
conv14 227 0.84 0.00 2.52 18.46
conv14 228 5.87 7.13 2.10 -9.65
conv14 229 5.87 27.69 3.78 -8.39
conv14 230 0.00 0.00 -5.87 -8.39
conv14 231 18.04 13.43 2.94 -3.36
conv14 232 0.84 0.84 -3.36 13.01
conv14 233 -3.36 0.00 20.98 10.49
conv14 234 10.07 7.97 10.07 -14.26
conv14 235 9.65 22.65 -3.78 -2.10
conv14 236 0.00 6.29 9.65 -0.84
conv14 237 6.71 30.21 8.81 0.42
conv14 238 6.71 23.49 5.45 -15.94
conv14 239 -6.29 27.27 30.21 5.03
conv14 240 -5.45 2.10 9.23 4.20
conv14 241 0.00 23.49 -20.56 -3.36
conv14 242 1.26 6.71 5.87 -15.94
conv14 243 -21.40 4.20 23.49 9.23
conv14 244 12.59 28.53 2.94 25.17
conv14 245 0.00 0.00 11.75 0.00
conv14 246 19.72 26.01 2.94 -0.00
conv14 247 28.53 -13.43 4.20 1.26
conv14 248 -0.42 5.87 4.20 9.23
conv14 249 0.84 -15.94 7.55 26.85
conv14 250 8.39 -4.61 3.36 38.60
conv14 251 0.84 32.30 0.84 -15.94
conv14 252 -0.84 5.45 -18.04 8.39
conv14 253 10.91 10.91 16.78 15.10
conv14 254 2.52 15.94 3.78 -10.91
conv14 255 3.78 -18.04 5.03 18.46
conv15 0 1.98 26.21 -5.44 -18.79
conv15 1 6.43 16.81 -0.99 22.25
conv15 2 20.77 -0.99 1.98 31.16
conv15 3 8.90 14.84 -0.00 35.11
conv15 4 10.39 4.95 -9.89 -19.78
conv15 5 5.44 19.29 24.73 -17.80
conv15 6 -14.84 14.34 4.45 -7.91
conv15 7 -20.77 32.64 6.92 -2.97
conv15 8 0.49 0.49 12.86 17.31
conv15 9 6.92 19.29 3.46 0.00
conv15 10 9.89 -1.48 -6.92 -26.70
conv15 11 7.42 -1.98 -8.90 19.29
conv15 12 2.97 12.36 -24.73 -7.42
conv15 13 1.98 1.98 47.97 -9.40
conv15 14 8.90 11.87 1.48 -6.92
conv15 15 1.48 17.80 18.79 -6.92
conv15 16 5.44 -12.36 1.48 12.86
conv15 17 -1.48 -23.74 3.96 0.49
conv15 18 32.14 -1.98 -11.87 23.74
conv15 19 4.95 6.43 -8.41 -12.36
conv15 20 -10.39 -15.83 11.87 17.80
conv15 21 -8.90 1.98 1.98 -10.39
conv15 22 -0.49 17.31 52.91 7.42
conv15 23 8.90 20.77 5.93 -21.76
conv15 24 -2.47 6.43 13.85 34.12
conv15 25 3.96 27.69 5.44 -2.47
conv15 26 8.41 24.23 2.97 23.24
conv15 27 29.18 41.54 17.80 11.37
conv15 28 10.88 5.93 6.43 41.54
conv15 29 11.87 16.81 -10.88 -11.87
conv15 30 8.90 -1.98 15.83 -0.49
conv15 31 -0.99 -0.99 19.78 3.96
conv15 32 19.78 8.41 -2.47 -16.81
conv15 33 -1.48 0.99 17.31 -28.19
conv15 34 2.47 17.80 14.84 -18.30
conv15 35 2.47 -6.92 18.79 26.70
conv15 36 11.37 17.80 -0.49 -10.88
conv15 37 18.30 4.45 1.98 -1.98
conv15 38 3.96 -19.78 -9.40 2.47
conv15 39 11.37 8.41 -15.33 18.79
conv15 40 2.47 2.47 9.40 29.18
conv15 41 4.95 -10.39 -30.66 0.00
conv15 42 3.46 15.82 29.18 -14.84
conv15 43 0.00 18.30 -5.93 -19.29
conv15 44 6.92 17.31 7.91 0.49
conv15 45 7.91 13.85 -5.44 16.32
conv15 46 27.69 -27.69 -8.41 7.91
conv15 47 12.86 14.84 -0.99 -14.84
conv15 48 15.82 0.00 -20.28 -2.47
conv15 49 1.98 -9.89 11.37 3.46
conv15 50 15.33 2.47 0.99 -8.90
conv15 51 -40.06 31.16 -4.45 -3.96
conv15 52 17.80 12.36 1.98 37.09
conv15 53 3.96 21.26 21.76 13.35
conv15 54 5.93 2.47 9.40 39.56
conv15 55 0.00 5.93 6.43 6.43
conv15 56 8.90 5.93 -25.72 -4.45
conv15 57 5.44 -2.97 1.98 -38.08
conv15 58 12.36 21.26 8.90 8.41
conv15 59 7.91 2.97 -0.49 -2.47
conv15 60 11.37 -32.64 4.45 0.99
conv15 61 -2.97 11.87 36.60 -16.32
conv15 62 -14.84 -3.96 11.87 22.75
conv15 63 4.95 -3.96 -8.90 7.91
conv15 64 0.00 0.00 16.81 -7.91
conv15 65 3.46 -0.49 14.34 7.91
conv15 66 27.20 28.19 24.23 -1.98
conv15 67 -37.58 13.85 23.74 -3.46
conv15 68 0.49 8.90 40.06 15.82
conv15 69 16.81 15.82 -19.29 0.99
conv15 70 1.48 0.00 -20.77 13.85
conv15 71 -13.85 21.26 13.35 -7.91
conv15 72 9.40 4.45 10.39 -20.28
conv15 73 3.96 9.89 6.92 3.46
conv15 74 -11.37 2.97 0.00 1.98
conv15 75 2.47 26.21 18.79 -22.25
conv15 76 -1.98 14.84 10.88 0.99
conv15 77 0.00 5.44 21.76 0.49
conv15 78 1.98 1.98 25.22 -7.42
conv15 79 6.92 5.93 0.99 2.47
conv15 80 45.99 -29.67 -0.99 7.91
conv15 81 4.95 0.00 9.40 -35.61
conv15 82 4.95 2.47 -10.88 13.85
conv15 83 1.98 15.82 12.86 -16.81
conv15 84 4.45 4.45 6.92 31.65
conv15 85 -27.20 15.82 -3.96 -8.90
conv15 86 0.99 14.84 -11.37 -2.47
conv15 87 22.75 -1.48 -19.29 12.86
conv15 88 2.97 3.96 -9.89 30.66
conv15 89 63.79 -21.26 2.47 0.49
conv15 90 23.74 -22.25 -0.99 5.93
conv15 91 -21.76 0.49 5.44 38.57
conv15 92 3.96 -17.80 -14.84 13.85
conv15 93 13.85 18.79 37.09 -1.98
conv15 94 15.33 -15.82 1.98 34.12
conv15 95 11.87 -12.86 5.93 9.89
conv15 96 5.93 -2.97 0.49 27.20
conv15 97 0.99 2.97 14.34 23.74
conv15 98 4.45 -22.75 -1.48 4.45
conv15 99 6.92 -13.85 7.91 -21.76
conv15 100 21.76 6.92 5.44 2.97
conv15 101 4.95 0.49 9.89 -3.96
conv15 102 13.35 36.10 0.99 -0.49
conv15 103 -0.99 -27.20 -2.47 -13.35
conv15 104 8.41 5.93 7.91 12.36
conv15 105 -14.34 -10.39 12.36 21.26
conv15 106 -1.98 28.19 0.99 0.00
conv15 107 3.46 19.78 27.69 -33.13
conv15 108 32.64 -7.91 9.89 8.90
conv15 109 12.86 16.81 18.79 -0.00
conv15 110 0.49 3.46 11.87 -0.49
conv15 111 18.79 32.14 -12.36 -14.34
conv15 112 21.26 -33.13 1.98 -0.49
conv15 113 25.72 2.97 -3.46 11.87
conv15 114 1.98 25.22 -7.42 7.42
conv15 115 3.96 10.88 -0.99 12.36
conv15 116 0.00 3.46 23.74 -0.99
conv15 117 -20.77 -26.21 2.47 3.46
conv15 118 4.95 -2.97 -11.37 18.79
conv15 119 4.45 16.81 10.88 -25.72
conv15 120 -21.26 18.79 3.46 0.99
conv15 121 10.88 33.63 -4.45 -27.20
conv15 122 3.46 3.96 28.19 11.37
conv15 123 3.46 6.43 22.25 -24.73
conv15 124 0.00 13.85 -18.79 -7.42
conv15 125 5.44 -5.44 10.39 6.43
conv15 126 34.12 -19.29 5.93 3.96
conv15 127 10.88 -5.93 -26.21 1.98
conv15 128 3.96 -5.44 -16.81 0.99
conv15 129 15.82 -1.48 -10.88 58.35
conv15 130 10.88 -0.49 7.91 -3.96
conv15 131 0.00 0.00 -1.48 17.80
conv15 132 5.44 1.48 18.30 -47.97
conv15 133 2.47 0.00 -1.98 -8.41
conv15 134 0.00 3.96 -21.76 -1.98
conv15 135 24.73 -43.52 4.45 -0.49
conv15 136 11.37 30.17 24.73 -18.79
conv15 137 2.97 0.99 -1.98 -5.44
conv15 138 8.90 -22.75 1.98 0.49
conv15 139 -7.91 0.99 10.88 -37.58
conv15 140 14.84 -2.97 -4.45 -0.99
conv15 141 1.98 2.97 -2.97 -21.26
conv15 142 12.86 16.81 7.91 6.43
conv15 143 18.79 14.34 0.49 -17.31
conv15 144 -36.60 29.67 -0.99 -0.00
conv15 145 -4.45 0.99 6.92 0.00
conv15 146 -3.96 -6.43 -5.93 35.61
conv15 147 -3.96 -28.19 -2.47 8.41
conv15 148 12.86 -14.34 -3.46 11.87
conv15 149 -10.39 -1.48 9.40 2.47
conv15 150 17.31 1.48 3.96 10.88
conv15 151 -3.96 6.92 37.58 4.95
conv15 152 -0.99 28.68 16.81 -1.48
conv15 153 0.00 4.95 -13.85 2.47
conv15 154 1.98 0.49 12.36 41.05
conv15 155 0.00 0.00 3.96 26.21
conv15 156 14.34 -0.99 0.49 17.80
conv15 157 1.48 8.90 -36.60 -3.46
conv15 158 1.48 0.99 23.74 34.62
conv15 159 -1.98 -0.49 -0.49 -6.92
conv15 160 2.97 -9.89 24.23 16.32
conv15 161 2.97 -11.37 -12.36 -1.98
conv15 162 -24.73 -24.23 1.98 -5.93
conv15 163 0.99 -53.90 -14.84 8.90
conv15 164 11.37 -22.75 -4.95 -2.97
conv15 165 1.48 -11.37 -22.75 8.90
conv15 166 9.89 10.88 0.00 0.00
conv15 167 3.96 -8.90 -14.34 5.93
conv15 168 2.47 9.40 -2.97 -0.49
conv15 169 4.95 42.53 5.44 -4.45
conv15 170 6.43 33.63 -0.49 6.92
conv15 171 -2.97 18.79 8.41 2.97
conv15 172 -7.91 6.92 28.68 -2.47
conv15 173 10.88 23.24 -6.43 6.92
conv15 174 4.95 -17.31 -1.98 38.57
conv15 175 -0.00 8.90 7.91 -21.76
conv15 176 -14.34 4.95 20.28 39.07
conv15 177 6.92 -8.41 2.47 0.49
conv15 178 -22.25 -14.34 2.97 12.36
conv15 179 -16.81 15.82 45.50 0.00
conv15 180 11.37 14.84 18.79 0.49
conv15 181 22.75 15.82 36.60 -23.74
conv15 182 -8.90 3.96 -0.99 5.44
conv15 183 -7.42 -0.99 22.25 -10.88
conv15 184 -2.97 7.42 2.47 16.81
conv15 185 6.92 2.97 -11.37 3.46
conv15 186 -3.96 7.91 33.63 -4.95
conv15 187 3.96 0.00 -10.88 23.24
conv15 188 2.47 24.73 1.98 3.46
conv15 189 5.93 -1.48 0.99 19.78
conv15 190 8.90 16.81 57.37 -28.68
conv15 191 5.44 1.98 -13.35 -9.89
conv15 192 -17.31 3.96 22.25 6.92
conv15 193 -2.47 -5.44 16.81 -4.45
conv15 194 3.96 18.79 26.70 -30.66
conv15 195 2.47 18.79 -1.98 -25.72
conv15 196 17.80 21.76 20.77 26.70
conv15 197 -7.42 -14.84 6.92 38.57
conv15 198 5.93 6.92 -1.48 -7.91
conv15 199 35.11 -8.90 -32.14 14.84
conv15 200 11.37 -21.76 2.97 17.31
conv15 201 10.88 -5.93 18.79 6.92
conv15 202 9.89 14.34 7.91 -16.32
conv15 203 0.99 2.97 0.99 0.99
conv15 204 2.97 -7.91 36.10 -20.28
conv15 205 -2.47 0.00 0.99 28.19
conv15 206 2.97 0.49 13.35 37.09
conv15 207 0.99 5.44 -24.73 0.99
conv15 208 1.98 7.91 7.91 5.44
conv15 209 20.77 19.78 0.00 0.00
conv15 210 7.42 12.86 18.30 10.88
conv15 211 -4.45 16.32 -4.45 -19.78
conv15 212 1.98 6.43 26.70 25.72
conv15 213 14.84 5.44 6.43 -0.99
conv15 214 26.70 2.47 -16.32 13.85
conv15 215 44.51 4.95 -28.68 5.93
conv15 216 14.34 -51.93 3.46 39.07
conv15 217 7.91 0.99 -4.95 -22.25
conv15 218 0.99 43.02 5.44 -13.85
conv15 219 12.36 13.85 -6.92 -7.42
conv15 220 5.44 49.45 -6.92 1.98
conv15 221 4.45 -1.48 -1.48 23.74
conv15 222 1.98 4.45 7.91 0.99
conv15 223 30.17 8.41 -7.42 -12.86
conv15 224 32.14 0.49 -17.31 0.99
conv15 225 0.99 -10.88 7.42 15.33
conv15 226 1.48 0.99 -7.91 10.39
conv15 227 -2.97 17.80 19.78 -2.97
conv15 228 12.36 0.49 -1.48 13.35
conv15 229 -33.13 -7.42 3.96 2.97
conv15 230 4.95 0.99 10.39 -19.29
conv15 231 -53.41 5.93 4.45 -4.45
conv15 232 15.33 12.86 0.49 -1.98
conv15 233 -2.97 -32.14 -3.46 30.66
conv15 234 10.39 4.95 9.89 -2.97
conv15 235 1.48 0.00 25.22 30.17
conv15 236 -9.89 6.43 1.98 31.65
conv15 237 9.40 5.93 2.97 -39.56
conv15 238 -4.95 -16.81 13.85 -1.98
conv15 239 4.95 -12.86 -11.87 14.34
conv15 240 4.95 19.29 18.79 -30.66
conv15 241 11.87 1.48 -10.39 -10.88
conv15 242 1.48 2.97 7.91 43.52
conv15 243 32.64 -2.97 1.48 -2.47
conv15 244 11.87 6.92 6.43 -4.45
conv15 245 0.00 0.00 4.95 17.80
conv15 246 10.88 5.44 4.45 24.73
conv15 247 2.97 9.89 -5.93 -42.04
conv15 248 2.97 -4.45 -19.78 -0.49
conv15 249 2.47 13.35 1.98 28.68
conv15 250 15.82 39.56 -4.95 19.78
conv15 251 -4.45 28.68 5.93 -30.17
conv15 252 5.44 -39.56 -19.78 -29.67
conv15 253 12.36 -21.76 0.00 18.79
conv15 254 4.45 -38.08 5.93 47.97
conv15 255 8.41 -20.28 22.75 3.96
conv16 0 0.00 -39.88 -48.17 -14.50
conv16 1 -19.16 4.14 -24.86 -11.40
conv16 2 -19.68 -10.88 -9.32 -39.88
conv16 3 -47.65 -7.25 -1.04 -4.14
conv16 4 -36.26 -49.72 -45.58 -40.40
conv16 5 -17.09 -23.83 -24.86 -6.22
conv16 6 -36.26 -27.45 -18.65 -9.84
conv16 7 -16.57 -14.50 -10.36 -9.32
conv16 8 -18.13 -19.16 -3.11 -35.22
conv16 9 -9.32 -8.81 -5.18 -6.22
conv16 10 -50.76 1.55 0.52 -24.34
conv16 11 -7.77 -80.29 -15.02 1.04
conv16 12 1.55 -7.25 -32.63 -20.72
conv16 13 -11.91 -10.36 -22.79 -24.86
conv16 14 -31.60 -12.43 0.00 -11.91
conv16 15 -10.88 -14.50 -12.43 -23.83
conv16 16 -8.81 -19.68 -23.83 -0.52
conv16 17 -14.50 -13.47 -15.02 -31.08
conv16 18 -8.29 -27.97 -34.19 -15.54
conv16 19 -20.72 -47.65 -18.65 -11.91
conv16 20 0.00 -21.24 -34.19 -7.77
conv16 21 0.00 0.00 -20.72 -26.93
conv16 22 -19.68 -20.72 -1.55 11.40
conv16 23 -7.77 -9.32 -8.81 -19.16
conv16 24 -24.34 -24.86 -9.84 7.77
conv16 25 -22.27 -22.27 -10.36 5.18
conv16 26 -22.79 0.00 -26.93 -35.22
conv16 27 -4.14 39.37 -19.16 -13.47
conv16 28 -30.04 -33.67 -23.31 -7.77
conv16 29 -11.91 -55.42 -19.16 -2.07
conv16 30 -10.88 -13.99 -13.47 -8.29
conv16 31 -35.22 -41.96 -15.54 -7.25
conv16 32 -27.45 -61.64 -13.47 -13.99
conv16 33 -20.20 -23.31 1.04 -9.32
conv16 34 -13.47 -42.47 -2.07 23.83
conv16 35 -12.43 -53.87 -13.47 -8.29
conv16 36 -39.88 -1.55 -11.91 -10.36
conv16 37 -4.14 -8.29 -58.53 -31.60
conv16 38 -16.57 -23.31 -17.09 12.43
conv16 39 -20.20 -17.09 -36.26 -32.11
conv16 40 -8.29 -0.52 -32.11 -40.40
conv16 41 -5.18 -0.52 -12.43 -38.33
conv16 42 -2.59 -5.18 -25.90 -58.53
conv16 43 -32.63 -32.63 8.29 -31.60
conv16 44 -15.02 -16.57 -7.25 13.47
conv16 45 -7.25 -11.40 -25.38 -4.66
conv16 46 -11.40 -40.40 -11.40 11.91
conv16 47 -40.92 -16.57 -14.50 0.00
conv16 48 -18.65 -17.09 -11.40 -24.86
conv16 49 -13.47 -30.56 -11.91 -8.81
conv16 50 -43.51 -16.57 -0.52 -15.02
conv16 51 -9.84 13.47 -11.40 -30.04
conv16 52 -1.55 1.55 -17.61 -12.43
conv16 53 -27.97 -25.90 -7.25 0.00
conv16 54 -1.55 1.04 -20.72 -36.78
conv16 55 -16.57 -34.19 -7.77 -0.52
conv16 56 -18.13 -29.01 -20.72 -8.29
conv16 57 -8.81 17.61 -9.84 -25.90
conv16 58 -18.13 -21.75 -19.16 -43.51
conv16 59 -6.73 -5.18 -18.13 -25.90
conv16 60 -10.88 -22.79 -22.79 -4.66
conv16 61 -51.28 -16.06 36.78 -25.90
conv16 62 14.50 -10.88 -24.34 -36.78
conv16 63 0.00 10.36 -12.95 0.00
conv16 64 -9.32 13.47 -7.25 -36.26
conv16 65 -5.70 2.59 -18.65 -33.67
conv16 66 -10.36 -32.11 -2.59 -14.50
conv16 67 1.04 -35.74 -11.91 -16.57
conv16 68 -24.86 -18.65 0.00 -24.86
conv16 69 -4.14 -39.37 -15.02 -2.59
conv16 70 -25.90 -6.22 -2.07 -29.52
conv16 71 18.65 -38.33 -16.06 0.00
conv16 72 -20.72 0.52 -13.47 -62.16
conv16 73 -9.84 -19.68 -20.20 -2.07
conv16 74 -12.95 -42.99 -65.26 -25.90
conv16 75 -10.36 -8.29 -34.19 -9.32
conv16 76 -20.20 2.59 -14.50 -29.52
conv16 77 -51.80 -18.65 -12.95 -5.18
conv16 78 -9.32 -10.36 -33.67 -34.70
conv16 79 -17.09 -13.47 34.19 46.62
conv16 80 -9.32 -13.99 -4.14 -2.07
conv16 81 -24.34 -18.13 -27.97 -4.66
conv16 82 -7.77 -19.68 -15.54 -15.54
conv16 83 -10.36 -31.60 -14.50 27.97
conv16 84 -16.57 14.50 -2.07 -38.33
conv16 85 -24.86 -35.22 -15.54 -32.11
conv16 86 -19.68 -37.29 -7.25 -10.36
conv16 87 -17.09 -36.78 -11.91 -1.55
conv16 88 -13.47 -19.68 -13.99 5.18
conv16 89 -16.06 -50.76 -19.16 -3.11
conv16 90 -9.32 -64.23 -15.54 -14.50
conv16 91 -12.95 -11.91 -2.07 -10.36
conv16 92 1.04 -19.16 -20.72 -26.42
conv16 93 -20.20 -39.37 -5.18 -6.73
conv16 94 -5.18 14.50 -11.40 -26.42
conv16 95 -9.32 8.81 -11.91 -19.16
conv16 96 -37.29 -50.76 -21.24 -19.16
conv16 97 -14.50 -16.57 -31.08 -47.65
conv16 98 -18.13 -18.65 -47.14 -25.38
conv16 99 -5.70 -29.01 -32.11 -44.55
conv16 100 -4.14 -58.01 -14.50 -18.13
conv16 101 -25.38 -20.72 -6.22 0.00
conv16 102 -35.22 -6.22 -12.43 -17.09
conv16 103 -11.40 -42.47 -15.54 13.47
conv16 104 -12.43 -41.44 -13.47 0.00
conv16 105 -19.68 -13.99 -21.24 -5.70
conv16 106 -4.14 1.55 -4.14 -5.18
conv16 107 -24.86 8.29 4.14 -2.07
conv16 108 -47.14 -20.72 -6.22 -20.20
conv16 109 -19.16 1.04 -12.95 -41.44
conv16 110 -15.54 0.00 -19.68 -36.26
conv16 111 -15.54 -38.33 -19.68 -65.26
conv16 112 -15.54 -5.18 -11.91 -37.81
conv16 113 -19.68 -9.32 -16.06 -50.24
conv16 114 -25.38 -25.90 -8.29 -7.77
conv16 115 -14.50 24.86 -23.83 -44.55
conv16 116 -26.42 -44.03 -11.40 -5.70
conv16 117 -6.73 10.36 -21.75 -9.32
conv16 118 -41.44 -14.50 -4.14 -23.31
conv16 119 -15.54 -9.32 -18.65 -35.22
conv16 120 -9.32 -22.27 -18.65 -5.70
conv16 121 -31.60 24.86 -10.36 -23.31
conv16 122 -46.10 -5.70 -12.95 -24.86
conv16 123 -16.57 8.81 -2.07 -43.51
conv16 124 -11.91 -11.40 26.42 24.86
conv16 125 -3.63 -32.11 -18.65 7.77
conv16 126 -14.50 -13.47 -19.16 -12.43
conv16 127 -15.02 -16.57 -35.74 -86.50
conv16 128 -12.95 -12.43 -23.83 -14.50
conv16 129 -6.73 -11.40 -31.60 -37.81
conv16 130 -18.65 -18.13 -25.90 11.40
conv16 131 -18.13 -33.15 -9.84 27.45
conv16 132 -19.16 -18.65 -18.65 12.43
conv16 133 -13.99 -26.42 -6.22 -7.25
conv16 134 -4.66 -31.60 -30.04 2.07
conv16 135 17.61 -14.50 -24.34 -10.36
conv16 136 -21.75 -36.78 -17.09 -20.72
conv16 137 -16.06 24.34 -11.40 -17.61
conv16 138 -1.04 -32.63 -31.08 -4.14
conv16 139 -37.81 44.55 -18.65 -15.02
conv16 140 -73.55 -10.88 27.97 -49.73
conv16 141 5.18 -51.80 -25.38 -8.29
conv16 142 -21.24 -58.53 -16.57 -9.32
conv16 143 -3.11 -5.70 -29.01 -26.42
conv16 144 -10.36 -69.41 -19.16 -7.25
conv16 145 7.25 -2.07 -54.39 -37.29
conv16 146 -15.54 -41.44 -10.36 -8.81
conv16 147 -40.92 -19.16 0.00 -15.54
conv16 148 -36.26 -82.87 -10.36 -4.14
conv16 149 -11.91 -34.70 -15.02 12.43
conv16 150 -13.99 30.04 -19.68 -19.68
conv16 151 -33.67 -11.40 4.14 -27.97
conv16 152 -46.62 -29.52 4.14 -7.77
conv16 153 -15.02 -31.08 3.11 -24.34
conv16 154 -22.79 -18.13 -11.40 -15.02
conv16 155 -8.81 -18.13 -19.68 -10.36
conv16 156 -4.66 31.08 -7.25 -51.80
conv16 157 -68.37 -26.93 -4.66 -11.40
conv16 158 -12.43 -43.51 -13.47 -17.61
conv16 159 -15.54 -42.99 -15.54 -22.79
conv16 160 -71.48 -31.08 -4.14 -24.86
conv16 161 31.08 7.25 -16.57 -7.77
conv16 162 -10.88 -17.09 -18.65 -17.61
conv16 163 -24.34 -32.11 3.63 3.63
conv16 164 -8.29 -3.11 -14.50 -41.44
conv16 165 -14.50 -24.86 -18.65 -11.40
conv16 166 -42.47 -14.50 -22.27 1.04
conv16 167 -25.38 -5.70 -13.47 -21.24
conv16 168 -12.95 -0.52 -29.01 -46.62
conv16 169 -33.67 -8.81 -0.52 -32.63
conv16 170 -19.68 -23.31 -1.55 -63.71
conv16 171 -20.72 -23.31 -12.95 0.00
conv16 172 -27.45 -41.96 -15.02 -3.63
conv16 173 -17.61 -26.93 -13.47 -13.47
conv16 174 -24.34 -48.17 -17.61 3.11
conv16 175 -13.47 -6.22 -32.63 -10.88
conv16 176 -24.34 -52.83 -23.83 -5.18
conv16 177 -4.14 -59.05 -8.29 23.83
conv16 178 -32.11 -1.04 -15.02 -9.32
conv16 179 -18.65 3.63 -15.54 -22.27
conv16 180 -8.29 -64.75 -5.70 1.04
conv16 181 -9.32 6.22 -9.32 -15.54
conv16 182 -18.65 -12.95 -44.55 -40.40
conv16 183 -8.81 -39.37 -22.79 -1.04
conv16 184 11.91 -33.67 -11.40 -10.88
conv16 185 -42.99 -35.74 -7.25 -18.13
conv16 186 -15.54 -8.29 -12.43 -31.60
conv16 187 -49.72 -50.24 -9.32 -19.16
conv16 188 -1.55 -12.95 5.70 16.57
conv16 189 -6.22 -16.57 -10.88 -8.81
conv16 190 33.15 37.29 -4.14 -8.29
conv16 191 -5.70 -28.49 -7.25 -17.61
conv16 192 -62.16 -8.29 -7.77 -14.50
conv16 193 0.52 -4.66 -23.83 -34.70
conv16 194 -22.79 -49.72 -17.09 -18.13
conv16 195 -24.86 -32.11 -37.81 -4.66
conv16 196 -11.91 -15.54 -8.29 -8.29
conv16 197 -4.14 -18.65 -9.32 -18.13
conv16 198 -30.56 -23.31 -13.47 -22.27
conv16 199 -12.95 -1.04 -14.50 -31.60
conv16 200 -12.43 -40.40 -16.57 -11.40
conv16 201 -17.09 -10.36 -22.27 -21.24
conv16 202 -15.54 2.59 -19.16 -40.40
conv16 203 -24.86 -10.36 -16.57 -14.50
conv16 204 -20.72 -30.04 -10.88 11.91
conv16 205 0.00 -1.04 -41.96 -34.19
conv16 206 -13.47 -21.24 -70.44 20.72
conv16 207 -4.66 -12.95 -5.70 -15.54
conv16 208 0.00 -30.04 -44.55 -21.24
conv16 209 -31.08 20.72 -17.09 -12.43
conv16 210 -24.34 -30.56 -11.91 -5.18
conv16 211 -18.65 -19.68 -5.70 -1.55
conv16 212 -17.09 -16.57 -14.50 -24.34
conv16 213 -15.02 -19.68 10.36 -73.03
conv16 214 -33.15 0.00 -13.99 -36.26
conv16 215 -13.47 -23.31 -9.84 -15.02
conv16 216 -20.20 -0.52 -26.42 -29.01
conv16 217 -1.04 -3.11 -20.20 -8.29
conv16 218 -19.68 -7.77 0.00 -35.74
conv16 219 -26.93 -23.31 25.90 4.14
conv16 220 -16.57 -1.04 -13.47 -48.69
conv16 221 22.27 -10.36 -12.43 -13.47
conv16 222 -94.27 -53.87 -12.43 -7.25
conv16 223 -15.02 -43.51 -16.57 -2.07
conv16 224 25.38 24.34 -60.60 -48.69
conv16 225 1.04 18.65 -12.95 -40.92
conv16 226 -30.04 -46.10 -15.02 -10.88
conv16 227 1.04 36.26 -20.20 -25.90
conv16 228 3.63 -4.14 -15.54 -30.04
conv16 229 -14.50 -14.50 -27.45 -17.09
conv16 230 -2.07 -54.90 -11.91 -3.63
conv16 231 -43.51 -2.59 -7.77 -24.34
conv16 232 -11.91 -12.43 -27.45 -15.02
conv16 233 -10.36 -20.20 21.75 -62.16
conv16 234 -24.86 -11.91 -15.02 -11.40
conv16 235 -16.06 24.86 -11.40 -29.01
conv16 236 36.26 -25.90 -17.61 -18.65
conv16 237 -21.75 -16.57 -14.50 -37.29
conv16 238 -19.68 -20.72 -8.29 -20.72
conv16 239 -10.36 -4.66 -12.43 -55.94
conv16 240 -7.77 1.55 -14.50 -24.86
conv16 241 2.07 -17.09 -37.81 -17.09
conv16 242 -3.11 -18.13 -22.27 -1.55
conv16 243 -15.02 -12.43 -19.16 17.09
conv16 244 8.29 14.50 -3.63 -4.14
conv16 245 -15.02 -12.43 -10.36 18.65
conv16 246 1.55 19.68 -17.61 -19.68
conv16 247 -9.84 -22.79 -9.32 9.84
conv16 248 -11.91 -15.02 -11.40 -62.67
conv16 249 -10.88 -12.95 -6.73 9.84
conv16 250 -24.34 -10.36 -20.72 -11.40
conv16 251 -9.32 -8.29 -31.08 -11.40
conv16 252 -21.24 -22.79 -3.11 -1.55
conv16 253 0.00 -46.62 -1.04 32.11
conv16 254 -72.52 -22.79 -12.43 -20.72
conv16 255 -33.15 -30.56 -6.73 -5.70
conv16 256 -17.61 -20.20 0.00 -50.24
conv16 257 -29.01 30.04 -9.32 -48.69
conv16 258 -26.42 -17.61 -15.54 -9.32
conv16 259 8.29 -11.91 -3.11 -25.90
conv16 260 17.09 39.37 -9.32 -28.49
conv16 261 -18.13 -4.14 -13.99 -19.16
conv16 262 -12.43 -37.29 -15.02 -7.25
conv16 263 -21.24 39.37 -18.65 -56.98
conv16 264 -8.29 -40.40 -11.40 -9.32
conv16 265 -11.40 -72.52 -20.20 -23.83
conv16 266 -8.29 -26.93 -16.06 -10.36
conv16 267 -8.29 -2.07 -14.50 -47.65
conv16 268 -12.43 -18.65 -8.29 -12.95
conv16 269 -16.06 -25.90 -50.76 -31.08
conv16 270 -15.54 -9.84 -33.15 -46.10
conv16 271 -20.20 -2.07 -20.20 -41.96
conv16 272 -13.99 -29.52 -59.57 -21.75
conv16 273 -35.22 -65.26 -10.88 -26.93
conv16 274 -16.57 38.33 -13.47 -27.45
conv16 275 -9.32 -28.49 -36.26 1.04
conv16 276 -17.61 -19.16 23.83 -41.44
conv16 277 -25.90 -14.50 -26.93 -8.29
conv16 278 -20.20 -23.83 -9.32 17.09
conv16 279 -11.40 -3.63 -22.79 -38.85
conv16 280 -8.29 -21.75 9.32 24.34
conv16 281 -12.95 -12.95 -12.95 -11.91
conv16 282 -12.43 -3.63 -16.57 -14.50
conv16 283 1.04 -22.27 -30.56 -29.52
conv16 284 -8.81 -7.77 -4.14 -38.33
conv16 285 10.36 -68.37 -16.06 -15.02
conv16 286 -12.43 36.26 -16.57 -32.63
conv16 287 -19.68 -21.75 -5.18 37.81
conv16 288 -6.22 0.00 -12.43 -60.08
conv16 289 -29.52 -4.14 1.04 -13.99
conv16 290 -23.83 -2.07 -17.09 -38.33
conv16 291 -18.65 -26.93 -9.84 -17.09
conv16 292 -15.54 -32.63 0.52 -5.70
conv16 293 39.37 2.07 -67.34 -27.45
conv16 294 -12.95 9.84 -23.83 -25.90
conv16 295 -24.34 -34.70 -10.88 -5.18
conv16 296 -13.99 -19.16 -9.32 -16.06
conv16 297 -15.54 -7.25 -11.40 -4.14
conv16 298 -31.60 -29.52 -10.36 -5.18
conv16 299 -33.15 -6.73 0.00 -16.06
conv16 300 0.00 -9.32 -11.91 -18.13
conv16 301 -12.95 -13.99 -19.16 -36.26
conv16 302 -21.75 -9.84 -4.14 -30.04
conv16 303 -23.31 -16.57 -36.26 0.00
conv16 304 -18.13 -21.24 -11.91 -4.66
conv16 305 -12.43 -5.18 -21.75 -53.87
conv16 306 -42.99 -16.06 5.18 20.20
conv16 307 33.15 -49.72 -11.40 -8.29
conv16 308 -21.75 -38.33 -6.22 7.77
conv16 309 -14.50 22.79 -7.77 -38.33
conv16 310 -37.81 -6.73 -5.18 -14.50
conv16 311 1.55 -20.72 -27.97 -6.73
conv16 312 -10.88 -16.06 -10.36 -9.84
conv16 313 -15.02 2.59 -6.73 -25.38
conv16 314 -2.07 -10.36 -21.75 -5.18
conv16 315 -9.32 -52.83 -10.88 -16.06
conv16 316 -13.47 -13.47 -7.25 -73.03
conv16 317 -41.96 -5.70 -14.50 -18.13
conv16 318 -6.22 -47.65 -14.50 0.00
conv16 319 -7.25 1.55 -22.79 -31.08
conv16 320 -18.13 6.22 -17.61 -27.45
conv16 321 -23.83 20.72 -9.84 -20.20
conv16 322 -14.50 -2.07 -9.84 -31.60
conv16 323 -1.04 -29.01 -18.65 -2.07
conv16 324 -13.47 -3.11 -32.63 -25.90
conv16 325 -18.13 -18.65 -26.93 -22.79
conv16 326 -13.99 -21.24 -20.72 -6.73
conv16 327 -12.43 -44.55 -19.68 8.29
conv16 328 -30.04 -10.36 -17.09 -19.68
conv16 329 -19.16 -36.26 -15.02 -6.73
conv16 330 -17.61 -17.61 -5.18 -17.61
conv16 331 -15.02 -18.65 -39.37 18.65
conv16 332 -32.63 55.94 -19.16 -23.83
conv16 333 21.75 -41.96 -7.77 -22.79
conv16 334 18.13 5.70 -29.01 -2.07
conv16 335 -15.02 0.00 -10.88 -35.74
conv16 336 -26.93 -45.58 -9.84 -8.81
conv16 337 3.63 -41.96 -22.79 -4.14
conv16 338 -31.60 -13.47 -11.40 -21.75
conv16 339 -12.43 21.75 -13.47 -41.44
conv16 340 0.00 -24.86 -55.94 -11.40
conv16 341 -12.95 -2.59 -52.31 -15.02
conv16 342 -16.57 -18.65 -23.31 -20.72
conv16 343 9.32 8.29 -10.88 -8.81
conv16 344 -16.57 -13.47 -11.40 10.88
conv16 345 -29.01 -48.17 -12.43 -3.63
conv16 346 -15.54 -60.60 -23.83 -17.09
conv16 347 -14.50 -41.44 -9.32 -26.42
conv16 348 -5.70 -6.73 -3.11 -10.36
conv16 349 -15.02 -9.84 -8.29 -4.14
conv16 350 -11.40 -65.26 -19.16 -16.57
conv16 351 0.00 0.00 -22.79 25.38
conv16 352 -31.60 -54.90 -13.99 -10.88
conv16 353 -1.04 31.08 -11.40 -20.20
conv16 354 -29.01 -18.65 -7.77 -13.47
conv16 355 -46.10 -9.32 -18.65 -23.83
conv16 356 -13.99 -21.75 -8.81 -11.40
conv16 357 -18.65 -17.61 1.04 2.07
conv16 358 -22.79 -10.88 -10.88 -16.57
conv16 359 -20.72 -41.96 -0.52 -10.36
conv16 360 38.33 -49.72 -4.14 -32.11
conv16 361 -26.93 -9.32 -17.09 -19.16
conv16 362 -16.57 4.14 -19.16 -35.74
conv16 363 -10.88 -7.77 -15.54 -24.86
conv16 364 -18.13 -36.26 -11.91 19.16
conv16 365 -17.61 -13.99 -17.09 -13.47
conv16 366 -4.66 -21.24 -12.95 -73.03
conv16 367 -50.24 -62.16 -1.04 -13.47
conv16 368 -45.58 -44.55 -20.20 -22.27
conv16 369 -1.55 -13.47 -18.13 -18.65
conv16 370 -15.54 -4.14 -13.99 -31.60
conv16 371 -17.09 -72.52 -4.14 3.63
conv16 372 -31.60 -38.85 -3.63 -52.83
conv16 373 -16.06 -39.88 -11.91 0.00
conv16 374 19.68 -6.22 -12.43 -19.68
conv16 375 0.00 -16.57 -10.88 -22.27
conv16 376 21.24 -32.11 -8.81 -17.61
conv16 377 -15.54 0.00 -4.66 -22.79
conv16 378 -3.11 -11.91 -16.06 -23.83
conv16 379 -29.01 -37.29 -13.47 -17.09
conv16 380 0.00 -13.47 -36.78 -16.06
conv16 381 -1.04 -6.22 -16.06 -29.52
conv16 382 -26.93 -13.99 -17.61 -15.54
conv16 383 3.11 -36.26 -41.44 -29.01
conv16 384 -2.07 -0.52 -22.79 -21.24
conv16 385 -20.20 -45.06 -29.01 -14.50
conv16 386 0.00 0.00 -37.29 -23.31
conv16 387 -20.72 -20.72 -20.72 18.13
conv16 388 -39.37 -26.42 -6.73 -17.61
conv16 389 -23.83 -30.04 -23.83 -12.95
conv16 390 4.14 -20.20 -55.94 -22.79
conv16 391 -26.42 -35.74 -13.47 -3.11
conv16 392 -20.72 0.00 -17.61 -38.85
conv16 393 1.04 -81.84 -15.54 -14.50
conv16 394 -17.61 -2.59 -8.29 -41.44
conv16 395 -8.29 30.04 -10.88 -20.72
conv16 396 -6.22 -2.07 -31.08 -45.06
conv16 397 -0.52 -9.32 -35.74 -25.38
conv16 398 -15.02 -7.77 19.68 -71.48
conv16 399 -9.32 -9.84 -14.50 -35.22
conv16 400 -16.57 -26.93 -19.68 -7.25
conv16 401 -3.11 -2.07 -18.13 -25.38
conv16 402 -10.36 -33.67 -39.37 -60.08
conv16 403 -24.86 10.88 -16.57 -38.33
conv16 404 -10.36 0.00 -28.49 -47.14
conv16 405 -16.57 -2.07 -26.93 -19.16
conv16 406 -22.79 -14.50 -14.50 -2.07
conv16 407 -25.90 -19.68 0.52 2.59
conv16 408 -16.57 0.00 -15.02 -20.72
conv16 409 -15.02 -61.64 -11.40 -12.95
conv16 410 -3.11 -10.36 -5.70 22.79
conv16 411 -5.70 -36.26 -14.50 -2.59
conv16 412 -33.15 -21.24 0.00 -11.91
conv16 413 -53.35 -35.22 -13.99 -10.36
conv16 414 1.55 -41.44 -19.68 -28.49
conv16 415 -11.40 -35.22 -17.09 -9.84
conv16 416 -15.02 -21.24 22.79 -49.73
conv16 417 -13.47 -18.65 60.08 -24.86
conv16 418 -31.08 -14.50 -9.32 -30.04
conv16 419 -20.20 -1.04 -15.02 -38.85
conv16 420 -21.75 -20.20 -16.57 -16.57
conv16 421 -33.15 -35.22 -4.14 -15.54
conv16 422 -8.29 -16.57 -13.47 -39.37
conv16 423 -23.83 -73.03 -12.43 -1.04
conv16 424 -19.16 -11.91 -18.65 -12.95
conv16 425 -5.70 -11.91 -27.45 -33.67
conv16 426 -17.61 -39.88 -14.50 -10.36
conv16 427 0.00 -29.01 -43.51 -15.02
conv16 428 -60.08 -27.97 0.00 -11.40
conv16 429 -30.04 -36.26 -7.77 -1.55
conv16 430 -26.42 -13.99 26.42 3.11
conv16 431 -23.83 -24.34 -9.32 0.52
conv16 432 -13.47 -25.38 -21.24 -0.52
conv16 433 -33.15 2.59 -7.77 -20.72
conv16 434 -42.47 -3.11 -18.65 -37.29
conv16 435 -31.08 -48.69 -7.25 -16.57
conv16 436 -13.47 0.00 -20.20 -41.96
conv16 437 1.04 -12.95 -16.06 -40.40
conv16 438 -34.19 -17.61 -17.61 -25.38
conv16 439 -14.50 -82.87 -15.02 -26.42
conv16 440 2.07 -58.01 -16.57 -22.27
conv16 441 -11.91 -33.15 -1.55 25.38
conv16 442 -17.09 -36.26 -17.61 -8.81
conv16 443 -8.81 -24.86 -10.36 -18.65
conv16 444 -20.72 41.44 -13.47 -20.20
conv16 445 -16.57 -19.68 -8.29 0.00
conv16 446 -22.79 27.97 -18.13 -19.68
conv16 447 -24.86 -42.47 -17.61 19.68
conv16 448 -21.24 -30.04 -17.09 2.59
conv16 449 -12.95 -5.70 -18.65 -33.15
conv16 450 -12.43 -36.78 25.90 -33.67
conv16 451 -21.75 -33.67 -19.68 -19.16
conv16 452 -47.65 -10.36 -13.99 -24.34
conv16 453 -22.27 -11.40 -8.81 37.29
conv16 454 -11.40 12.43 -9.84 -28.49
conv16 455 4.14 45.58 -5.18 19.68
conv16 456 -13.47 -9.84 -15.02 -37.81
conv16 457 -2.59 -58.01 -38.33 -31.60
conv16 458 -19.68 -23.83 -16.57 -8.29
conv16 459 -17.09 -65.26 -22.27 -18.65
conv16 460 -19.68 -71.48 -14.50 -19.68
conv16 461 -51.80 -12.43 -27.97 -18.13
conv16 462 -20.72 -16.57 21.24 8.81
conv16 463 -9.84 -8.29 -14.50 1.55
conv16 464 -24.34 -18.65 -21.75 -17.61
conv16 465 -16.57 -22.79 -19.68 -0.00
conv16 466 -20.20 -28.49 -13.47 -16.06
conv16 467 -5.70 -38.33 -32.11 0.00
conv16 468 -25.90 -34.70 -13.47 -5.70
conv16 469 -19.68 -7.25 -19.68 -9.84
conv16 470 -18.13 -40.92 -4.14 -1.55
conv16 471 -59.05 7.25 -47.65 -3.11
conv16 472 33.67 -50.76 -23.31 -19.16
conv16 473 -62.67 3.63 -16.57 -7.25
conv16 474 -18.13 -6.73 -12.43 -3.11
conv16 475 -30.04 -2.59 -16.57 -20.72
conv16 476 -11.40 -19.68 -10.88 2.07
conv16 477 -27.45 -6.22 -0.52 -19.16
conv16 478 -16.57 -49.72 -11.40 -3.11
conv16 479 0.00 -21.24 -35.22 -7.25
conv16 480 -18.65 -60.08 -8.81 -26.42
conv16 481 -17.61 -35.74 15.54 21.75
conv16 482 -37.81 8.29 -20.72 -20.72
conv16 483 -7.25 -3.63 -18.65 -29.01
conv16 484 -16.57 -2.07 -21.75 -9.32
conv16 485 -4.14 4.14 -4.14 -4.14
conv16 486 -29.01 18.65 -17.61 -17.09
conv16 487 -22.27 -32.11 -24.86 -2.07
conv16 488 -11.91 -9.84 -15.54 -36.26
conv16 489 -16.06 -33.67 -10.36 19.68
conv16 490 -9.32 -23.83 -18.13 -10.36
conv16 491 -7.25 -20.72 -15.54 -37.81
conv16 492 -19.16 -31.08 -4.14 19.68
conv16 493 -33.15 -49.72 -13.47 -11.40
conv16 494 12.43 -35.22 -31.60 -11.91
conv16 495 -29.01 32.63 -14.50 -32.11
conv16 496 -30.04 -23.31 -1.55 6.22
conv16 497 10.36 -22.79 -7.77 -26.42
conv16 498 -11.91 1.55 -30.56 -22.27
conv16 499 -42.99 -47.65 -8.29 -10.36
conv16 500 -64.23 -7.77 -7.25 -9.32
conv16 501 -24.86 -12.43 -18.13 -55.94
conv16 502 0.00 44.55 -11.91 -17.61
conv16 503 -19.68 -9.32 -27.45 -14.50
conv16 504 -36.78 -13.47 -9.84 -15.54
conv16 505 -38.85 -24.86 -11.40 -9.84
conv16 506 22.79 14.50 -24.86 -15.54
conv16 507 5.18 21.24 -17.09 -20.72
conv16 508 -13.47 -2.07 -6.22 -20.20
conv16 509 -29.01 -1.04 -20.20 -40.92
conv16 510 -27.45 1.04 -11.40 -15.54
conv16 511 3.63 8.29 -26.93 -21.24
