conv1 0 -1.73 0.03 1.71 3.71 5.31 9 -0.48 -0.53 2.03 4.25 5.86 517
conv1 1 -6.50 -6.50 -1.00 -1.00 -1.00 459 -6.50 -6.50 -1.00 -1.00 -1.00 19215
conv1 2 -0.23 -0.77 1.88 4.11 5.55 5 -0.50 -0.50 2.24 4.12 5.83 6
conv1 3 -0.17 -0.63 1.88 4.09 5.79 1108 -0.56 -0.11 1.75 3.90 5.47 1429
conv1 4 -0.50 0.00 2.50 4.27 5.59 4 -0.50 0.00 2.50 4.27 5.59 4
conv1 5 -0.47 -0.57 2.76 4.40 5.77 286 -0.34 -0.15 2.65 4.37 5.81 311
conv1 6 0.12 -0.32 1.60 3.58 5.43 267 -0.13 -1.11 1.68 4.13 5.87 219
conv1 7 -6.50 -6.50 -1.00 -1.00 -1.00 586 -6.50 -6.50 -1.00 -1.00 -1.00 18408
conv1 8 -6.50 -6.50 -1.00 -1.00 -1.00 19574 -3.59 -2.77 1.12 1.68 2.52 2
conv1 9 -0.03 -0.25 1.65 3.78 5.53 1308 0.16 -0.32 1.67 3.85 5.45 1952
conv1 10 -0.36 -0.49 2.02 4.01 5.52 722 -0.09 -1.05 1.56 3.63 5.60 359
conv1 11 0.12 -0.15 1.52 3.64 5.22 182 -0.07 -0.58 1.79 4.01 5.69 448
conv1 12 -1.58 -1.02 1.74 3.86 5.38 420 -0.54 -1.07 1.76 3.99 5.59 859
conv1 13 -0.55 -0.52 1.98 4.07 5.68 368 -0.12 0.53 1.38 3.39 5.03 571
conv1 14 -0.50 -0.50 2.00 4.00 5.66 349 -0.65 -0.44 1.85 4.03 5.67 199
conv1 15 -6.50 -6.50 -1.00 -1.00 -1.00 570 -6.50 -6.50 -1.00 -1.00 -1.00 18751
conv1 16 -0.53 -0.64 1.86 4.12 5.79 1508 0.29 -0.58 1.62 4.04 5.80 1609
conv1 17 -0.50 -0.50 2.83 4.47 5.83 205 -0.50 -0.50 2.83 4.47 5.83 153
conv1 18 0.55 -0.17 1.67 3.48 5.24 595 -0.33 -0.12 1.83 4.11 5.80 761
conv1 19 -6.50 -6.50 -1.00 -1.00 -1.00 609 -6.50 -6.50 -1.00 -1.00 -1.00 16439
conv1 20 -0.53 -0.51 2.21 4.16 5.67 5 -0.37 -0.31 2.35 4.29 5.82 5
conv1 21 -6.50 -6.50 -1.00 -1.00 -1.00 882 -6.50 -6.50 -1.00 -1.00 -1.00 604
conv1 22 -0.30 -0.64 1.81 3.97 5.62 1096 -0.52 -0.87 1.71 3.98 5.42 1768
conv1 23 -0.50 -0.50 2.00 4.12 5.66 211 -0.50 -0.50 2.00 4.12 5.66 317
conv1 24 -0.50 -0.50 1.00 2.24 4.12 375 1.21 -0.50 1.29 3.27 4.46 339
conv1 25 -1.14 0.96 1.50 2.88 4.44 676 -1.22 0.95 1.35 2.76 4.30 811
conv1 26 -0.48 -0.25 2.38 4.44 6.22 56 -6.50 -6.50 -1.00 -1.00 -1.00 19189
conv1 27 -0.55 -0.13 1.88 4.03 5.69 1490 -0.54 -0.35 2.04 4.12 5.58 2243
conv1 28 -0.72 -0.99 1.70 3.92 5.49 885 -0.28 -0.32 1.96 4.22 5.74 1339
conv1 29 -0.67 -0.66 1.85 4.01 5.67 191 -0.55 -0.59 2.06 4.20 5.92 780
conv1 30 -0.50 -0.50 2.00 4.12 5.66 439 -0.85 -0.53 1.70 3.92 5.89 690
conv1 31 0.88 1.17 0.92 3.39 4.68 13 -6.50 -6.50 -1.00 -1.00 -1.00 18484
conv1 32 -0.90 -0.73 1.82 4.02 5.62 628 -0.73 -0.82 1.80 4.00 5.61 358
conv1 33 0.31 0.35 1.47 3.25 5.26 1067 0.80 -0.14 1.45 3.37 4.70 1235
conv1 34 -0.25 -0.09 1.76 3.80 5.44 1108 -0.47 -0.36 1.86 4.14 5.73 886
conv1 35 -6.50 -6.50 -1.00 -1.00 -1.00 994 -6.50 -6.50 -1.00 -1.00 -1.00 747
conv1 36 -6.50 -6.50 -1.00 -1.00 -1.00 550 -6.50 -6.50 -1.00 -1.00 -1.00 19235
conv1 37 -6.50 -6.50 -1.00 -1.00 -1.00 597 -6.50 -6.50 -1.00 -1.00 -1.00 868
conv1 38 -0.02 -0.91 2.46 4.27 5.65 30 -0.09 -0.98 2.46 4.27 5.65 50
conv1 39 -0.55 -1.45 1.34 3.13 4.95 146 -6.50 -6.50 -1.00 -1.00 -1.00 18822
conv1 40 -6.50 -6.50 -1.00 -1.00 -1.00 1098 -6.50 -6.50 -1.00 -1.00 -1.00 628
conv1 41 -0.11 -0.04 1.59 3.90 5.80 516 0.34 -0.30 1.47 3.36 4.75 609
conv1 42 0.09 -0.21 1.91 4.04 5.60 8 -0.07 -0.58 2.12 4.12 5.69 10
conv1 43 -0.50 -0.50 1.41 4.00 5.83 240 -0.40 -0.76 1.67 3.91 5.77 324
conv1 44 -0.73 -0.10 2.02 4.24 5.84 10 -0.87 -0.24 2.06 4.19 5.75 37
conv1 45 -0.68 -0.06 1.77 4.13 5.85 31 -6.50 -6.50 -1.00 -1.00 -1.00 19250
conv1 46 -0.44 -0.08 2.51 4.51 6.10 177 -6.50 -6.50 -1.00 -1.00 -1.00 1486
conv1 47 -0.47 -0.95 2.51 4.56 6.00 329 -0.60 -0.76 2.45 4.29 5.79 297
conv1 48 -0.60 -0.34 1.91 4.06 5.75 651 -0.79 -0.35 1.88 4.06 5.77 864
conv1 49 -0.31 -0.62 2.04 4.28 6.04 7 -0.35 -0.64 2.04 4.27 6.03 7
conv1 50 -0.71 -0.82 1.82 4.15 6.01 264 -0.92 -0.92 1.63 4.19 5.81 227
conv1 51 -6.50 -6.50 -1.00 -1.00 -1.00 3878 -6.50 -6.50 -1.00 -1.00 -1.00 1048
conv1 52 -6.50 -6.50 -1.00 -1.00 -1.00 534 -6.50 -6.50 -1.00 -1.00 -1.00 554
conv1 53 -6.50 -6.50 -1.00 -1.00 -1.00 18691 -6.50 -6.50 -1.00 -1.00 -1.00 960
conv1 54 -0.76 0.23 1.75 3.81 5.47 478 -0.10 0.57 1.60 3.60 5.20 648
conv1 55 -0.74 -0.51 2.00 4.02 5.60 876 -0.88 -0.86 1.74 4.12 5.88 663
conv1 56 -0.53 -0.38 2.72 4.31 5.72 69 -0.53 -0.38 2.72 4.31 5.72 73
conv1 57 -0.71 -0.35 1.98 4.04 5.82 207 -0.26 -0.36 2.10 4.20 5.61 460
conv1 58 -6.50 -6.50 -1.00 -1.00 -1.00 521 -6.50 -6.50 -1.00 -1.00 -1.00 1032
conv1 59 -1.09 -0.55 2.49 4.19 5.67 30 -0.56 -0.38 2.37 4.28 5.76 28
conv1 60 -6.50 -6.50 -1.00 -1.00 -1.00 1771 -6.50 -6.50 -1.00 -1.00 -1.00 2498
conv1 61 0.38 -0.39 2.18 4.22 5.79 270 -6.50 -6.50 -1.00 -1.00 -1.00 3278
conv1 62 -0.15 -0.34 2.65 4.37 5.81 188 -0.15 -0.34 2.65 4.37 5.81 138
conv1 63 -0.64 0.23 1.88 4.17 6.09 1857 -0.90 0.20 1.74 3.98 5.73 1796
conv2 0 -6.31 7.82 8.97 15.37 22.50 1073 0.99 -1.33 11.85 19.33 26.04 3911
conv2 1 -0.50 0.79 5.23 11.24 16.33 72 -6.79 -3.46 6.99 15.47 23.35 596
conv2 2 -18.78 0.61 4.12 11.13 19.89 731 -0.80 -0.38 8.51 19.03 26.60 641
conv2 3 6.84 -0.86 6.69 14.93 21.23 115 -0.63 -0.76 8.95 20.00 28.30 298
conv2 4 -3.08 -1.11 10.70 20.59 27.99 840 0.36 5.57 6.56 15.41 24.06 4290
conv2 5 0.78 0.27 8.19 18.42 26.29 458 -0.43 -0.53 9.07 20.30 28.39 195
conv2 6 -0.35 -0.85 9.12 20.62 28.68 82 -0.56 -0.59 8.89 19.90 28.30 168
conv2 7 -0.72 -0.66 8.92 20.35 28.55 302 -0.44 -0.57 9.12 20.26 28.33 2368
conv2 8 -0.21 -8.10 7.20 16.10 23.28 95 -3.39 -4.34 7.16 16.45 25.19 631
conv2 9 -0.12 -0.01 7.64 17.57 25.85 3 -0.48 -0.48 9.07 20.26 28.42 312
conv2 10 0.20 -3.18 8.48 19.84 28.56 626 -5.52 3.84 7.00 16.48 25.37 2314
conv2 11 -3.98 1.77 6.75 18.28 26.48 7 -0.62 -1.01 8.23 18.86 26.50 32
conv2 12 -1.90 -5.14 8.61 18.67 26.67 84 -1.18 -0.07 8.35 18.56 26.65 993
conv2 13 -0.44 -0.56 9.03 20.28 28.43 666 -1.94 0.36 7.98 17.87 25.65 18
conv2 14 -7.45 -4.41 6.97 15.91 22.73 305 -0.67 -0.32 8.86 20.09 28.07 322
conv2 15 1.35 -0.00 10.98 21.11 29.02 1292 -1.82 0.89 6.61 17.05 26.15 877
conv2 16 0.49 -2.64 7.90 19.39 27.22 111 -0.23 2.21 6.83 15.67 23.95 164
conv2 17 0.17 0.25 12.26 21.58 28.35 1596 -4.42 1.29 8.43 18.71 27.63 1092
conv2 18 -1.07 -0.02 9.53 20.56 28.47 4555 1.57 -2.90 7.09 16.27 23.94 3019
conv2 19 -0.14 -1.55 8.71 19.39 27.62 3473 -2.95 0.24 7.17 18.00 25.98 1343
conv2 20 -2.12 0.25 8.18 18.59 27.84 705 0.49 -1.08 9.15 20.58 28.58 897
conv2 21 0.43 -2.09 7.96 17.97 25.19 2417 0.36 0.36 7.61 18.08 25.61 3821
conv2 22 -4.86 -9.65 5.11 12.31 18.94 12 -0.27 -0.21 8.96 20.25 28.25 186
conv2 23 -2.73 -6.94 6.62 15.00 22.22 20 -0.44 -0.45 9.06 20.22 28.32 141
conv2 24 -1.57 7.43 7.19 15.95 23.13 1574 -0.17 -1.59 8.13 18.46 26.12 1507
conv2 25 -1.05 -1.88 9.19 20.03 27.17 2494 4.06 2.62 6.15 15.21 25.37 1042
conv2 26 4.20 -1.22 6.60 15.63 24.94 15 -0.69 -0.96 8.68 19.64 26.73 1546
conv2 27 -1.10 1.03 7.75 18.26 26.83 1075 -1.69 3.80 6.11 15.30 23.31 1480
conv2 28 2.54 10.31 9.19 15.12 25.32 50 -0.37 -0.48 9.05 20.23 28.40 2252
conv2 29 -0.90 -2.65 7.68 18.54 26.50 631 -1.43 -1.56 8.01 17.91 25.78 291
conv2 30 1.70 -0.65 8.97 19.01 26.22 6 0.32 -1.42 8.18 17.94 25.79 34
conv2 31 -1.87 0.35 7.44 17.48 25.91 692 -1.65 -0.38 6.25 15.48 24.98 1430
conv2 32 0.75 -0.21 11.06 20.29 26.86 85 -0.52 -0.51 9.07 20.25 28.34 306
conv2 33 -5.85 1.89 7.73 16.57 22.83 21 -0.40 -0.54 9.11 20.25 28.36 15519
conv2 34 -0.96 -1.62 9.89 20.90 28.17 454 0.07 3.27 7.61 17.38 25.44 326
conv2 35 -3.65 -2.35 7.47 17.00 23.22 120 -1.31 2.99 8.01 18.31 26.92 445
conv2 36 0.56 -2.64 7.73 18.08 25.74 10 -0.57 -0.74 9.12 20.34 28.40 2691
conv2 37 3.49 0.97 8.11 18.76 25.99 270 -0.61 -0.86 9.26 20.82 28.72 2826
conv2 38 -0.16 0.80 10.96 20.75 28.32 3758 -0.97 -0.18 8.42 18.86 26.77 652
conv2 39 1.15 -4.63 5.72 13.26 19.78 1197 -0.67 -0.36 9.12 20.26 28.38 778
conv2 40 3.22 1.70 11.42 21.06 27.71 943 -0.85 -1.21 6.91 17.42 25.69 1198
conv2 41 -1.01 -0.69 9.49 20.36 28.51 723 3.34 -3.18 6.08 13.77 23.42 1886
conv2 42 -0.58 -2.31 8.87 18.81 26.01 60 1.31 -0.11 8.23 18.38 25.59 30
conv2 43 0.48 -11.83 5.67 13.55 20.89 41 -1.17 -0.48 8.86 18.67 25.80 500
conv2 44 0.66 -0.62 7.81 17.97 25.80 636 -0.60 -2.53 7.71 17.15 24.26 2003
conv2 45 -0.30 -1.36 9.34 20.57 28.68 8273 0.59 2.42 6.98 16.58 25.17 1710
conv2 46 5.71 -1.39 9.53 17.25 25.35 732 0.98 -0.23 7.58 17.88 25.36 870
conv2 47 -1.77 2.15 8.27 19.31 26.31 1399 -0.36 -3.04 6.15 14.57 22.94 1712
conv2 48 3.55 2.01 10.06 18.97 26.49 398 0.71 1.23 8.25 18.59 26.89 621
conv2 49 -3.27 3.55 7.48 17.23 26.08 348 -2.69 -1.74 8.76 19.05 26.26 571
conv2 50 -0.98 -0.21 8.10 17.71 24.88 514 -0.54 -0.33 9.08 20.38 28.42 4384
conv2 51 -0.03 -1.58 8.64 19.67 27.85 143 6.20 -2.98 7.49 16.89 25.33 2077
conv2 52 3.63 -3.64 7.92 18.46 26.47 809 2.98 1.16 8.19 19.19 26.79 1669
conv2 53 12.11 0.44 6.10 15.33 23.23 1969 -8.39 0.79 6.95 15.68 23.28 724
conv2 54 -4.59 -2.68 8.01 19.61 27.71 6 -0.79 -0.73 8.99 20.23 28.26 278
conv2 55 0.01 -0.57 8.54 19.43 28.46 8509 -0.46 -0.55 9.05 20.19 28.25 115
conv2 56 0.90 -0.84 7.92 19.86 28.08 190 0.35 -0.14 8.86 20.27 28.46 5279
conv2 57 2.07 12.17 5.85 14.24 22.76 881 -0.47 -1.11 8.92 20.10 28.27 3471
conv2 58 -0.50 -0.85 8.74 20.33 28.12 326 -2.38 3.39 7.18 16.50 23.76 1173
conv2 59 -1.95 -0.99 9.65 21.73 29.17 3706 1.44 4.38 7.18 16.10 23.27 2252
conv2 60 4.20 -0.68 7.79 18.05 26.26 727 0.15 -0.02 8.60 18.67 26.08 1294
conv2 61 5.15 0.47 7.71 17.59 26.14 60 -0.58 -0.29 9.92 20.83 28.66 3309
conv2 62 0.94 -1.36 8.83 20.67 28.50 4044 -3.91 -1.04 8.21 18.64 27.81 174
conv2 63 0.87 0.46 12.27 21.99 29.33 3091 -5.32 -2.70 7.40 16.63 24.48 2530
conv2 64 -0.31 -0.58 9.02 20.42 28.40 4853 -4.27 5.58 5.55 12.46 19.92 1966
conv2 65 1.85 -4.79 7.76 17.93 27.40 101 -3.06 2.44 8.11 17.83 26.01 1887
conv2 66 -1.36 0.32 8.60 19.86 27.20 374 0.29 0.52 7.87 18.23 26.71 1463
conv2 67 -0.31 -0.62 9.38 20.58 28.33 1228 -0.32 3.98 6.33 15.27 22.66 1365
conv2 68 -0.13 -1.18 8.73 19.53 27.34 919 -3.78 2.61 7.28 16.36 27.36 1511
conv2 69 -0.49 0.63 9.05 19.61 26.81 1121 -1.38 -1.98 8.21 18.72 27.26 2467
conv2 70 -0.43 -0.10 8.94 20.25 28.52 1525 3.44 -1.63 6.23 14.77 21.25 1033
conv2 71 -4.30 -16.26 5.08 13.00 20.30 1193 0.02 1.52 7.85 18.03 26.52 2489
conv2 72 -0.01 -4.49 8.08 17.34 24.62 720 -0.12 -0.55 8.73 19.40 26.40 1510
conv2 73 -2.22 -0.82 10.62 21.34 29.02 2793 3.09 -0.39 7.51 17.42 26.02 2093
conv2 74 1.10 -0.97 6.11 14.26 20.19 56 -0.60 -0.15 9.68 20.49 28.57 17006
conv2 75 -3.36 0.47 8.12 19.06 26.69 2087 0.84 -0.42 7.54 17.47 25.71 2057
conv2 76 0.12 -3.22 9.39 19.73 26.85 1988 0.54 -3.03 6.12 16.02 24.33 1254
conv2 77 -0.30 -0.23 8.81 20.00 27.68 652 -0.03 -0.18 9.04 20.42 28.03 2218
conv2 78 -2.31 -1.46 10.54 21.14 29.38 1128 0.86 0.07 6.96 15.99 24.68 1960
conv2 79 -1.68 0.96 10.98 21.10 29.60 1412 1.90 -2.35 6.29 17.48 27.67 1017
conv2 80 -0.12 -4.79 8.75 18.96 26.34 2034 -1.07 0.93 7.01 16.44 23.68 2292
conv2 81 -2.21 -4.87 7.14 16.20 25.71 24 -0.78 -0.55 8.97 20.04 28.09 96
conv2 82 -2.22 2.50 7.78 18.39 27.48 1955 -0.32 -1.29 7.23 17.38 25.06 1804
conv2 83 -4.28 -0.99 8.17 18.19 25.37 885 -4.71 -1.65 7.80 16.99 24.73 1290
conv2 84 -0.52 0.24 8.49 18.51 25.91 92 3.37 0.41 8.22 18.87 26.89 1638
conv2 85 -4.08 -1.18 8.74 17.87 25.51 50 -1.57 0.62 8.45 18.87 26.68 666
conv2 86 0.78 -4.16 7.37 16.81 25.08 1679 3.27 -2.27 5.52 16.44 23.93 1667
conv2 87 -1.28 1.91 8.64 19.78 27.90 2901 0.10 -3.06 8.45 18.66 27.49 3791
conv2 88 -6.58 -2.99 6.94 15.79 22.79 984 0.04 -0.63 9.22 19.44 26.65 1803
conv2 89 0.60 4.48 7.14 17.00 24.60 329 -0.60 -0.38 8.81 20.12 28.51 3264
conv2 90 0.64 -1.70 7.96 17.83 25.29 55 -1.10 -2.11 8.41 18.48 26.72 898
conv2 91 2.27 -2.40 8.23 18.43 27.08 163 -1.64 -3.91 8.59 17.87 25.25 313
conv2 92 -1.33 -1.96 11.59 22.18 29.12 1651 -0.18 1.12 6.76 15.67 23.85 1695
conv2 93 -2.69 -0.15 8.78 19.75 27.55 16 -0.53 -0.49 9.08 20.26 28.35 226
conv2 94 6.21 -0.74 7.52 15.44 24.21 876 1.56 1.59 7.91 18.26 25.48 3068
conv2 95 2.34 0.11 7.41 16.78 24.10 875 -1.86 1.19 6.87 17.64 27.90 1733
conv2 96 -4.40 3.42 9.17 19.29 27.39 857 -3.62 -2.49 6.20 14.28 22.79 777
conv2 97 -3.45 -3.79 8.35 18.46 27.29 120 0.37 2.76 8.21 18.90 27.07 1342
conv2 98 -2.20 -0.60 8.09 18.66 26.44 506 -0.45 2.78 7.69 17.20 24.40 1390
conv2 99 -7.09 -0.72 6.75 15.15 21.71 473 -0.87 -0.48 8.90 20.12 28.52 1963
conv2 100 0.70 2.12 7.94 18.43 27.29 209 1.62 0.33 8.35 17.89 25.47 485
conv2 101 -0.42 4.37 7.11 16.93 24.25 129 -0.21 -0.34 8.94 20.14 28.27 437
conv2 102 1.92 4.26 5.85 13.87 22.58 622 -3.12 2.52 7.88 17.67 25.79 1286
conv2 103 -0.65 -2.50 8.40 20.03 27.38 1134 -3.42 2.60 5.19 12.23 19.81 2205
conv2 104 -2.40 1.24 7.56 17.30 23.81 290 0.15 0.97 8.42 18.04 27.56 1088
conv2 105 -1.13 -1.38 8.70 19.30 26.68 3502 -1.72 1.37 8.71 18.88 27.16 4230
conv2 106 -4.95 -4.02 7.44 16.41 23.47 73 -0.13 -0.42 9.02 20.22 28.28 496
conv2 107 -0.73 -1.44 8.23 19.43 27.03 1031 -0.79 -0.32 10.33 20.16 27.76 1622
conv2 108 -3.79 0.54 6.61 15.21 22.40 269 -0.08 -1.02 8.79 19.93 28.21 356
conv2 109 0.74 -1.89 14.79 22.56 28.93 593 -2.98 2.85 7.66 17.73 26.13 201
conv2 110 -1.26 -1.33 7.10 16.93 27.87 10 -0.27 -0.45 9.00 20.33 28.49 17092
conv2 111 0.44 1.83 6.00 13.65 22.62 99 -0.50 -3.80 7.70 17.21 24.01 726
conv2 112 1.91 1.99 7.84 18.42 26.13 16 -0.49 -0.53 9.07 20.25 28.34 3683
conv2 113 -0.21 -1.85 9.31 19.72 27.20 443 0.01 1.83 8.20 19.54 28.24 1353
conv2 114 0.61 0.42 9.08 18.45 25.32 4 1.48 0.64 8.81 18.35 25.35 21
conv2 115 -0.18 -0.62 9.20 20.53 28.27 386 2.77 -1.12 5.38 12.69 19.05 1547
conv2 116 -5.34 -6.85 6.95 14.81 22.72 61 1.85 -0.54 6.65 15.82 23.24 333
conv2 117 3.15 -1.01 8.41 18.53 26.43 504 -0.61 -0.55 9.10 20.30 28.40 509
conv2 118 0.00 1.79 7.71 18.21 28.15 324 -0.47 -0.49 9.08 20.27 28.35 939
conv2 119 4.43 -1.94 7.94 17.95 26.36 434 0.51 -0.16 8.42 19.07 26.04 838
conv2 120 -0.69 0.96 8.55 19.09 26.75 53 -2.09 0.15 7.77 17.85 24.87 266
conv2 121 -0.15 -0.68 8.95 20.30 28.26 149 -0.47 -0.29 9.06 20.41 28.47 1333
conv2 122 -0.57 -0.72 9.20 20.44 28.44 538 -0.90 -0.39 8.85 19.85 28.01 111
conv2 123 -0.86 0.65 12.73 22.29 29.46 3189 1.53 -4.46 6.76 15.25 24.05 1007
conv2 124 18.44 4.99 3.87 9.56 18.20 723 -1.30 -0.63 9.15 20.22 28.20 1485
conv2 125 -0.95 -0.26 9.14 21.13 28.02 2313 -0.42 -0.55 9.10 20.18 28.27 271
conv2 126 -0.57 -0.11 8.93 20.46 28.51 97 -0.27 -0.69 8.93 20.19 28.31 1133
conv2 127 1.18 2.62 8.98 18.54 25.34 347 -2.22 1.45 7.86 18.33 26.71 647
conv2 128 -1.03 0.40 9.59 21.10 29.06 1152 3.61 -0.75 6.94 16.49 25.34 23
conv2 129 1.35 -0.56 8.94 20.00 27.02 2997 -0.48 0.16 10.03 21.07 28.80 1825
conv2 130 -0.27 -0.96 9.11 20.66 28.64 2075 -0.73 0.52 8.12 18.28 25.61 32
conv2 131 -0.03 3.55 7.81 19.44 27.88 1074 1.40 -6.93 6.70 16.70 25.89 1394
conv2 132 -12.26 -1.71 6.21 14.11 22.79 1419 11.88 0.95 6.13 14.56 23.82 2340
conv2 133 10.11 -3.88 5.65 12.84 21.83 657 -1.11 -0.45 9.08 20.23 28.49 2616
conv2 134 -4.65 -4.69 9.66 18.87 27.55 2314 -0.74 -0.41 8.98 20.18 28.22 340
conv2 135 5.94 -5.44 6.53 14.97 21.28 634 -0.28 -1.69 9.18 19.08 26.20 1366
conv2 136 -1.54 -4.51 8.25 18.43 27.32 8 -3.35 -0.72 8.30 18.10 26.34 15
conv2 137 0.89 0.47 8.19 18.22 26.08 382 0.10 -1.86 8.36 18.56 26.08 806
conv2 138 -1.69 0.50 8.71 19.71 26.74 774 7.04 -0.50 6.93 15.94 23.14 587
conv2 139 -0.64 -0.68 9.25 20.47 28.37 1938 -0.93 -1.36 8.90 19.75 28.65 1377
conv2 140 3.32 2.97 7.53 16.37 25.32 65 0.50 -5.13 7.58 18.68 26.70 398
conv2 141 0.67 -4.64 7.42 18.74 27.85 781 0.47 0.30 8.59 18.48 25.75 2113
conv2 142 -6.36 4.16 7.39 19.11 29.92 1940 5.25 -2.22 7.36 17.10 25.99 1699
conv2 143 1.01 -0.48 7.51 18.13 25.68 185 -2.43 1.08 9.39 20.00 28.21 764
conv2 144 1.06 -5.94 6.93 18.10 29.83 1547 1.03 3.34 8.74 18.50 27.13 1726
conv2 145 -2.00 -3.73 9.12 21.16 29.61 3116 -0.06 -0.18 8.71 19.99 28.13 416
conv2 146 6.37 -1.38 3.64 9.20 14.95 7 -0.38 -0.53 9.07 20.32 28.42 467
conv2 147 -2.44 9.20 6.93 16.06 23.53 719 -5.74 0.71 6.90 16.13 25.32 801
conv2 148 -0.34 -0.26 8.88 19.87 27.89 272 0.76 -0.50 7.04 15.47 23.46 1816
conv2 149 3.98 -5.34 7.48 17.09 26.75 14 -0.54 -0.32 9.06 20.36 28.46 16672
conv2 150 -0.60 -1.66 7.99 18.21 26.21 66 -0.07 -1.16 8.58 19.04 26.56 31
conv2 151 -0.86 -0.44 8.95 20.40 28.58 942 0.54 -7.28 6.65 16.43 23.97 1423
conv2 152 0.01 -0.94 8.57 19.42 27.56 619 -2.77 2.50 7.04 16.30 24.45 1524
conv2 153 0.28 0.84 7.66 18.06 26.25 365 -2.94 4.84 7.06 16.16 23.19 1337
conv2 154 -1.30 -0.33 8.18 19.59 27.63 2157 -0.32 -0.38 9.06 20.23 28.33 348
conv2 155 -0.85 -6.73 7.39 17.97 25.63 961 -3.08 0.19 7.51 17.68 25.42 1726
conv2 156 -0.42 -0.51 9.97 20.86 28.62 6236 -0.07 -1.72 7.93 17.79 24.67 19
conv2 157 -4.52 0.24 7.01 15.84 24.74 13 -0.99 3.65 7.87 17.92 25.06 17
conv2 158 6.39 -14.22 5.16 11.92 18.59 9 -0.11 -0.07 8.81 20.06 27.85 55
conv2 159 -0.27 1.84 5.72 14.47 23.74 129 0.28 1.09 8.50 17.96 27.87 573
conv2 160 0.22 -0.35 9.47 20.86 28.69 8739 -0.22 -2.23 7.07 15.38 23.22 2359
conv2 161 -0.40 -1.04 10.20 21.25 28.72 476 -0.42 -0.51 9.07 20.23 28.37 315
conv2 162 -3.58 -0.26 13.60 21.72 28.42 193 -0.58 -0.29 8.03 18.63 26.71 597
conv2 163 1.98 -2.61 7.52 18.68 25.58 1013 -1.41 5.80 5.70 13.25 20.09 1247
conv2 164 -0.59 0.04 8.92 20.64 28.67 576 -4.48 -4.80 6.04 13.85 21.09 1783
conv2 165 -2.88 1.58 11.75 21.07 27.88 8311 -0.40 -0.56 9.10 20.20 28.29 836
conv2 166 -0.57 -0.63 9.08 20.21 28.37 1820 -0.40 2.17 6.61 14.69 21.54 1995
conv2 167 4.19 -1.47 7.99 17.57 25.96 541 1.50 -1.18 7.75 17.39 25.63 1573
conv2 168 -4.17 -1.75 7.14 16.51 23.99 583 -0.93 0.36 8.57 18.06 24.71 2415
conv2 169 2.85 -1.77 8.01 18.17 26.92 417 -0.52 0.50 9.00 20.14 28.28 754
conv2 170 1.63 -4.28 7.81 16.96 24.10 1273 -0.24 1.99 7.78 17.72 25.07 1706
conv2 171 -0.68 2.22 8.42 20.48 29.17 9314 1.29 -2.22 8.12 18.85 27.04 1506
conv2 172 -1.82 8.31 6.75 15.20 22.30 37 -0.53 -0.43 9.10 20.27 28.39 293
conv2 173 -0.43 -0.46 9.20 20.34 28.35 308 1.92 2.77 6.98 16.00 23.77 2230
conv2 174 -0.51 -0.36 9.06 20.24 28.40 102 -0.82 -0.56 8.89 20.09 28.25 5167
conv2 175 -1.34 0.58 8.72 19.89 28.13 1514 -0.51 -2.71 8.19 18.40 25.68 1380
conv2 176 -0.45 -1.03 8.47 21.49 27.87 8 -0.74 -0.55 9.03 20.18 28.42 145
conv2 177 -4.56 13.86 5.46 13.16 22.21 420 -0.44 -2.33 8.72 20.06 28.66 970
conv2 178 -1.88 -5.07 7.10 16.95 26.25 592 -1.42 -2.08 7.61 17.37 24.99 250
conv2 179 -7.81 10.21 6.36 16.54 31.25 1969 0.16 -7.28 6.68 15.01 23.08 2503
conv2 180 -1.93 -0.44 6.93 18.51 26.43 5 -0.37 -0.02 8.79 20.08 27.88 80
conv2 181 0.28 -1.00 8.17 19.33 27.07 310 -1.04 -1.22 8.76 19.87 28.34 3763
conv2 182 -5.09 -1.16 8.73 17.59 25.17 1406 3.28 0.94 8.48 18.92 27.39 1700
conv2 183 -0.75 -1.07 8.64 20.75 28.82 2600 1.35 -0.21 7.75 17.33 25.14 500
conv2 184 -1.15 -0.10 9.60 18.87 25.45 6 -0.24 0.06 7.74 17.71 25.70 11
conv2 185 -0.60 -3.07 8.50 19.91 28.20 2384 -2.94 5.10 7.75 18.37 25.57 2397
conv2 186 -3.31 0.27 11.75 20.24 27.22 439 4.30 -4.89 7.06 16.24 25.03 897
conv2 187 -0.46 -1.00 8.82 20.25 28.20 438 2.75 5.49 7.66 17.25 26.20 2822
conv2 188 -4.80 0.91 7.17 18.29 26.66 1703 -3.70 -1.40 7.90 17.10 25.02 1856
conv2 189 -1.58 -1.53 12.08 19.94 26.17 871 -0.09 -1.15 9.33 19.59 26.51 1356
conv2 190 0.13 0.88 9.79 19.99 26.88 50 1.88 -0.49 7.53 17.55 25.25 698
conv2 191 -0.38 -0.36 8.79 19.81 27.56 87 1.04 -3.47 6.82 15.42 22.00 6059
conv3 0 0.19 0.07 17.87 37.89 50.38 401 0.03 -1.77 18.35 39.26 54.62 2677
conv3 1 8.96 -12.92 16.59 36.29 57.51 537 -2.40 0.19 17.33 38.97 54.44 4211
conv3 2 18.54 -18.44 10.25 24.52 38.05 9 -1.90 0.55 17.38 39.13 54.92 3423
conv3 3 2.29 10.47 22.10 36.30 49.44 4910 0.92 -1.69 16.48 36.81 51.31 38
conv3 4 3.46 -3.36 12.01 26.83 40.11 14 -0.09 -0.57 17.39 39.36 55.19 3563
conv3 5 14.53 9.48 13.02 27.46 40.60 183 4.77 -2.79 16.32 35.39 49.27 1509
conv3 6 -2.98 0.17 19.99 29.85 43.59 57 -0.35 -0.93 17.53 39.49 55.32 589
conv3 7 -0.72 1.43 13.91 35.29 51.48 300 -4.25 0.91 15.32 34.27 49.90 2826
conv3 8 5.55 22.20 11.99 26.40 42.95 129 2.39 -1.26 16.54 36.51 50.00 3080
conv3 9 -0.22 17.91 5.56 12.90 23.00 11 -1.04 -2.42 17.35 37.34 53.19 39
conv3 10 -8.88 -13.22 14.72 33.33 54.32 5 -1.72 3.40 16.14 35.85 51.39 2815
conv3 11 -9.78 -0.84 14.68 33.75 50.56 383 -5.52 -1.94 15.35 34.90 49.58 2008
conv3 12 9.17 12.17 9.36 22.88 39.04 10 -0.39 -0.53 17.73 39.91 55.32 5069
conv3 13 3.68 7.62 14.05 31.83 46.74 82 1.58 -1.08 16.12 37.01 51.58 754
conv3 14 7.14 6.83 7.48 18.56 31.22 165 -0.34 -0.72 17.51 39.47 55.23 3268
conv3 15 16.72 -12.09 13.85 28.34 46.43 600 -2.09 1.11 15.56 34.22 49.11 787
conv3 16 -2.34 -2.72 17.77 41.22 54.90 828 0.70 2.48 17.13 38.11 54.49 3060
conv3 17 -17.75 -7.64 10.91 21.34 32.19 24 1.90 4.23 15.69 35.16 49.10 2140
conv3 18 -3.14 -4.47 12.39 28.56 41.41 95 0.03 -0.56 17.20 39.20 55.27 3214
conv3 19 0.49 0.59 14.83 35.51 49.63 836 0.48 1.25 16.57 37.58 52.25 379
conv3 20 -7.03 -7.71 20.53 35.43 48.83 2674 -1.06 9.69 15.82 35.52 51.31 1113
conv3 21 -10.95 13.88 12.14 28.17 54.34 1824 -3.69 -16.47 13.61 32.09 48.19 2860
conv3 22 -2.54 6.03 15.38 34.14 51.76 220 1.61 -2.15 14.87 32.89 49.81 1964
conv3 23 -0.55 2.57 19.24 37.07 51.14 69 -1.02 3.80 15.84 33.01 48.01 3231
conv3 24 -1.25 4.93 13.99 33.38 48.72 1001 -1.79 -0.32 14.33 32.26 46.59 100
conv3 25 -4.19 -1.58 17.74 37.09 52.77 1017 -0.38 -2.05 15.79 37.29 53.86 659
conv3 26 -1.33 -0.15 19.63 40.93 55.79 6685 3.35 -3.36 14.41 33.42 53.85 29
conv3 27 0.66 -0.90 15.22 34.25 54.13 114 -7.27 -3.95 14.40 32.38 49.11 1999
conv3 28 -0.97 2.50 25.19 42.66 56.52 1922 5.01 -7.23 12.57 27.89 39.98 4457
conv3 29 -5.19 16.48 19.63 38.65 54.22 654 -1.87 -3.46 16.88 37.58 53.87 2998
conv3 30 -3.66 -9.27 16.97 33.80 50.66 199 1.28 1.21 17.37 38.31 53.13 4975
conv3 31 1.19 -8.15 25.70 43.19 55.61 2967 4.09 8.99 10.43 23.24 32.49 3170
conv3 32 -6.21 23.45 10.71 26.60 44.64 23 0.27 -0.32 17.40 39.13 55.15 6338
conv3 33 1.81 -19.26 13.10 28.33 43.54 9 -2.36 -1.80 17.01 38.23 53.08 740
conv3 34 10.64 17.07 10.98 26.24 41.77 175 0.02 -1.51 17.26 38.11 53.46 2894
conv3 35 -7.93 6.87 17.37 37.58 53.97 2791 9.10 -0.72 12.23 28.80 42.97 2427
conv3 36 2.58 -0.25 16.48 36.92 52.91 314 6.36 -5.33 15.06 33.12 46.67 535
conv3 37 3.35 -4.08 13.74 31.84 47.23 434 -5.28 -2.02 14.22 31.88 47.56 39
conv3 38 0.93 2.48 6.15 14.21 24.58 13 -0.46 -2.96 16.33 36.67 50.97 138
conv3 39 1.95 -1.56 18.53 38.48 52.08 365 -2.45 -5.44 14.73 34.25 48.02 2160
conv3 40 -0.50 -19.00 4.92 11.24 18.12 2 0.07 -0.71 18.14 39.67 55.02 9001
conv3 41 -0.71 -1.13 14.46 34.65 50.43 18 0.12 1.08 17.68 39.42 54.54 2098
conv3 42 -8.68 -12.70 10.04 25.38 47.89 66 2.44 1.93 16.40 37.93 54.02 879
conv3 43 -10.27 -17.82 20.64 36.63 54.63 167 -1.87 -0.58 15.40 34.14 48.38 2425
conv3 44 1.95 -7.67 16.83 36.79 53.58 147 1.02 -0.52 16.28 36.98 50.13 777
conv3 45 2.07 -12.24 14.69 31.92 46.51 315 -0.43 -0.68 18.02 39.64 55.25 2749
conv3 46 7.64 -7.35 15.82 38.64 55.74 376 -2.69 -3.89 15.42 35.49 50.32 2439
conv3 47 -0.50 9.32 22.01 32.56 39.14 54 0.52 -1.58 16.05 36.19 50.50 961
conv3 48 -17.67 17.03 14.81 29.17 49.42 304 1.60 -1.05 16.08 36.12 50.89 967
conv3 49 0.88 0.67 17.12 38.93 54.28 2834 2.59 0.78 15.30 34.84 50.28 34
conv3 50 -19.50 -5.39 5.12 11.31 17.62 9 -1.48 -5.45 16.08 36.44 52.64 26
conv3 51 1.74 24.26 9.98 23.52 36.48 10 1.31 -1.96 15.63 35.40 51.01 48
conv3 52 -0.64 -2.14 8.03 22.55 33.35 356 -0.58 -0.36 19.01 39.97 55.42 3330
conv3 53 3.66 -13.90 14.90 33.84 51.62 1663 0.63 4.91 15.33 34.28 47.85 100
conv3 54 -10.43 -12.66 11.24 27.09 44.92 393 -0.34 -0.36 17.84 39.63 55.18 3198
conv3 55 13.55 0.72 10.30 27.04 40.00 17 -0.43 -0.48 17.50 39.56 55.24 3602
conv3 56 19.18 1.51 6.32 14.81 21.94 13 -5.10 -0.30 14.88 34.40 53.76 32
conv3 57 3.67 -18.35 11.86 24.78 36.83 67 -0.27 -0.56 17.43 39.28 54.61 2158
conv3 58 9.87 3.71 14.37 32.96 49.83 44 -2.72 -2.98 15.43 34.93 50.64 1642
conv3 59 -0.59 -0.68 27.51 43.54 56.81 475 -2.03 -2.37 16.61 37.75 52.93 36
conv3 60 -6.74 4.39 18.25 36.59 52.13 785 4.73 1.59 14.52 35.35 52.32 2544
conv3 61 -1.22 10.77 12.08 28.76 47.38 1238 -0.64 -0.90 17.45 39.34 55.24 2274
conv3 62 6.15 -18.38 16.94 31.88 47.78 6 -0.82 5.27 15.77 34.85 47.87 7254
conv3 63 1.97 -3.22 11.31 27.29 39.53 5 -1.56 0.16 17.28 39.10 54.66 7005
conv3 64 -1.63 -2.11 15.19 29.17 41.46 2527 1.46 -2.78 16.09 37.52 51.44 850
conv3 65 -1.14 -5.95 7.29 16.63 32.74 10 -0.45 -0.42 17.53 39.35 55.22 14009
conv3 66 -1.31 11.92 15.40 34.63 54.31 631 -5.34 0.66 15.95 35.56 52.09 518
conv3 67 -4.09 -4.10 5.44 14.27 22.20 15 -0.53 -0.51 17.49 39.40 55.21 4455
conv3 68 -10.53 -11.41 15.47 32.10 48.74 16 -2.68 -4.44 15.71 35.48 49.35 38
conv3 69 -5.09 5.31 14.41 33.94 50.72 4 -0.97 -0.67 17.55 39.31 54.90 1067
conv3 70 1.68 2.51 12.22 29.08 44.11 44 -0.27 1.08 17.17 37.96 51.49 1156
conv3 71 2.43 -5.16 15.61 36.78 51.86 2723 3.49 5.78 16.07 35.21 52.55 3565
conv3 72 -0.21 19.71 19.66 33.60 46.26 584 -0.33 4.03 16.15 35.72 50.09 3230
conv3 73 -5.06 -7.23 16.49 34.17 48.59 17 2.99 2.88 16.80 37.49 52.55 308
conv3 74 8.11 -0.32 19.50 34.05 47.10 137 -1.06 -0.98 16.41 36.59 51.74 2516
conv3 75 -1.83 -0.47 18.68 39.50 52.45 524 7.25 3.60 13.34 30.77 50.11 207
conv3 76 0.47 -4.39 26.84 43.62 57.48 1032 0.92 5.16 15.40 35.62 51.93 3304
conv3 77 1.23 -3.53 9.41 34.66 51.87 74 0.86 -5.61 15.23 34.80 50.89 2247
conv3 78 -0.30 0.63 24.95 41.71 55.97 3843 -5.93 2.05 14.30 31.47 48.51 545
conv3 79 2.61 3.49 17.55 36.30 51.55 909 -4.88 0.76 15.98 36.16 52.60 1983
conv3 80 8.09 -12.01 14.10 31.00 43.07 47 -7.18 3.07 15.78 35.39 50.29 66
conv3 81 12.92 3.83 9.94 23.93 38.62 23 -0.84 -1.12 17.32 39.02 54.84 1694
conv3 82 -0.41 3.46 10.73 25.07 43.01 464 -0.66 -1.44 17.96 39.70 55.30 724
conv3 83 -0.46 -0.25 17.26 38.77 54.65 325 1.58 -3.04 11.30 25.58 38.14 3459
conv3 84 -3.05 -5.68 16.85 34.53 49.72 458 7.28 -6.35 14.18 32.56 46.59 3845
conv3 85 -0.82 32.84 8.67 21.04 35.33 3 -4.74 -2.13 16.12 36.62 52.52 3759
conv3 86 -5.25 -19.83 9.70 22.75 42.04 113 -0.64 0.04 17.40 39.24 55.18 6056
conv3 87 -16.96 -11.31 13.33 33.50 56.20 4857 13.42 9.60 12.89 29.52 41.92 3478
conv3 88 7.08 8.41 4.71 10.62 17.58 151 0.33 0.03 17.81 39.18 54.52 5436
conv3 89 3.51 1.39 17.39 36.43 51.48 2862 -3.22 -0.39 16.01 37.07 55.29 346
conv3 90 -0.52 7.51 16.50 34.72 48.84 260 -0.61 -1.69 14.98 33.89 50.31 80
conv3 91 11.08 -8.28 13.01 31.56 49.34 242 1.20 2.54 16.37 36.68 53.75 1922
conv3 92 18.35 -8.36 12.55 29.01 45.26 1077 -12.29 2.00 13.96 31.50 46.92 1924
conv3 93 -0.67 -2.94 11.50 26.45 38.73 23 -0.28 -0.64 18.34 39.69 55.31 4705
conv3 94 2.72 -22.64 12.19 31.57 46.45 1341 7.30 -0.33 14.98 35.70 50.51 2464
conv3 95 5.06 1.22 16.96 36.15 52.04 1176 4.44 4.98 17.36 37.37 54.15 312
conv3 96 -0.90 1.28 17.01 39.10 54.94 2821 5.04 -5.06 9.85 21.83 33.29 2258
conv3 97 -2.62 0.27 15.49 36.15 52.10 19 -2.14 -1.12 16.71 37.90 52.93 457
conv3 98 -50.50 -50.50 -1.00 -1.00 -1.00 0 -0.09 -0.33 17.91 39.62 55.35 6483
conv3 99 -4.20 -5.05 8.35 21.59 36.29 74 -0.52 -0.43 17.45 39.25 55.25 1075
conv3 100 -6.99 -2.01 17.69 35.51 47.58 763 -10.17 -5.78 12.73 29.84 42.42 1257
conv3 101 0.10 -12.79 16.07 33.72 51.68 150 1.42 -2.92 15.29 34.72 50.04 3744
conv3 102 2.44 5.22 14.64 36.33 50.99 395 -4.13 6.64 14.31 32.16 44.67 829
conv3 103 -5.72 -7.25 14.23 34.13 47.45 2134 -3.65 12.32 12.96 30.80 47.40 476
conv3 104 2.58 12.42 9.96 24.99 42.83 50 -0.96 -0.20 17.71 39.45 55.14 6262
conv3 105 3.49 -5.98 23.61 40.14 53.84 1033 -6.05 -2.33 16.10 35.91 52.07 2885
conv3 106 13.28 -7.35 16.66 31.38 45.86 806 -8.16 -1.18 15.66 35.13 49.82 2551
conv3 107 -22.75 -5.74 9.95 24.70 39.47 1663 2.98 0.15 14.66 33.80 47.11 2997
conv3 108 2.03 -11.25 9.09 22.03 34.30 75 -0.78 0.46 17.30 39.45 55.25 5632
conv3 109 4.46 -4.70 24.40 39.33 50.63 1067 0.15 0.05 15.61 35.05 53.02 2468
conv3 110 5.40 0.30 9.43 21.54 34.25 127 -1.20 -0.05 17.50 39.38 55.25 3093
conv3 111 -0.62 4.11 8.53 20.04 32.62 52 -0.45 -0.60 18.54 39.96 55.42 5652
conv3 112 3.19 0.34 15.08 36.20 50.96 206 4.91 0.40 16.16 37.10 53.13 2580
conv3 113 6.55 -24.16 9.66 22.45 36.63 273 -3.72 3.62 16.66 38.17 54.10 3959
conv3 114 -8.31 5.82 13.02 30.78 46.12 75 0.31 -6.30 15.91 35.85 51.25 4139
conv3 115 7.78 -10.64 11.02 25.39 41.66 126 -1.30 0.87 16.61 37.40 52.69 3897
conv3 116 0.36 -4.01 17.99 37.93 53.73 719 2.74 4.33 16.80 36.64 52.16 2233
conv3 117 0.29 0.22 16.63 37.36 50.98 627 3.30 7.05 13.02 30.65 49.53 2993
conv3 118 0.23 -8.99 19.06 36.95 50.54 3963 -1.75 -16.02 14.76 35.24 54.30 378
conv3 119 -1.45 -7.13 15.97 34.59 52.58 160 -1.83 -4.40 15.97 34.76 52.50 1197
conv3 120 13.05 -4.46 11.90 32.84 52.17 532 0.44 -2.11 16.67 35.54 48.66 1190
conv3 121 10.17 -19.05 9.82 18.34 23.44 3 -0.55 -0.32 17.61 39.43 55.20 4968
conv3 122 -1.03 1.65 27.56 43.35 57.01 11246 -6.97 -5.12 13.56 30.23 43.01 1430
conv3 123 8.73 -22.75 11.87 26.44 41.67 1752 -1.22 1.43 16.58 37.92 53.77 433
conv3 124 3.33 -19.73 9.73 22.09 31.61 34 -0.26 -0.57 17.79 39.41 55.18 656
conv3 125 -0.12 21.53 15.44 33.16 47.95 94 -1.21 0.04 16.42 35.72 48.78 1628
conv3 126 -11.43 2.52 14.96 32.52 52.01 170 0.90 -7.90 14.28 32.50 50.06 2017
conv3 127 1.92 16.91 13.85 31.87 47.58 23 -0.61 -1.14 16.19 36.20 49.30 3408
conv3 128 -0.21 -1.45 9.03 25.04 38.71 190 -0.11 -0.56 17.24 38.68 55.09 4574
conv3 129 7.71 -12.89 14.58 31.24 46.78 29 1.04 -2.73 16.91 38.23 52.88 2783
conv3 130 -2.58 0.75 21.33 41.34 56.20 4193 0.32 1.31 14.15 31.51 47.10 2801
conv3 131 -15.37 -10.85 17.85 34.32 51.88 105 -4.70 3.17 14.06 31.60 44.67 2690
conv3 132 3.78 -7.07 11.21 29.65 41.23 252 -1.87 5.06 15.63 35.29 52.05 3966
conv3 133 -25.51 -6.64 10.41 26.44 44.40 12 -0.58 -0.26 18.07 39.82 55.31 3038
conv3 134 0.94 -3.99 14.58 31.42 45.93 1041 -1.86 -2.86 15.58 34.80 50.50 35
conv3 135 1.04 -0.15 16.78 39.63 55.41 100 -2.25 1.71 13.73 31.21 46.14 1925
conv3 136 -7.82 21.13 7.29 16.42 23.36 14 3.41 -2.88 14.29 32.92 49.26 135
conv3 137 -0.66 2.03 15.18 36.42 51.05 10 1.65 -0.06 16.28 37.02 50.86 1285
conv3 138 10.04 13.83 5.59 12.57 17.88 332 -2.33 -2.07 16.06 35.88 49.90 581
conv3 139 -2.68 -0.44 17.13 36.07 50.16 381 1.29 -2.49 15.84 36.00 50.87 2251
conv3 140 -3.17 2.21 12.64 30.23 44.31 437 2.81 4.08 15.98 35.56 50.27 1296
conv3 141 -1.67 1.22 15.42 35.37 50.96 451 -3.01 -5.40 14.45 33.58 50.67 2797
conv3 142 0.16 -29.44 7.74 18.19 27.95 18 4.19 -3.34 14.78 33.28 47.53 59
conv3 143 16.55 -14.53 13.05 27.15 45.65 538 -0.71 -0.83 18.21 39.68 55.40 3964
conv3 144 -24.18 4.23 7.06 16.74 29.61 9 1.36 2.77 15.51 34.91 49.51 44
conv3 145 -0.12 -8.02 15.56 35.26 50.50 115 -2.01 -7.00 11.76 26.89 43.15 2538
conv3 146 9.70 -4.95 13.04 31.37 44.82 206 -3.04 0.61 16.96 38.05 54.23 4796
conv3 147 13.58 11.53 13.96 34.50 57.23 4082 -11.39 -11.37 13.13 29.27 41.28 3696
conv3 148 -11.67 -6.84 14.24 31.81 45.48 289 -0.47 -0.44 17.80 39.50 55.22 3687
conv3 149 -7.87 -5.58 14.17 34.33 50.79 537 -0.27 2.61 15.29 35.25 51.29 44
conv3 150 -3.28 -6.12 14.38 33.07 48.63 459 1.57 1.11 17.10 36.10 49.21 1389
conv3 151 -17.74 1.78 12.77 27.69 43.87 227 0.50 -0.47 17.22 38.94 54.54 1174
conv3 152 3.43 10.41 15.45 32.66 48.24 180 -1.41 0.17 17.26 39.09 54.41 191
conv3 153 0.51 16.10 13.11 33.10 46.27 222 -1.83 -2.80 16.28 36.48 51.34 769
conv3 154 0.87 0.34 14.85 38.08 51.36 3 -0.40 -0.76 17.50 39.35 55.22 896
conv3 155 -23.36 -10.94 12.65 29.00 47.72 86 9.73 1.79 14.25 31.91 46.95 3059
conv3 156 -2.37 -1.72 16.22 37.12 53.28 93 0.86 -8.10 10.43 23.55 33.62 3202
conv3 157 -5.41 -2.39 16.60 38.71 52.79 94 -2.42 2.60 15.04 33.77 47.24 2072
conv3 158 -7.23 3.48 18.19 37.84 53.07 71 -4.91 -7.37 13.72 29.65 41.62 2824
conv3 159 8.04 1.42 10.88 32.05 44.79 82 -1.28 -1.33 17.13 37.53 53.00 1717
conv3 160 1.89 4.16 16.61 37.53 53.09 44 2.21 -5.13 15.32 33.63 46.49 3591
conv3 161 3.05 8.00 7.66 18.61 33.64 967 -0.50 -0.77 17.53 39.26 55.03 548
conv3 162 -2.63 10.38 16.09 35.21 51.23 155 -5.99 -2.81 15.04 32.88 47.96 633
conv3 163 -3.60 17.09 11.99 31.91 51.11 1068 2.62 -7.90 13.89 33.21 50.94 2963
conv3 164 7.59 -2.48 13.80 32.97 49.25 21 -1.93 0.65 16.80 37.88 53.24 5058
conv3 165 15.73 -2.84 4.81 9.61 14.43 9 -0.38 -0.62 17.63 39.44 55.06 2851
conv3 166 8.88 9.86 9.95 26.96 46.00 1813 -0.58 0.59 16.39 35.93 49.95 473
conv3 167 -12.19 -4.73 14.60 33.21 45.43 1207 2.56 -7.65 14.87 33.37 50.06 549
conv3 168 -3.87 -1.28 5.37 10.72 15.42 6 -0.58 -0.70 17.50 39.23 55.08 5230
conv3 169 -0.44 0.67 18.07 41.28 55.81 3823 -0.49 -0.28 13.08 28.07 44.03 1963
conv3 170 -0.91 -4.28 28.01 43.10 57.18 5173 2.27 5.21 12.73 28.69 43.27 4397
conv3 171 1.82 -4.60 28.19 42.91 56.09 2854 -0.57 4.98 14.52 32.77 49.54 3612
conv3 172 -11.12 -1.17 14.90 35.18 49.87 407 10.56 3.06 12.90 29.67 42.71 346
conv3 173 0.41 2.45 17.05 35.48 49.25 280 0.27 -1.17 14.77 34.23 50.17 1506
conv3 174 -1.41 -11.66 22.66 37.89 51.80 3658 8.86 -3.72 14.78 33.46 48.42 33
conv3 175 -1.65 9.84 14.40 41.03 60.54 91 -2.11 -1.08 16.58 36.70 50.89 3941
conv3 176 37.00 -0.50 2.50 5.59 9.12 1 -1.43 -0.56 17.51 38.98 54.54 3207
conv3 177 -2.80 -1.37 15.78 34.07 53.44 296 3.76 -2.75 12.56 31.29 55.17 1748
conv3 178 0.00 14.36 26.82 43.65 63.60 1829 1.98 -7.96 14.56 32.44 46.38 3348
conv3 179 1.04 -2.36 15.83 38.09 54.17 2107 -3.19 4.84 15.28 34.36 49.48 160
conv3 180 13.80 -0.90 5.54 13.66 20.35 86 -0.43 -0.22 17.87 39.76 55.26 8671
conv3 181 -3.80 -13.62 8.79 20.39 30.89 362 0.61 -3.56 16.32 36.26 52.03 32
conv3 182 8.28 -11.57 20.43 40.87 54.93 18 -0.40 3.26 14.13 32.13 46.81 4681
conv3 183 -3.04 1.07 10.63 22.83 35.46 75 1.01 -1.49 16.99 37.92 53.90 453
conv3 184 9.56 30.57 9.94 26.65 46.70 7 1.43 -5.39 15.11 33.93 49.17 3077
conv3 185 -4.37 -1.09 8.39 21.54 36.14 16 -0.54 -0.24 17.58 39.42 55.32 4929
conv3 186 -2.73 0.82 16.58 37.68 53.52 264 -2.67 2.66 15.32 34.22 49.55 2274
conv3 187 -8.38 -4.02 14.10 32.54 47.54 485 3.63 -3.28 15.63 37.79 53.85 1604
conv3 188 -2.48 -2.20 18.63 40.10 54.18 2047 6.39 -2.29 15.98 35.02 49.92 497
conv3 189 -20.74 27.82 11.80 21.60 38.09 149 0.60 -2.04 16.93 37.01 51.21 6651
conv3 190 7.83 -5.02 14.27 35.22 49.49 197 0.06 -1.87 15.36 34.67 50.43 1553
conv3 191 13.59 18.44 11.91 28.73 51.10 1048 -1.45 0.59 16.69 38.85 54.37 5128
conv3 192 -0.27 -0.57 17.24 38.73 54.96 3615 2.01 -2.07 14.52 32.55 48.52 3003
conv3 193 -6.82 -12.32 6.41 15.33 31.83 25 -0.32 -0.02 17.39 39.49 55.17 5444
conv3 194 -7.81 4.11 14.77 33.72 50.50 200 0.70 2.81 13.60 30.58 45.94 1346
conv3 195 -4.35 -0.52 16.00 32.43 45.85 194 -3.64 1.15 15.14 32.58 46.54 1145
conv3 196 -1.72 -10.88 12.68 29.78 47.81 704 -0.57 -4.04 17.50 37.15 50.54 1895
conv3 197 -6.48 -7.22 13.28 30.74 43.57 68 -2.12 -0.24 14.55 32.96 47.49 2604
conv3 198 -4.07 2.20 16.59 38.27 53.25 812 -1.68 5.79 14.94 33.51 47.24 2480
conv3 199 0.21 2.12 16.50 39.63 54.40 731 -11.96 -0.41 13.46 29.50 42.87 1444
conv3 200 -1.95 13.75 13.00 29.10 41.74 30 -0.50 -0.30 17.93 39.21 54.54 5208
conv3 201 -0.33 7.54 12.65 34.28 49.37 4 0.11 -0.91 15.39 34.44 47.83 4909
conv3 202 -3.15 8.78 18.43 31.24 43.16 8 -3.62 -3.30 16.90 37.93 53.30 3684
conv3 203 -10.71 -12.29 10.50 26.79 47.41 1096 4.96 1.83 16.41 36.95 52.26 767
conv3 204 0.31 -0.45 22.42 41.34 55.96 8872 -0.55 -3.38 16.40 36.68 50.42 585
conv3 205 -9.69 -9.76 13.93 30.34 44.46 790 -0.22 1.50 15.90 35.66 49.89 2016
conv3 206 -8.26 -8.33 19.27 37.87 54.81 12443 -1.78 -3.54 15.69 35.52 51.22 539
conv3 207 -3.05 13.62 22.02 40.76 58.46 383 -0.78 -0.94 17.19 38.55 54.18 2870
conv3 208 -5.46 -20.97 14.58 31.76 44.99 386 -3.82 7.79 13.91 31.80 47.38 3002
conv3 209 1.03 -0.46 19.19 40.92 55.69 2026 7.35 -5.67 13.83 31.85 48.21 647
conv3 210 0.29 -2.44 14.88 36.05 52.83 383 -5.12 5.02 15.81 34.87 48.52 2573
conv3 211 1.81 1.82 17.64 37.00 53.28 619 0.38 -0.96 17.37 39.83 55.11 1830
conv3 212 13.50 -2.37 14.30 31.16 48.92 513 -5.23 -2.10 14.80 33.65 49.73 1117
conv3 213 -4.62 0.10 5.26 11.69 16.44 576 -0.07 0.42 17.63 38.95 54.93 4879
conv3 214 2.68 -8.60 13.96 31.82 47.42 178 4.06 5.11 14.10 32.04 48.28 2157
conv3 215 -15.85 -12.99 11.73 27.24 40.11 35 2.24 1.77 16.66 38.04 53.36 1952
conv3 216 7.07 5.35 25.59 41.92 57.59 58 1.06 -4.01 13.53 30.26 44.51 3226
conv3 217 8.26 -5.42 13.92 31.71 45.19 39 4.62 -3.66 15.75 36.01 49.78 1953
conv3 218 3.45 -3.28 24.31 39.30 53.70 223 -6.65 5.45 13.78 31.19 46.01 1973
conv3 219 6.28 -19.84 8.87 19.97 31.43 3 -0.46 -0.97 17.55 39.20 55.01 6574
conv3 220 4.19 0.84 18.36 36.41 51.55 87 -1.23 -0.63 16.49 37.07 53.24 3433
conv3 221 -2.74 -3.30 13.60 32.92 45.80 1007 -0.01 -0.90 17.40 38.84 55.43 1849
conv3 222 15.77 0.85 13.75 32.33 55.07 737 -7.92 -2.47 16.41 36.32 54.38 2496
conv3 223 -13.65 10.93 12.46 29.75 44.64 1018 0.64 -1.59 17.11 38.68 55.06 3200
conv3 224 8.89 4.25 8.77 18.55 31.06 4 -0.38 -0.58 17.49 39.35 55.27 8644
conv3 225 -0.20 -1.51 13.04 33.23 47.06 58 1.71 -2.56 16.18 37.08 53.86 2757
conv3 226 1.45 -11.94 12.44 28.45 42.72 297 -1.42 -0.34 17.23 38.48 53.88 6452
conv3 227 -1.36 -1.04 16.23 35.65 50.12 605 0.90 -3.88 15.45 34.66 49.57 1919
conv3 228 -4.41 1.52 23.00 39.90 54.65 506 2.61 -6.78 13.59 31.10 44.46 1516
conv3 229 -0.94 2.28 15.21 37.11 50.05 186 -3.20 -12.42 15.83 34.21 48.99 1713
conv3 230 -0.50 -7.94 4.87 25.74 33.99 10 -0.66 0.01 17.99 39.61 55.14 6077
conv3 231 -2.34 -1.99 17.21 36.05 51.82 172 2.59 -5.05 13.86 31.20 44.29 1988
conv3 232 -0.56 -0.09 20.79 40.90 55.75 9365 -1.93 -1.05 15.37 34.69 53.36 1565
conv3 233 -2.11 -1.25 14.26 32.07 48.29 273 3.34 -3.62 16.57 37.98 52.96 2521
conv3 234 26.04 7.17 8.62 19.59 34.33 461 -0.04 -0.45 17.29 39.35 54.29 1857
conv3 235 -1.72 -10.85 9.36 26.17 52.33 117 -0.70 -0.69 17.59 39.38 54.96 3309
conv3 236 3.15 -27.77 9.43 22.36 37.90 252 0.15 0.29 17.58 39.39 55.39 3692
conv3 237 4.89 6.90 20.93 41.78 59.29 1051 -6.65 -0.65 16.35 36.79 53.12 423
conv3 238 -3.48 -4.91 16.97 39.71 54.02 1959 1.87 -1.93 15.77 35.58 50.89 2243
conv3 239 14.72 18.02 13.76 26.29 38.29 249 2.15 -1.17 16.25 35.66 50.89 3119
conv3 240 3.14 1.24 16.33 37.74 53.01 915 -5.47 -4.39 13.49 32.05 46.61 2473
conv3 241 2.19 -3.60 7.40 19.67 34.42 15 -2.73 1.55 16.89 37.86 53.04 3108
conv3 242 -2.72 5.05 8.00 21.35 40.46 172 -0.00 1.00 17.10 38.24 53.39 2050
conv3 243 24.52 6.46 10.07 23.73 39.08 539 -1.34 -2.00 17.15 39.46 54.27 2466
conv3 244 -9.61 -8.49 12.18 28.27 44.32 63 1.18 1.56 17.35 37.53 51.85 1912
conv3 245 -0.78 -0.50 16.81 37.46 53.49 3228 -3.47 -2.22 11.99 27.39 42.32 3363
conv3 246 2.03 -2.52 22.18 38.55 52.42 901 -3.15 -0.63 16.35 37.81 53.22 290
conv3 247 -3.66 5.04 7.51 19.40 29.32 715 -1.67 -1.30 16.79 38.30 55.06 2986
conv3 248 -1.81 2.56 19.13 40.10 54.50 2641 2.26 -0.50 15.47 33.61 47.26 1559
conv3 249 5.11 11.74 18.58 36.50 53.23 2948 -2.27 -3.65 15.51 34.72 50.23 1913
conv3 250 -2.77 14.52 17.03 37.34 53.94 729 -0.66 0.70 16.31 36.34 53.08 2279
conv3 251 -0.61 -4.12 25.38 40.13 53.97 1063 -2.86 -3.60 15.74 34.39 48.14 3026
conv3 252 -0.50 -17.57 13.95 32.92 49.75 632 4.57 10.43 12.73 28.59 40.75 1702
conv3 253 12.87 14.73 8.66 20.38 33.74 40 -0.32 3.64 16.38 36.82 51.00 3350
conv3 254 7.87 0.66 19.30 38.65 55.78 5072 -13.96 -4.13 12.13 27.64 39.70 3244
conv3 255 -3.56 31.22 16.07 34.41 48.06 68 2.15 -3.39 17.09 37.65 52.72 905
conv3 256 -2.98 -2.90 16.24 41.07 54.44 489 -1.08 1.58 15.44 34.59 48.73 2165
conv3 257 -2.01 -4.03 15.17 36.01 51.20 80 1.52 -0.15 16.15 36.65 51.43 145
conv3 258 -5.10 13.85 13.81 36.86 48.84 23 3.48 -3.17 15.39 34.66 49.74 2836
conv3 259 -15.38 -9.56 14.73 30.14 42.12 145 -0.80 0.01 17.50 38.75 53.34 4062
conv3 260 11.53 10.35 12.64 30.92 46.73 468 1.26 0.20 14.70 33.80 47.28 2404
conv3 261 -2.25 -12.53 14.39 32.19 50.20 322 -3.55 8.67 16.51 35.10 52.89 1938
conv3 262 -1.06 -7.15 12.64 30.48 44.54 189 0.16 1.39 16.41 37.32 51.68 1322
conv3 263 3.69 -12.75 27.77 39.69 50.77 55 0.41 5.46 15.60 34.09 48.31 3014
conv3 264 -5.64 -7.54 14.14 32.28 46.43 1247 -0.49 -2.09 16.44 38.44 53.59 543
conv3 265 -2.72 -1.66 16.73 39.04 55.42 125 -0.34 -3.28 11.59 26.07 36.91 4650
conv3 266 2.67 -0.71 3.31 7.34 10.26 34 -0.53 -0.48 17.52 39.39 55.19 5588
conv3 267 3.34 4.54 17.00 34.73 48.27 540 7.66 -1.40 12.79 29.55 45.63 1561
conv3 268 -9.70 4.39 8.93 20.44 32.11 465 1.24 -3.85 14.90 33.64 49.96 1542
conv3 269 -2.02 0.37 20.25 40.14 55.20 484 -0.43 -2.94 15.01 34.26 49.91 263
conv3 270 -0.50 -0.50 15.30 34.37 49.74 113 0.03 -0.23 15.77 35.34 49.64 2467
conv3 271 -23.59 10.58 10.66 24.59 40.62 99 1.93 -4.96 16.24 36.54 52.34 1116
conv3 272 -0.07 -3.31 22.39 41.06 55.08 1054 -5.06 11.39 13.75 31.50 46.54 2099
conv3 273 -4.33 -7.58 10.73 30.09 46.84 371 -7.23 -3.05 14.77 34.54 49.07 1292
conv3 274 -28.57 -33.67 5.52 13.40 21.93 4 0.65 0.43 17.21 38.58 54.40 5474
conv3 275 3.79 8.88 18.58 34.54 47.78 9 0.86 0.13 16.86 37.37 51.53 4254
conv3 276 -0.69 -32.77 10.55 31.36 48.48 1622 1.55 5.88 16.14 36.11 51.76 4003
conv3 277 -4.03 1.21 15.41 34.76 51.60 2342 4.21 3.40 13.20 30.46 48.09 1864
conv3 278 0.61 -0.85 21.73 40.34 54.64 1394 7.00 -2.85 14.99 32.53 44.68 2158
conv3 279 -2.20 -15.51 14.03 34.32 50.73 60 -3.00 -7.85 14.95 32.70 46.27 1369
conv3 280 -6.40 -3.31 17.61 37.37 53.82 1119 4.47 9.54 15.07 34.40 50.52 373
conv3 281 -0.67 -4.20 15.77 36.14 52.74 271 -0.35 -5.91 14.43 32.16 45.58 2997
conv3 282 -1.42 -2.89 16.00 38.34 53.80 3853 0.24 0.53 12.75 29.53 44.35 2389
conv3 283 -0.29 0.16 22.07 40.23 54.19 610 -5.08 5.91 13.61 31.08 45.02 2314
conv3 284 -1.51 3.19 16.65 36.95 51.47 427 1.30 -0.39 15.44 34.61 48.29 2932
conv3 285 -1.89 -11.16 14.80 33.87 49.89 77 1.96 -1.83 16.21 36.62 51.82 1952
conv3 286 4.10 1.12 17.80 37.67 55.03 870 -11.01 -1.43 13.25 30.17 44.07 2081
conv3 287 -1.29 -3.49 22.05 39.90 55.11 2282 -0.81 -0.47 15.14 35.10 52.64 844
conv3 288 15.45 36.91 6.90 21.78 40.11 2 -0.93 1.51 14.44 32.21 46.69 5149
conv3 289 -5.65 6.64 15.23 35.45 51.48 174 0.66 -1.89 14.03 31.71 46.62 3289
conv3 290 -4.80 2.67 17.85 40.89 54.87 151 4.55 -1.20 15.31 35.18 49.60 2909
conv3 291 31.16 -4.11 8.76 20.74 34.69 120 -10.33 0.28 14.22 32.17 46.94 1964
conv3 292 16.70 3.60 14.72 31.21 48.45 1845 -3.45 -3.56 15.97 35.45 50.05 3096
conv3 293 1.83 -13.42 17.79 37.56 54.87 26 -1.01 -0.48 18.14 39.43 54.94 5831
conv3 294 -15.32 6.22 16.34 33.54 48.52 394 9.82 -1.84 14.78 32.84 48.03 3044
conv3 295 1.79 -0.70 16.32 38.58 53.69 7712 -10.40 0.20 14.35 32.36 45.82 1914
conv3 296 2.77 -1.22 5.86 14.04 21.23 12 -1.66 -1.78 16.83 38.31 53.85 107
conv3 297 3.30 2.27 14.22 33.78 49.97 120 1.16 7.01 15.03 32.99 50.05 2046
conv3 298 2.27 -4.34 33.13 43.01 53.85 575 3.19 8.31 13.37 30.57 42.54 2798
conv3 299 1.39 -15.31 23.40 39.59 53.91 268 0.27 6.83 15.43 34.69 50.01 2702
conv3 300 -0.04 -5.13 21.77 38.06 52.74 391 0.84 -5.86 14.82 33.98 48.92 1979
conv3 301 9.35 0.44 13.30 30.48 45.09 2080 -7.83 0.20 14.35 32.85 45.41 38
conv3 302 14.13 -2.60 11.55 28.44 43.93 667 -1.06 -0.24 17.14 38.58 53.61 1781
conv3 303 -19.13 -9.79 11.87 29.15 46.38 142 3.03 -0.27 15.32 34.02 47.48 2478
conv3 304 -0.27 -3.23 16.86 38.24 53.15 1323 2.04 0.80 14.83 34.25 50.16 1925
conv3 305 11.10 -8.35 12.62 29.97 42.40 72 7.18 -2.91 14.88 33.92 48.88 1032
conv3 306 -1.22 1.82 21.94 41.05 55.58 2819 -0.75 2.17 15.73 35.81 49.98 1054
conv3 307 -1.95 2.20 15.46 32.36 47.83 1192 2.46 -3.77 17.47 41.28 56.69 1437
conv3 308 -1.30 -6.57 22.11 40.77 53.30 1996 -2.25 -3.36 13.78 30.91 45.86 2973
conv3 309 14.27 -12.59 16.04 31.33 47.48 1938 0.57 4.07 15.62 34.99 49.74 4960
conv3 310 16.31 8.03 17.18 31.96 48.54 581 -2.95 -5.87 13.60 30.30 43.72 2515
conv3 311 -1.92 -5.74 14.65 32.87 53.76 155 -0.15 -1.30 15.88 34.98 50.05 1302
conv3 312 -6.68 -22.24 10.86 25.92 40.08 1029 1.66 12.63 13.72 33.12 49.73 2678
conv3 313 3.72 -24.18 6.44 15.11 22.72 30 -9.36 3.34 14.13 34.64 51.83 42
conv3 314 -2.39 7.62 26.10 41.02 53.20 6 1.18 -1.36 17.11 38.43 53.65 2574
conv3 315 -10.58 3.34 23.25 38.46 54.23 72 0.23 -0.44 16.94 37.84 54.19 2504
conv3 316 -0.16 25.81 6.56 15.53 24.62 387 -0.88 -0.56 17.36 38.93 54.67 5134
conv3 317 -0.16 0.85 19.90 39.78 55.06 481 -1.76 -7.95 15.22 35.31 51.14 2968
conv3 318 13.48 -0.45 12.48 28.60 41.09 25 -0.41 1.02 17.50 38.99 54.79 3038
conv3 319 -6.39 0.02 15.15 33.91 49.28 260 2.79 0.40 16.45 37.37 53.11 3776
conv3 320 3.22 -5.93 13.51 32.13 48.03 117 -0.28 -0.47 15.97 36.35 51.36 2801
conv3 321 -7.81 -11.77 14.29 32.65 49.80 44 4.60 -2.42 12.41 27.91 45.26 2853
conv3 322 -1.82 7.57 13.17 32.07 47.20 2108 -0.21 1.96 16.94 38.48 54.29 789
conv3 323 5.89 7.99 15.48 35.31 53.07 34 -0.47 -0.50 17.49 39.41 55.19 2891
conv3 324 0.68 -1.85 14.17 31.78 46.90 61 -0.90 -0.63 17.43 39.07 54.89 1873
conv3 325 0.34 0.15 16.33 37.83 54.02 1194 1.87 1.39 15.37 35.12 50.83 1483
conv3 326 4.71 -4.31 13.88 35.52 51.92 439 -0.15 4.15 15.10 33.95 47.92 3250
conv3 327 -14.01 15.65 11.72 27.15 41.18 824 7.73 -10.34 15.38 35.54 51.43 2510
conv3 328 -6.55 -4.38 22.27 38.45 50.51 216 0.30 3.04 15.75 34.48 48.85 2628
conv3 329 -0.50 24.00 7.63 17.18 25.04 1 -0.50 -0.56 18.09 39.66 55.26 8916
conv3 330 0.88 -22.83 14.72 34.36 50.51 945 -0.48 2.83 17.03 38.62 54.72 4277
conv3 331 -0.82 -14.80 6.52 14.00 20.73 198 1.20 -3.45 17.03 37.39 53.56 4290
conv3 332 0.19 13.16 14.67 32.00 47.61 3368 1.00 -11.33 13.96 31.87 49.55 974
conv3 333 -13.51 1.07 16.02 34.51 50.61 1800 9.37 -2.44 13.41 31.02 49.27 2578
conv3 334 1.47 12.26 12.38 31.72 48.61 301 -0.27 -2.13 16.02 36.23 52.37 950
conv3 335 5.60 2.78 25.18 41.18 52.63 38 4.10 1.34 15.40 34.17 48.61 1615
conv3 336 -1.43 2.18 13.06 32.29 46.16 651 -2.71 -1.13 15.55 35.37 52.39 33
conv3 337 3.50 11.14 16.88 37.07 59.94 2431 6.00 -11.42 14.06 32.44 49.19 3134
conv3 338 -0.90 -0.08 19.64 41.11 55.87 6353 7.88 3.49 14.94 33.48 48.60 2084
conv3 339 -3.50 -18.29 20.26 34.51 50.23 1366 -6.36 1.18 16.56 33.98 47.00 3421
conv3 340 5.19 -6.16 4.39 9.18 13.13 3 0.11 -0.15 17.71 39.52 55.08 815
conv3 341 12.13 -23.83 12.74 25.37 42.10 5 -0.33 1.29 16.66 36.86 52.61 5450
conv3 342 12.49 16.86 14.48 28.05 43.02 16 -2.73 -1.71 16.44 37.24 52.66 2687
conv3 343 6.42 -9.67 12.27 31.76 50.59 214 -1.64 0.84 17.29 39.00 54.85 2994
conv3 344 -9.04 -3.06 19.22 37.53 54.80 2965 -6.01 2.20 15.01 33.69 47.86 71
conv3 345 0.46 -1.46 14.86 38.54 55.23 321 -1.42 -0.28 17.30 39.09 54.59 197
conv3 346 -4.56 -0.90 7.96 18.04 31.37 24 0.05 -1.31 17.33 39.00 54.71 3172
conv3 347 3.50 1.04 16.49 37.75 53.56 19 -8.24 -0.98 13.19 29.23 41.43 2487
conv3 348 -13.38 13.27 16.69 32.53 48.04 3455 9.31 -10.74 13.78 31.13 45.52 937
conv3 349 -6.00 2.43 17.34 35.25 48.61 2342 5.21 -2.75 16.34 36.38 51.16 5400
conv3 350 1.90 -8.30 13.63 30.42 46.10 94 3.11 -2.20 15.35 34.18 47.79 1574
conv3 351 -6.48 1.52 21.18 39.24 53.08 292 5.91 2.03 14.27 32.71 46.13 679
conv3 352 2.35 0.61 9.64 27.68 41.14 1058 -0.88 4.32 16.47 37.12 51.69 162
conv3 353 -15.83 8.78 9.66 26.22 43.42 21 0.22 -0.78 16.44 37.49 52.02 69
conv3 354 -8.64 1.93 16.88 36.81 53.90 5582 6.07 -0.38 14.60 33.88 51.30 2584
conv3 355 -12.37 4.30 13.13 30.88 40.71 17 -0.55 -0.42 17.79 39.56 55.22 3557
conv3 356 -3.31 -2.57 24.03 39.28 51.40 1747 -1.98 -3.15 14.93 34.78 49.58 2089
conv3 357 1.63 -0.85 21.41 38.11 53.15 53 -1.92 8.07 14.88 34.24 49.16 1575
conv3 358 -25.20 1.69 10.13 23.07 36.71 8 -0.20 -0.66 17.69 39.50 55.26 3598
conv3 359 -3.43 13.20 10.61 34.36 54.78 27 -2.09 -8.50 13.92 31.21 43.36 3389
conv3 360 18.43 5.82 9.63 22.48 37.81 1527 -4.40 -2.28 14.37 33.06 49.07 32
conv3 361 -2.44 -9.00 17.90 37.59 51.54 787 3.22 8.26 13.63 30.60 43.89 1199
conv3 362 -0.63 -5.46 20.10 37.72 51.59 433 -0.29 0.86 16.79 37.37 51.24 2841
conv3 363 1.31 24.12 10.47 25.69 43.76 817 0.99 -3.49 16.62 37.51 52.10 1689
conv3 364 -0.61 -0.34 21.87 40.92 55.64 4315 2.56 -5.32 12.81 32.07 48.87 1557
conv3 365 -3.17 1.44 4.39 10.89 16.25 7 -0.71 -0.38 17.92 39.54 55.23 3162
conv3 366 -6.31 -21.84 7.67 17.43 28.85 293 -0.06 -0.90 17.65 39.22 53.63 2502
conv3 367 3.09 8.09 25.15 41.26 55.31 2895 -10.32 -8.67 10.98 24.74 36.25 2938
conv3 368 -4.70 -4.52 14.86 35.64 50.88 49 -6.48 -0.03 13.57 31.68 49.86 2256
conv3 369 -1.11 6.43 8.63 20.49 29.06 55 -0.16 -0.44 17.07 38.33 53.44 101
conv3 370 0.34 -8.89 10.87 26.09 41.23 72 -1.76 -1.30 17.33 38.70 53.80 4586
conv3 371 3.15 20.38 12.23 26.49 41.06 141 0.03 -5.20 16.49 35.70 50.00 4281
conv3 372 5.65 -2.55 15.70 34.89 49.30 1813 0.28 2.00 16.22 35.60 50.71 2601
conv3 373 -0.16 6.03 3.37 7.83 12.26 4 -0.79 0.03 17.55 39.14 54.92 3509
conv3 374 -1.64 4.95 13.35 34.95 47.54 426 3.18 1.19 16.36 36.15 50.67 1560
conv3 375 9.76 -12.31 16.84 38.01 58.92 2262 -3.35 12.48 14.89 33.13 48.68 3829
conv3 376 -0.85 -15.60 5.09 11.88 22.05 2 -2.01 -4.14 15.23 35.10 49.95 371
conv3 377 23.22 -2.22 23.57 38.13 50.94 18 -1.70 0.96 17.64 38.97 54.46 5098
conv3 378 -5.11 13.84 15.30 34.63 49.93 50 -4.68 -2.60 14.92 33.27 49.44 3719
conv3 379 14.38 -2.33 14.00 27.08 42.08 23 -2.32 0.48 16.73 37.68 54.49 3564
conv3 380 5.60 24.62 16.12 29.21 43.89 609 -0.36 -2.37 17.16 38.86 54.64 4951
conv3 381 -0.69 0.83 11.01 24.09 38.68 733 0.29 -1.93 16.57 37.29 52.11 449
conv3 382 7.87 2.31 19.37 37.35 53.58 1939 -1.07 -0.88 16.79 37.72 52.69 1144
conv3 383 7.41 -18.17 11.51 27.37 50.40 402 -0.48 1.03 15.44 34.98 48.60 1363
conv4 0 -0.99 0.29 27.16 52.15 72.31 1386 -2.96 -1.71 22.57 50.98 71.63 1976
conv4 1 -7.56 -8.64 11.30 28.52 46.22 87 -0.76 0.07 23.68 52.48 72.61 11515
conv4 2 -0.12 -6.37 24.10 46.61 66.25 29 2.96 -10.68 20.09 44.72 65.51 4341
conv4 3 -3.27 0.27 28.92 56.79 75.53 318 4.53 -8.27 14.68 34.19 51.38 1378
conv4 4 11.34 -5.68 10.87 29.16 48.55 55 -0.66 0.34 24.19 52.23 72.57 5493
conv4 5 9.57 -0.09 20.61 42.32 56.56 152 9.19 1.71 19.53 46.90 66.71 434
conv4 6 -1.03 -22.01 14.60 34.51 54.41 632 17.94 1.83 15.19 34.08 50.43 48
conv4 7 -6.63 10.14 11.60 34.36 52.62 67 -0.25 0.75 23.65 51.38 73.02 4719
conv4 8 2.42 -2.92 30.10 55.68 71.78 1164 1.53 17.59 17.72 39.34 57.24 2364
conv4 9 2.37 4.82 21.24 43.77 63.24 3553 -18.23 -7.14 18.83 42.64 62.59 270
conv4 10 -12.69 1.21 10.29 28.68 47.49 145 -0.40 -0.54 24.27 52.48 73.21 16036
conv4 11 -14.69 -2.02 18.97 35.63 56.42 52 -3.17 1.70 19.92 46.41 67.03 2891
conv4 12 2.15 -3.29 19.22 48.29 66.30 621 -0.00 -1.41 22.84 51.32 72.32 2417
conv4 13 -10.02 -16.31 17.87 42.52 64.46 60 -0.67 -1.55 24.07 52.07 73.39 4321
conv4 14 -13.26 18.04 12.54 28.93 45.75 705 -0.75 -1.16 23.86 53.11 73.21 7868
conv4 15 -1.82 -17.20 19.19 33.71 45.19 199 -0.35 -0.13 23.40 52.10 72.59 16023
conv4 16 -4.30 -10.19 29.35 50.77 72.85 527 1.26 5.64 19.76 45.00 64.13 2855
conv4 17 -2.03 -4.37 10.23 27.87 45.13 36 -1.26 0.89 24.29 53.19 73.45 16869
conv4 18 -4.23 -1.89 17.57 39.30 59.39 583 2.14 -4.04 20.59 45.88 66.66 1007
conv4 19 -5.42 -1.10 29.93 54.49 71.30 360 3.82 0.40 21.94 48.53 68.02 3327
conv4 20 -2.07 19.40 13.13 30.65 53.26 1165 -1.23 1.07 25.39 51.97 72.35 4924
conv4 21 -8.50 -3.67 19.81 45.86 64.95 58 -1.82 2.27 22.71 52.24 72.55 6837
conv4 22 5.88 -18.89 15.82 38.45 58.43 17 -0.53 0.97 23.28 51.67 72.19 6604
conv4 23 5.19 -2.53 3.69 8.35 15.05 6 -1.00 -1.13 24.14 52.24 71.74 6375
conv4 24 -5.56 5.61 24.13 44.07 64.14 418 1.72 0.05 21.58 48.69 67.36 2998
conv4 25 1.83 -10.67 10.29 24.42 38.92 33 -1.22 -0.77 24.41 52.49 73.18 13813
conv4 26 -3.67 -0.43 4.28 10.10 13.75 4 1.03 4.66 22.84 48.90 67.37 7519
conv4 27 7.95 -0.43 12.81 30.97 50.46 102 -3.03 0.68 23.91 52.04 73.64 2910
conv4 28 3.60 -7.92 21.41 44.63 63.07 131 -0.73 8.50 20.49 45.86 66.00 1610
conv4 29 -7.32 -5.28 20.87 45.19 66.03 308 0.72 0.19 22.84 51.61 72.52 2639
conv4 30 -10.05 -5.65 18.02 45.75 68.10 151 -3.84 5.55 22.08 48.66 67.87 2513
conv4 31 0.04 4.79 5.51 12.58 18.15 8 -0.96 -1.09 22.72 51.60 72.79 17303
conv4 32 8.28 -1.31 9.52 27.40 49.19 54 -2.14 2.15 22.96 50.14 70.13 3813
conv4 33 6.98 8.72 22.42 48.87 65.85 150 -0.30 0.47 19.27 45.94 67.90 888
conv4 34 -3.63 8.56 8.06 18.38 29.14 24 2.64 -6.45 21.19 48.26 65.98 802
conv4 35 -3.87 -5.96 15.01 38.26 58.96 76 -0.40 -1.61 25.18 52.41 72.95 5131
conv4 36 7.16 -7.49 18.36 42.90 60.87 20 -0.44 -0.00 23.26 52.25 72.98 6559
conv4 37 10.90 -23.00 16.28 38.36 54.91 556 -0.28 -0.61 23.07 52.09 73.15 1368
conv4 38 0.43 -13.49 13.03 36.02 58.94 32 -1.04 -1.04 24.37 53.04 73.17 3948
conv4 39 11.90 -5.56 14.05 33.27 52.92 151 -0.90 -1.54 23.63 52.23 72.75 15466
conv4 40 -8.66 4.69 18.31 47.99 70.75 880 -2.45 1.62 21.51 49.13 68.24 920
conv4 41 10.79 0.49 17.18 40.04 58.61 910 -3.40 -2.50 22.46 51.90 72.02 5793
conv4 42 -5.89 -6.63 17.09 39.21 59.07 107 0.95 2.09 22.14 50.71 69.94 8845
conv4 43 10.29 -7.91 17.93 40.39 56.93 292 0.23 -1.03 23.11 52.34 72.96 11517
conv4 44 -1.27 11.72 24.88 53.57 75.31 41 -1.43 4.07 20.05 45.37 67.64 3716
conv4 45 5.41 -0.60 16.13 42.11 57.93 25 -2.24 -5.91 21.26 47.81 66.55 3676
conv4 46 -9.58 -0.76 24.70 50.84 69.32 133 9.83 -2.22 19.76 44.19 62.82 2522
conv4 47 0.28 -1.45 23.23 49.13 67.35 554 -1.01 -17.31 16.94 38.93 56.68 1324
conv4 48 -1.88 -0.66 22.44 52.46 70.68 669 -1.40 9.19 18.04 40.73 59.86 1843
conv4 49 0.69 -0.26 8.37 23.32 44.57 96 -1.15 0.31 23.57 51.69 72.88 5370
conv4 50 -2.31 -4.27 20.21 47.48 65.35 2708 -9.73 17.86 17.85 40.37 57.98 1375
conv4 51 -9.90 -3.89 14.03 29.77 45.06 5 -0.48 -0.77 23.30 51.51 72.00 4005
conv4 52 -4.29 1.84 30.07 55.85 73.92 5665 13.89 13.96 15.68 37.76 54.28 1599
conv4 53 -2.76 -2.63 8.25 18.83 31.75 78 -0.08 0.24 23.34 51.91 72.10 2140
conv4 54 -5.40 4.28 20.10 45.05 66.97 69 -10.46 -8.15 18.49 41.45 63.78 436
conv4 55 -2.79 0.58 24.13 52.16 71.63 346 -2.15 2.54 22.03 47.13 64.14 3066
conv4 56 12.72 -28.09 22.41 38.36 62.82 12 2.93 0.96 22.70 50.32 70.81 7198
conv4 57 -7.78 -3.44 22.30 49.98 71.01 107 -0.27 0.70 21.71 50.40 73.52 3555
conv4 58 -4.90 0.49 43.23 58.34 73.05 550 -5.61 -11.75 19.02 42.70 61.04 3777
conv4 59 -1.68 -4.27 20.70 49.61 67.80 336 -3.19 4.56 15.24 34.70 56.46 1622
conv4 60 -13.59 -1.89 18.76 43.54 57.97 30 4.66 0.36 20.71 45.90 68.90 4302
conv4 61 -5.74 -4.91 20.90 49.59 68.27 753 4.42 -1.95 20.06 45.03 66.94 2094
conv4 62 3.00 -5.53 31.82 53.56 70.27 54 4.77 5.92 21.12 47.31 65.48 3482
conv4 63 -2.11 5.18 10.62 31.42 49.15 27 0.58 -1.45 23.02 50.32 71.21 4562
conv4 64 -8.46 14.16 18.92 39.78 61.44 232 4.98 -4.48 20.16 46.01 66.99 1689
conv4 65 5.25 -1.98 19.26 45.61 64.11 180 0.17 6.99 15.82 35.48 53.73 2600
conv4 66 -2.64 -4.68 28.36 47.87 67.29 1373 6.14 -8.68 20.53 49.59 71.65 800
conv4 67 -1.55 -5.88 20.59 50.87 70.14 468 0.76 1.40 20.11 45.25 65.86 2431
conv4 68 -14.87 -22.94 23.45 30.54 38.70 13 0.98 -2.93 23.99 51.30 71.74 8611
conv4 69 6.81 -10.81 18.70 44.07 60.22 405 3.29 -2.40 21.94 49.37 68.64 1712
conv4 70 9.97 11.67 26.78 47.88 65.55 296 5.81 -6.55 19.84 43.82 62.84 2499
conv4 71 -0.08 -1.10 25.73 54.18 74.24 3722 -1.18 -1.11 18.69 46.46 66.97 2008
conv4 72 6.42 -26.35 18.30 37.81 57.03 26 -1.45 0.61 23.42 52.29 72.84 6440
conv4 73 -9.14 -5.84 18.35 48.99 69.72 65 -1.85 0.97 22.51 50.68 72.70 5257
conv4 74 0.56 9.03 15.74 38.11 53.27 13 0.20 -0.62 24.03 52.14 72.36 15896
conv4 75 1.57 3.57 23.43 58.16 72.23 21 -8.24 -10.68 17.31 38.90 61.09 3884
conv4 76 -6.75 4.75 9.36 28.95 52.05 150 1.79 8.52 15.00 32.49 54.70 98
conv4 77 -1.39 3.05 22.23 52.62 70.62 301 -1.20 -1.35 24.60 52.03 72.01 2430
conv4 78 -17.82 -13.38 20.12 38.08 53.74 42 3.72 4.12 23.46 50.34 70.56 5588
conv4 79 0.78 19.24 13.49 29.58 43.16 1082 -0.45 -0.28 22.40 51.52 72.72 3035
conv4 80 -1.20 -11.94 12.30 33.80 52.63 32 -1.32 0.15 23.39 49.34 67.13 3963
conv4 81 0.78 1.14 22.57 51.20 71.73 3003 -12.35 11.24 16.16 38.44 58.85 1234
conv4 82 -24.22 -21.57 14.26 34.75 51.19 35 -1.75 1.81 26.18 52.00 72.19 17136
conv4 83 -11.13 17.28 16.86 39.28 56.73 44 -0.90 -0.94 23.09 52.44 73.09 4585
conv4 84 -0.98 -4.46 21.97 48.49 66.33 729 0.76 0.87 21.85 49.57 68.67 2352
conv4 85 1.23 -1.97 31.31 51.40 68.08 99 2.90 -4.30 22.56 50.70 70.77 2238
conv4 86 -29.67 -26.40 18.85 32.86 50.49 12 -4.20 1.72 19.41 43.65 65.75 5687
conv4 87 4.70 -1.38 16.57 48.65 63.16 19 -1.37 -3.10 22.26 50.74 71.73 4215
conv4 88 -0.50 -0.50 9.00 29.12 46.01 43 5.50 -7.26 20.69 45.15 63.88 1275
conv4 89 -6.17 9.82 15.68 37.67 56.78 87 4.29 10.92 19.80 43.85 66.00 717
conv4 90 17.91 22.52 15.56 34.72 56.65 139 -0.39 -0.86 26.50 53.40 73.25 5119
conv4 91 -4.90 4.51 20.04 47.70 66.62 1658 10.09 16.20 17.93 39.51 59.49 682
conv4 92 11.11 1.48 16.73 41.68 63.08 133 -0.50 -6.78 22.40 49.07 68.84 3296
conv4 93 10.53 -4.65 9.38 26.36 54.81 21 1.20 -0.12 22.92 51.38 72.11 7443
conv4 94 2.65 -2.41 21.32 51.50 73.08 537 8.43 10.90 18.78 42.91 63.04 3614
conv4 95 7.52 -10.73 4.16 9.41 15.01 3 -0.51 -0.07 23.63 52.08 72.56 17304
conv4 96 0.45 -0.18 28.32 54.71 73.97 3254 -1.21 -10.16 20.76 46.71 65.79 2336
conv4 97 -10.65 -3.09 16.91 38.39 61.91 623 -1.37 -4.80 23.44 52.08 69.57 1836
conv4 98 0.96 -10.81 22.65 47.85 64.90 1886 -10.68 15.20 17.72 40.73 61.02 50
conv4 99 -6.91 -1.37 19.65 42.84 62.11 50 0.05 1.85 24.28 51.65 72.21 5674
conv4 100 -2.50 -4.54 10.78 31.43 48.20 35 1.10 1.69 23.49 50.37 70.50 4036
conv4 101 4.41 12.34 20.06 48.91 68.77 61 -0.88 -1.26 22.48 51.17 72.62 16569
conv4 102 -4.11 0.36 19.04 40.34 61.61 2925 3.53 -5.95 22.11 50.12 69.76 783
conv4 103 -1.62 -0.91 26.52 49.05 68.57 2484 4.34 0.75 16.58 41.57 68.13 1058
conv4 104 1.44 0.82 19.62 44.79 64.17 2035 -8.06 -2.02 18.98 43.97 65.09 1016
conv4 105 3.50 30.15 16.47 33.81 52.99 76 -0.44 -0.28 23.31 52.22 72.76 13319
conv4 106 6.01 -0.01 17.11 37.43 60.74 816 -3.80 -2.54 23.25 52.38 72.09 633
conv4 107 -0.97 -0.79 7.61 17.87 33.34 71 -0.02 -0.05 23.33 52.32 72.75 16543
conv4 108 -1.63 -0.42 22.15 52.62 70.70 808 11.99 1.83 19.24 44.70 67.27 1833
conv4 109 -7.21 -5.01 16.18 42.63 58.81 681 1.82 5.37 21.61 48.75 68.09 987
conv4 110 4.08 -31.05 18.52 40.08 59.34 118 -1.12 -0.84 23.32 52.37 72.54 5626
conv4 111 35.63 16.78 8.36 23.98 52.56 9 -7.35 3.16 19.78 43.68 61.73 1148
conv4 112 -0.66 1.86 6.70 13.67 19.55 12 -0.43 0.80 24.23 52.14 72.20 3521
conv4 113 0.93 0.63 21.97 51.54 70.27 2708 -5.10 3.93 15.33 34.89 53.97 1425
conv4 114 -5.69 -0.97 29.28 53.95 67.92 62 10.13 -4.29 19.38 42.21 59.14 4873
conv4 115 3.17 34.12 15.42 30.62 47.93 21 1.26 -3.75 22.35 49.09 68.98 7098
conv4 116 0.89 1.88 21.39 54.25 74.75 149 1.36 -5.04 21.60 46.90 67.04 5360
conv4 117 -5.96 5.46 20.54 44.11 63.91 426 0.01 -2.60 21.79 51.15 73.27 1811
conv4 118 -14.25 15.12 23.26 46.17 64.44 40 -1.07 -2.18 23.56 50.95 71.70 3144
conv4 119 -2.28 1.12 24.21 47.93 67.07 3615 -1.28 1.97 20.83 48.31 69.97 2033
conv4 120 11.62 -19.79 18.31 43.67 67.38 26 -8.02 3.41 22.30 47.13 67.13 3876
conv4 121 -6.68 1.17 7.66 22.07 35.22 13 -0.43 -1.79 23.20 51.24 71.61 3648
conv4 122 2.76 10.77 20.01 46.12 71.10 854 1.32 -1.71 21.42 47.74 68.00 1264
conv4 123 -11.35 -1.23 21.67 45.81 65.89 1199 4.87 -0.67 21.88 48.73 66.66 617
conv4 124 9.68 20.18 21.94 39.97 65.31 243 2.04 -0.57 22.96 51.01 71.85 3379
conv4 125 -1.17 1.04 25.58 55.09 74.42 10683 -1.02 -0.52 21.50 49.01 70.61 582
conv4 126 5.17 31.97 14.41 34.03 51.45 14 1.77 11.06 19.54 42.43 61.13 1307
conv4 127 12.48 -9.42 12.09 44.80 58.12 76 -0.70 -0.95 22.68 50.14 69.05 5748
conv4 128 -4.42 -1.85 18.93 48.84 67.69 43 -0.43 -0.90 23.31 52.70 73.18 12253
conv4 129 2.75 -3.40 17.65 38.12 60.57 1525 -6.79 5.40 20.94 48.99 68.73 1577
conv4 130 7.98 -26.98 21.28 41.05 62.37 37 1.45 8.45 20.08 44.48 62.36 4715
conv4 131 -1.36 -0.07 19.16 44.04 63.23 1972 -1.70 1.99 19.75 46.17 67.50 894
conv4 132 2.51 4.23 24.79 53.01 72.81 462 -8.51 -2.03 20.01 44.97 66.02 3466
conv4 133 -1.86 0.62 4.36 10.70 16.28 18 -0.99 -1.01 23.15 51.73 72.53 14976
conv4 134 -0.95 -8.60 29.43 49.27 67.51 332 2.15 -12.92 19.14 43.82 64.10 281
conv4 135 11.54 0.35 6.10 13.37 22.25 39 -0.25 -0.36 24.33 52.40 72.84 11649
conv4 136 1.10 -1.87 22.68 48.65 67.47 846 -1.15 -4.54 22.16 48.75 68.01 644
conv4 137 -4.20 -5.14 19.83 41.53 70.11 750 -0.51 -2.05 23.44 52.21 72.96 3451
conv4 138 5.19 2.93 27.45 53.90 68.72 201 -1.85 0.88 21.36 47.52 70.73 3105
conv4 139 -2.38 -0.02 27.11 52.50 69.50 2752 -10.50 5.86 17.68 39.64 57.86 1126
conv4 140 8.05 -5.13 13.46 36.05 52.98 723 -0.39 -0.26 22.85 52.78 73.29 5289
conv4 141 -10.52 3.49 28.66 52.69 70.83 23 9.93 -14.63 17.43 39.28 56.67 3095
conv4 142 -2.34 7.36 10.50 36.17 55.51 111 -0.08 -0.14 23.66 52.08 72.37 6659
conv4 143 -28.99 23.20 19.40 35.90 61.05 222 -0.41 0.67 23.16 51.89 73.26 5306
conv4 144 -6.33 -0.46 19.98 49.02 67.73 50 3.21 -2.65 22.51 51.22 72.34 2569
conv4 145 -15.86 10.98 18.37 41.38 68.09 86 1.39 -2.00 22.35 50.28 70.94 4157
conv4 146 -0.99 -2.71 21.68 48.85 67.26 270 -1.38 -2.55 21.02 47.59 65.87 3290
conv4 147 4.34 -3.34 7.08 16.51 26.02 318 -1.29 -0.90 23.29 52.25 72.90 2478
conv4 148 0.01 -0.33 8.58 22.96 44.27 16 0.48 -0.47 23.36 52.66 73.09 7907
conv4 149 -15.30 -0.62 15.67 45.81 62.42 279 -0.97 -0.64 23.81 52.08 72.54 3440
conv4 150 -1.95 -12.86 15.01 41.38 61.11 49 -4.58 3.88 20.02 44.97 71.10 3303
conv4 151 6.96 12.88 16.40 38.41 59.40 324 0.68 -6.10 24.33 49.20 66.87 3093
conv4 152 1.73 17.30 7.42 19.61 30.28 13 -0.69 -0.50 23.43 52.15 73.06 15782
conv4 153 -12.44 1.89 16.96 41.77 60.24 44 4.15 -1.78 21.90 48.59 70.72 5874
conv4 154 23.06 -26.39 12.59 33.57 47.64 395 -0.39 -0.97 23.38 52.35 72.53 3521
conv4 155 3.47 0.45 20.20 41.28 63.84 1537 -2.80 1.98 21.85 52.05 71.26 825
conv4 156 -8.49 -17.92 17.01 39.62 58.06 277 -1.48 -0.45 23.81 52.39 72.89 2712
conv4 157 1.09 0.80 23.12 47.74 64.21 62 -6.76 4.30 21.65 50.49 72.21 165
conv4 158 -10.79 14.82 24.68 45.63 65.53 123 5.67 -10.41 17.34 39.80 57.20 1478
conv4 159 -9.21 -0.05 21.65 43.37 64.75 145 0.29 0.40 23.99 51.87 72.07 2416
conv4 160 4.26 -3.33 21.66 50.71 70.15 1282 -8.45 -0.04 20.39 46.28 67.27 2688
conv4 161 -0.45 19.01 21.10 40.99 60.44 772 0.32 -6.42 22.12 50.51 72.30 1985
conv4 162 2.49 -22.12 16.70 36.85 53.02 367 -0.24 -1.58 22.76 50.11 68.44 1338
conv4 163 -1.33 4.35 22.91 51.06 69.54 1290 -9.50 -19.50 14.87 36.71 55.81 870
conv4 164 -3.38 -2.82 17.56 48.09 62.95 55 5.51 -6.11 20.48 45.56 66.25 4912
conv4 165 6.67 9.73 17.02 40.05 61.46 11 -0.49 -0.98 23.59 52.55 73.19 5661
conv4 166 -2.63 5.54 24.28 55.57 72.57 105 0.21 1.14 20.15 45.18 69.75 3039
conv4 167 0.52 -8.13 11.05 27.91 41.36 101 -0.87 0.04 24.21 51.92 72.58 2064
conv4 168 -1.35 -9.41 22.27 45.59 64.46 54 9.22 8.45 19.75 44.39 63.62 1575
conv4 169 -0.23 -11.18 15.42 37.80 55.77 27 -0.83 -1.41 23.15 50.94 71.11 7179
conv4 170 0.73 -2.32 22.62 51.33 72.95 10600 5.98 8.99 18.55 46.81 67.80 1311
conv4 171 -5.66 0.55 17.59 43.42 63.56 30 -2.49 -0.15 22.47 50.87 73.19 4201
conv4 172 1.43 21.53 16.70 28.78 46.04 692 4.52 -1.06 21.84 48.56 67.58 1453
conv4 173 -0.27 1.30 20.91 51.39 71.58 128 -1.05 -0.15 18.88 42.39 59.61 4104
conv4 174 -5.39 -3.82 6.67 15.25 22.53 30 0.21 -0.85 22.99 52.00 72.85 15631
conv4 175 0.83 -0.96 29.47 52.52 69.62 382 -17.14 15.10 14.54 37.97 56.75 741
conv4 176 9.24 -12.39 18.16 41.34 61.76 27 -0.51 0.91 22.62 52.05 72.84 4934
conv4 177 -2.15 1.77 21.78 51.57 71.01 2381 2.91 1.38 17.12 38.87 59.84 1111
conv4 178 4.11 -15.90 6.18 15.68 32.90 22 -2.00 -1.98 17.87 40.65 60.70 3143
conv4 179 2.34 2.94 10.18 29.60 46.53 20 -0.26 -1.38 23.60 52.82 73.33 7304
conv4 180 -1.67 -0.44 20.89 47.60 67.34 146 5.98 -8.83 19.87 44.54 61.98 1910
conv4 181 -6.49 -36.13 13.22 33.63 55.01 288 -10.48 -4.02 22.49 48.48 68.96 4101
conv4 182 -10.32 4.41 11.85 31.09 49.77 259 -0.67 -0.42 24.02 51.64 72.59 13521
conv4 183 2.24 -21.39 16.43 35.99 57.75 879 0.76 0.57 22.96 51.85 72.87 4791
conv4 184 -14.66 -0.50 11.76 31.41 46.05 31 -0.02 0.67 23.36 51.39 71.87 6696
conv4 185 -5.05 0.40 15.68 38.10 55.33 30 3.10 2.29 23.33 50.92 70.88 4056
conv4 186 -20.55 -3.26 9.18 23.31 38.24 73 -0.20 0.09 25.21 53.11 72.88 5385
conv4 187 -15.08 12.39 25.90 49.59 71.08 72 -0.98 -3.70 19.26 44.57 64.06 3104
conv4 188 -0.01 19.73 13.96 31.96 45.78 580 -0.33 -1.86 26.03 53.19 73.42 13964
conv4 189 -4.07 -0.75 20.69 53.34 69.83 161 2.10 -4.19 16.17 35.88 51.82 2432
conv4 190 0.92 6.25 20.30 48.20 68.02 99 -0.07 -0.07 23.83 52.08 72.79 5831
conv4 191 -3.11 6.50 21.89 47.74 66.90 959 1.64 -3.85 17.14 39.12 57.39 1492
conv4 192 0.93 -14.46 16.64 35.81 62.67 63 0.60 -1.84 24.71 52.46 72.13 2210
conv4 193 0.65 4.07 5.94 13.74 22.20 88 -0.17 -0.19 25.11 52.98 73.18 16893
conv4 194 11.11 1.58 15.97 47.21 67.00 41 -3.92 0.64 22.05 49.18 68.31 3945
conv4 195 -7.87 -7.91 16.57 42.56 63.80 42 -0.89 0.34 22.90 50.69 70.85 4928
conv4 196 -0.50 38.03 8.83 21.01 39.56 4 -6.56 -11.14 19.75 44.10 62.00 3194
conv4 197 1.58 1.17 18.27 45.33 65.03 410 -3.46 2.25 22.48 50.38 69.99 2837
conv4 198 0.54 -0.98 8.86 22.61 43.99 6 0.07 1.64 24.05 51.52 72.31 13667
conv4 199 -8.50 -17.34 18.64 35.43 55.21 12 0.50 2.15 21.04 48.19 69.50 6775
conv4 200 5.65 -14.14 13.22 33.07 53.31 26 -0.94 5.90 22.22 49.89 69.54 4739
conv4 201 -1.23 4.30 30.09 55.88 74.44 728 5.73 -6.97 19.69 43.67 63.13 4244
conv4 202 1.89 1.87 23.97 48.39 68.07 154 3.92 -1.04 20.54 45.04 64.35 3146
conv4 203 21.79 21.79 23.16 36.54 47.80 3 -0.25 -0.33 24.39 52.36 72.60 12194
conv4 204 0.14 -1.57 26.35 54.71 74.06 11143 6.90 4.26 21.84 48.88 70.43 2222
conv4 205 9.70 5.90 18.79 41.72 62.23 32 0.05 -1.33 23.74 52.51 72.81 14036
conv4 206 5.26 -5.40 17.26 37.55 63.14 23 -0.58 -0.51 23.25 52.38 73.07 4125
conv4 207 20.11 5.57 16.85 40.80 62.79 283 1.18 -1.54 21.09 48.19 66.70 2303
conv4 208 -2.29 -1.91 4.81 12.22 22.37 3 -1.01 0.08 23.08 51.69 72.63 12629
conv4 209 -9.62 3.60 40.21 59.41 76.62 87 2.13 -0.19 22.54 50.38 72.29 6012
conv4 210 4.86 5.24 20.33 46.84 67.29 941 1.12 1.49 22.28 49.44 66.99 1971
conv4 211 12.15 1.19 17.03 40.34 59.96 732 -2.69 -0.42 22.08 50.79 72.51 2311
conv4 212 -4.90 25.58 13.30 29.46 48.41 25 -0.63 -1.14 24.37 52.69 72.51 3251
conv4 213 -7.47 0.69 21.46 47.26 70.60 633 2.35 -1.06 22.27 50.23 70.10 1822
conv4 214 -21.65 -30.96 14.00 30.15 47.60 20 -0.71 -0.28 23.42 52.01 72.85 6205
conv4 215 -2.20 0.33 24.10 52.34 69.98 1306 7.55 4.30 21.36 48.50 69.26 1784
conv4 216 -4.86 -9.63 26.30 45.92 65.87 966 -3.65 3.69 20.68 46.51 67.77 193
conv4 217 6.67 2.35 19.45 45.62 64.93 38 0.45 -7.81 20.69 48.31 67.58 4864
conv4 218 -11.83 8.69 13.35 32.93 53.73 35 -4.61 0.12 18.91 43.97 65.62 1237
conv4 219 2.00 -0.36 21.09 48.62 69.12 41 -6.78 -1.34 17.77 40.36 62.07 2075
conv4 220 -0.00 -5.11 24.86 52.45 72.98 100 5.37 10.47 17.93 44.78 64.16 1153
conv4 221 -4.07 -0.55 5.51 13.06 19.92 337 -1.15 -0.25 26.14 53.47 73.32 16509
conv4 222 -0.38 1.24 32.73 56.26 74.05 8819 -0.23 -2.87 21.41 47.03 67.55 2439
conv4 223 -12.65 -16.70 12.75 29.66 48.66 38 -2.14 1.39 21.89 49.13 70.06 5487
conv4 224 7.49 4.69 19.52 49.56 67.99 317 0.46 5.73 21.25 48.39 68.41 1924
conv4 225 -1.61 -8.48 19.37 50.91 68.07 142 -11.86 -5.95 20.68 47.53 70.37 2179
conv4 226 9.54 -7.27 17.70 36.12 53.53 408 -2.38 -2.49 22.03 50.20 68.33 1357
conv4 227 -5.58 -2.18 29.09 52.48 70.12 2612 3.23 17.72 19.91 44.60 66.15 1456
conv4 228 0.08 -0.45 23.85 53.65 73.90 12461 0.12 5.72 20.21 44.62 65.71 957
conv4 229 -5.32 -4.40 7.94 23.57 34.06 20 -0.27 0.76 24.23 52.19 72.81 8522
conv4 230 -0.59 -1.16 24.73 53.68 73.50 2177 7.49 7.26 18.01 40.63 60.47 1497
conv4 231 -0.72 4.98 20.39 47.85 67.39 998 -2.99 -4.09 21.87 48.03 66.37 2926
conv4 232 -1.39 -1.55 22.26 50.41 69.74 1540 -3.96 6.51 17.88 39.42 59.33 1923
conv4 233 3.24 -9.82 21.42 42.93 61.55 294 -0.20 -0.34 23.91 52.86 73.21 12192
conv4 234 14.95 -4.82 10.63 28.65 50.44 23 11.68 -3.49 14.01 34.83 54.05 45
conv4 235 11.12 -24.98 9.74 21.16 31.23 95 -1.26 0.29 23.34 52.18 73.00 16343
conv4 236 -0.95 -13.45 10.56 32.05 50.73 769 0.69 -0.97 21.33 47.40 65.62 3508
conv4 237 1.52 9.13 20.70 46.46 63.41 129 3.82 -2.96 21.20 47.81 69.86 3071
conv4 238 -1.38 -3.53 9.75 28.06 45.81 20 -3.37 -3.60 22.48 48.99 67.94 2539
conv4 239 -1.92 18.34 13.54 31.27 45.08 11 -0.69 -0.48 23.24 52.27 72.87 12758
conv4 240 -3.21 7.33 32.56 51.92 66.93 344 3.43 -6.85 18.46 42.46 62.53 2518
conv4 241 -1.83 0.93 16.38 41.56 60.64 333 3.01 -8.76 19.67 44.60 66.21 2088
conv4 242 3.06 -5.77 20.89 46.92 66.27 680 -1.24 0.27 22.07 51.57 72.82 1847
conv4 243 -0.51 -1.78 19.03 43.90 62.02 2040 22.22 10.13 15.20 36.23 56.94 60
conv4 244 -2.58 -0.64 28.14 55.14 73.63 11972 3.39 -1.08 15.49 36.69 57.88 116
conv4 245 0.66 -13.98 15.54 34.96 50.49 472 -2.73 -2.80 23.00 50.88 68.97 2167
conv4 246 17.54 0.63 17.20 38.60 54.89 189 -2.70 -3.25 20.71 46.39 65.59 3015
conv4 247 1.42 -10.88 9.78 21.73 37.01 29 -0.67 1.18 25.55 52.40 72.52 15122
conv4 248 -7.99 3.63 21.12 47.13 66.79 2020 -0.89 2.23 21.58 48.30 71.06 231
conv4 249 3.07 6.73 9.77 27.69 50.14 155 -1.40 -1.71 24.89 52.11 71.78 4019
conv4 250 0.80 2.23 34.06 56.36 74.33 1517 -2.99 -2.78 18.46 42.47 62.88 2179
conv4 251 -2.61 -11.30 6.99 18.32 32.78 391 -0.28 -0.32 23.60 52.49 73.08 16326
conv4 252 -9.55 20.13 18.72 40.82 57.74 48 -0.77 -0.52 24.02 52.89 73.19 5600
conv4 253 -0.01 -0.01 32.59 55.72 74.26 14107 3.74 -0.94 13.11 28.82 43.09 1011
conv4 254 -10.34 -10.36 18.25 43.75 63.99 461 -1.08 -0.49 23.60 51.68 72.93 2559
conv4 255 -24.59 10.50 20.16 36.63 51.70 14 -0.84 -0.40 23.46 51.85 72.42 5972
conv5 0 -5.21 12.78 13.40 30.35 50.36 90 -0.97 -0.43 30.78 66.19 91.22 16373
conv5 1 0.04 5.42 16.29 38.61 63.44 6 -0.00 -0.64 30.35 65.76 91.09 17236
conv5 2 -20.85 3.95 12.90 30.93 55.46 73 -0.46 0.32 30.84 66.04 91.39 16304
conv5 3 4.83 2.71 30.53 57.81 78.08 42 7.13 -4.12 27.51 60.23 85.03 10414
conv5 4 -6.76 -5.25 13.67 31.27 55.53 8 -1.11 0.21 30.07 66.12 91.16 6006
conv5 5 1.46 -12.00 26.51 55.29 80.97 99 -0.48 1.41 29.49 65.89 90.86 4752
conv5 6 36.14 -5.56 13.44 30.57 53.59 22 -0.37 -0.53 29.42 65.15 90.83 1917
conv5 7 0.79 -2.76 19.14 43.04 61.20 16 -0.53 -0.02 29.31 65.02 90.94 15795
conv5 8 0.98 0.77 9.83 23.02 37.65 35 -0.60 -0.21 29.99 65.51 90.94 16731
conv5 9 4.09 18.29 15.67 33.38 48.04 669 0.79 -1.77 29.44 64.12 88.13 9966
conv5 10 -0.36 8.88 10.92 30.22 49.67 18 -1.64 -0.54 28.94 64.54 90.03 16777
conv5 11 3.34 -19.96 17.12 37.80 55.41 277 -1.02 -0.28 30.24 66.31 91.47 14626
conv5 12 17.53 -30.53 17.05 35.47 49.69 768 -0.91 0.04 30.63 65.96 90.80 14202
conv5 13 0.42 -2.10 10.64 23.79 34.94 36 -0.44 -0.53 29.49 65.28 90.73 7253
conv5 14 -11.99 21.74 12.91 29.12 49.33 12 -0.47 -0.32 28.94 65.56 91.14 7145
conv5 15 -0.95 5.08 13.43 29.04 43.94 44 -1.40 0.02 28.56 64.05 90.03 9894
conv5 16 -0.51 30.06 7.85 18.10 29.33 3 -0.23 -0.58 29.31 65.28 90.87 12231
conv5 17 -3.52 30.12 6.87 11.12 35.53 2 -0.65 -0.82 28.95 65.41 91.06 4429
conv5 18 -0.50 -0.50 8.06 27.29 54.42 14 0.21 -0.72 29.22 65.24 90.77 4382
conv5 19 2.07 -7.40 8.50 20.50 29.14 67 -1.10 0.25 32.17 65.84 91.21 16136
conv5 20 -2.75 7.67 21.91 36.42 59.84 36 -0.99 -0.29 28.83 64.99 90.96 3161
conv5 21 0.02 -0.37 8.01 18.30 29.44 3 2.94 0.12 30.12 64.23 88.21 3608
conv5 22 2.76 0.54 32.61 68.15 91.84 3538 9.38 10.50 23.81 54.45 77.64 274
conv5 23 -10.62 -17.25 16.41 42.77 61.46 449 0.82 0.46 28.77 65.80 91.30 15125
conv5 24 15.09 -18.47 21.68 50.63 73.61 324 -1.58 -0.90 29.48 64.94 89.73 5882
conv5 25 -6.73 -16.88 22.79 54.77 75.93 70 -1.99 0.15 28.94 64.70 90.18 2611
conv5 26 5.62 -12.04 12.21 28.01 43.42 79 -0.17 -0.02 29.60 65.83 91.15 16749
conv5 27 -0.83 13.06 10.80 25.71 39.52 14 -1.70 -0.57 29.94 63.45 86.56 5664
conv5 28 -20.66 -1.11 21.28 48.71 74.05 432 -0.91 0.16 29.07 66.20 91.30 1661
conv5 29 -1.97 -0.50 5.58 15.90 27.36 3 -0.86 -0.34 29.06 65.46 91.04 17312
conv5 30 5.16 -17.28 26.22 62.79 88.25 118 -4.53 2.78 28.79 62.91 89.14 2250
conv5 31 -5.71 -0.73 8.90 21.77 30.79 11 -0.71 -2.12 27.36 59.15 81.44 5324
conv5 32 16.51 -11.41 21.69 49.03 74.93 12 -1.32 -0.41 31.51 66.11 91.44 17337
conv5 33 3.20 9.80 10.91 25.91 46.96 421 -0.60 -0.84 31.42 66.83 91.18 1635
conv5 34 23.45 2.28 16.69 40.75 60.59 8 -1.06 -0.61 29.86 65.18 90.83 17288
conv5 35 19.72 5.72 13.91 28.18 50.39 230 -0.29 -0.62 30.50 66.05 91.02 1937
conv5 36 3.90 0.26 17.77 39.17 58.45 861 -1.50 0.30 29.85 66.29 91.48 13391
conv5 37 11.29 -0.87 10.35 27.25 44.01 24 -0.63 0.12 29.46 65.48 90.46 16963
conv5 38 3.59 1.25 9.23 29.41 53.12 20 -0.40 -0.82 29.12 65.16 90.78 11179
conv5 39 -4.11 -2.02 29.55 60.56 83.49 408 0.24 -19.42 19.80 46.85 69.56 956
conv5 40 -8.16 11.60 23.91 54.67 82.14 204 -0.26 1.04 29.64 66.43 91.62 14756
conv5 41 4.99 -30.63 16.16 37.26 55.56 217 -0.29 -0.23 30.56 66.36 91.54 2100
conv5 42 11.50 -16.70 27.67 56.39 90.69 3005 10.78 12.03 21.28 47.73 76.06 266
conv5 43 43.66 -30.62 12.81 32.80 71.22 20 -0.52 1.78 29.77 64.82 89.65 2846
conv5 44 0.54 -6.40 18.13 42.44 64.41 37 -1.20 -0.02 30.19 65.76 91.43 5423
conv5 45 -1.35 -10.86 25.05 54.96 79.21 88 0.55 4.45 29.07 63.24 90.20 1507
conv5 46 1.97 -2.75 13.38 33.26 55.23 106 -3.05 4.99 26.75 60.84 84.49 396
conv5 47 -20.07 2.32 9.93 24.05 37.62 23 -0.25 -0.61 30.49 66.20 91.25 16790
conv5 48 -0.43 -14.16 25.16 51.59 74.88 69 -2.01 -0.99 29.45 64.52 89.19 5405
conv5 49 -0.28 0.11 11.81 28.25 51.53 51 -0.12 0.07 29.44 65.65 91.04 5642
conv5 50 -0.07 3.47 25.62 57.92 81.61 41 -0.63 -0.15 29.72 66.13 91.31 9380
conv5 51 -8.55 27.44 9.36 26.53 50.20 20 -1.06 -0.73 29.24 64.97 90.92 16610
conv5 52 -0.40 -24.37 23.68 48.67 70.44 60 -1.77 0.55 30.24 65.38 91.20 4221
conv5 53 9.81 -32.27 27.13 53.60 77.01 328 -1.69 4.12 28.20 62.94 86.77 1949
conv5 54 -4.41 -1.53 29.90 63.99 90.86 408 -0.43 -1.27 28.97 65.63 90.29 1539
conv5 55 3.53 9.29 14.03 30.08 49.22 530 -0.19 -1.05 29.86 66.12 91.32 13453
conv5 56 -0.50 -0.50 8.00 18.03 29.21 100 -0.75 -0.74 29.87 65.78 90.95 16553
conv5 57 7.09 -7.60 37.54 69.64 92.02 146 -0.39 0.38 29.91 65.05 90.96 5491
conv5 58 -20.32 -2.80 14.24 33.09 56.05 19 0.70 -0.87 29.82 65.84 91.28 14896
conv5 59 3.14 -13.78 7.41 17.14 24.53 38 -0.26 -0.20 29.01 65.09 90.89 7038
conv5 60 -5.54 0.95 19.48 41.29 61.85 2448 -2.25 0.41 28.80 61.38 82.62 176
conv5 61 -7.17 1.32 23.41 53.44 78.27 555 -0.92 -0.46 30.06 66.37 91.30 10332
conv5 62 -24.19 15.08 18.95 45.35 70.41 811 -1.41 -0.51 29.96 66.16 91.49 12252
conv5 63 -0.50 -15.50 2.00 8.00 14.04 1 -0.27 -0.68 29.91 65.64 91.08 17286
conv5 64 -14.01 -27.70 7.36 24.54 41.92 7 -0.06 -1.01 29.50 65.15 90.74 17249
conv5 65 -4.55 -5.28 17.07 38.99 57.47 675 -0.81 -1.62 29.56 65.26 91.24 2383
conv5 66 9.27 -18.59 4.27 10.42 22.84 6 -1.15 0.80 30.65 65.51 91.14 10614
conv5 67 -10.46 -9.67 18.04 41.93 64.12 424 -1.18 -0.42 31.35 66.42 91.46 1830
conv5 68 4.73 12.19 13.43 30.22 46.37 1034 -0.72 -0.11 30.14 66.00 91.29 3196
conv5 69 2.61 -7.92 10.17 23.89 35.35 970 -1.27 -0.01 29.12 65.74 90.93 7045
conv5 70 -4.01 -31.52 17.75 42.31 65.45 33 -0.41 -0.35 32.96 66.57 91.43 17013
conv5 71 -1.29 -0.27 15.51 33.63 48.49 1118 -0.27 0.28 30.73 66.22 91.15 14137
conv5 72 -3.86 -17.50 12.02 27.16 58.71 66 -0.55 -0.42 30.78 65.77 91.15 16846
conv5 73 16.42 -12.96 27.96 55.80 85.92 491 -0.90 0.04 29.39 65.41 91.00 5130
conv5 74 9.38 -7.35 23.20 56.23 80.59 251 1.63 0.21 29.22 65.33 90.92 2631
conv5 75 -1.87 20.19 9.64 23.52 37.57 21 -0.82 0.00 30.21 65.51 91.02 8864
conv5 76 1.90 5.25 12.64 28.10 41.24 61 -0.33 -0.56 30.76 66.35 91.30 16036
conv5 77 -1.75 -39.54 24.02 46.42 73.57 66 0.40 -1.80 29.56 63.79 87.90 14117
conv5 78 5.45 -20.51 12.39 28.82 53.45 30 -0.80 0.65 29.33 65.60 91.55 16652
conv5 79 -2.38 -5.97 16.52 37.54 55.07 281 -0.81 -0.45 28.45 64.18 89.62 1120
conv5 80 -2.35 0.02 12.40 30.50 53.27 47 -0.56 -0.12 29.64 65.99 91.23 8836
conv5 81 -0.84 -7.79 26.51 57.09 83.02 179 -0.85 0.13 28.87 65.93 91.24 13390
conv5 82 19.32 -0.45 19.26 54.22 82.55 438 -1.46 -1.45 29.01 65.32 90.91 13098
conv5 83 0.43 0.42 34.27 66.66 91.62 10395 1.47 -30.90 19.20 43.49 63.99 900
conv5 84 0.22 -6.44 12.22 27.66 48.13 49 2.94 -6.03 26.54 58.09 81.46 1388
conv5 85 -5.98 45.66 13.92 31.11 47.79 8 -0.32 0.14 31.12 65.69 90.75 8155
conv5 86 -7.51 -6.85 21.03 33.70 47.21 30 -0.70 -0.66 29.26 65.54 91.10 11784
conv5 87 1.59 0.17 15.84 33.05 47.18 81 -0.29 -0.50 29.70 66.01 91.15 5236
conv5 88 3.42 -14.89 12.92 32.01 46.46 19 -0.99 -0.67 29.17 65.04 90.41 14568
conv5 89 -8.90 -21.48 37.25 66.66 101.08 189 -0.22 0.02 28.67 64.53 89.92 6937
conv5 90 0.11 -0.50 10.01 31.60 56.09 3 -0.26 -0.13 30.22 65.47 91.25 5010
conv5 91 3.94 -2.86 27.47 57.01 78.36 1262 1.78 1.00 26.38 64.82 89.20 1220
conv5 92 1.47 0.01 12.53 25.62 37.98 24 -0.76 -0.28 29.36 65.43 90.98 16941
conv5 93 28.79 -17.89 7.69 19.40 37.91 4 -0.79 -0.07 31.14 65.96 91.21 17191
conv5 94 18.96 -3.35 27.53 58.21 82.63 85 -0.78 0.08 29.13 65.82 91.41 9840
conv5 95 -1.22 -0.94 29.72 60.88 82.62 49 -3.49 -0.01 24.37 55.67 78.74 6732
conv5 96 -2.58 5.87 5.63 13.53 21.15 53 -0.82 -0.68 29.26 65.31 90.99 11381
conv5 97 -17.75 1.53 18.92 42.24 62.13 11 -0.36 -0.28 30.22 66.26 91.50 12424
conv5 98 12.51 14.63 13.87 31.45 48.66 153 -0.92 -0.67 29.23 65.40 90.99 15987
conv5 99 14.72 8.84 8.58 28.13 50.78 14 -1.78 -0.46 28.83 64.97 90.93 7528
conv5 100 -23.22 -6.08 21.73 49.18 70.64 452 -0.91 0.40 30.10 66.71 91.57 2801
conv5 101 9.55 23.45 19.95 44.60 64.29 37 -1.43 4.86 26.32 58.83 82.93 14963
conv5 102 1.25 6.61 13.19 33.61 58.89 448 -0.61 0.47 30.25 65.73 90.65 1464
conv5 103 8.14 0.92 24.95 55.40 79.36 290 -3.19 13.61 25.41 57.89 84.73 1353
conv5 104 1.81 -19.16 6.70 22.43 49.91 55 -0.49 -0.20 29.83 65.81 91.11 15587
conv5 105 3.05 -3.15 30.58 71.30 92.91 446 -2.79 -5.99 27.89 61.30 86.25 2080
conv5 106 -0.85 -7.92 36.63 68.30 92.74 14665 15.17 -18.95 17.09 40.90 64.33 890
conv5 107 21.99 -21.44 20.59 46.90 73.48 38 -0.82 -0.27 28.49 65.45 91.02 3321
conv5 108 -12.07 -7.61 17.96 42.50 64.23 17 -1.31 0.15 28.70 64.26 89.68 9218
conv5 109 2.45 10.52 3.59 9.08 17.05 4 -0.36 -0.26 28.91 65.57 91.09 7933
conv5 110 -10.28 -11.63 24.57 56.47 82.06 1608 6.90 -5.86 24.10 57.14 79.95 349
conv5 111 -20.88 -9.68 23.65 51.96 77.72 449 0.67 -1.48 28.95 65.91 90.94 2203
conv5 112 4.77 12.21 12.41 28.11 41.54 552 -0.30 -0.34 29.50 65.46 91.01 11609
conv5 113 6.19 -9.50 20.50 51.17 78.65 70 -1.95 0.04 29.65 66.49 91.31 3236
conv5 114 1.30 -2.81 9.77 21.87 30.94 33 -0.77 -0.46 30.41 66.22 91.50 15469
conv5 115 8.95 19.23 13.70 31.14 51.01 43 -0.47 -0.66 28.98 65.93 91.21 15763
conv5 116 2.22 9.92 13.04 31.23 54.35 36 -0.09 0.06 29.67 65.12 90.81 11352
conv5 117 -0.15 -24.23 15.39 36.30 55.17 41 0.20 -0.75 29.43 65.84 91.14 14926
conv5 118 -14.84 -26.74 18.25 44.83 59.05 10 -1.55 2.64 25.57 56.28 77.60 5513
conv5 119 -82.50 -82.50 -1.00 -1.00 -1.00 0 -1.00 -0.78 29.76 65.28 90.83 14435
conv5 120 -7.88 2.79 8.52 19.45 37.19 43 -0.53 -0.21 30.69 65.87 91.04 2730
conv5 121 -0.59 2.77 9.71 23.48 36.07 30 -0.95 -0.38 29.88 65.51 90.98 16797
conv5 122 1.74 -2.12 20.66 46.04 70.53 1545 -1.84 -12.37 26.35 60.43 81.75 458
conv5 123 13.08 11.83 22.82 53.11 77.12 111 -1.59 -0.97 29.34 65.01 89.96 13282
conv5 124 -5.13 -46.75 27.97 57.45 81.66 13 0.68 0.89 28.73 65.22 91.65 16123
conv5 125 -7.60 -0.65 26.40 58.66 87.01 3360 -1.01 -0.71 31.00 66.96 91.40 778
conv5 126 -11.51 0.22 24.68 54.17 77.00 3227 -7.60 12.34 23.86 58.06 85.45 226
conv5 127 22.19 6.95 10.84 26.46 43.24 18 -0.53 -0.35 29.43 65.47 90.92 11255
conv5 128 29.99 -26.72 4.25 10.23 29.22 6 -1.07 -0.22 28.93 65.16 90.73 7641
conv5 129 -7.20 23.05 9.60 22.94 37.06 7 -0.35 -0.18 30.06 65.91 91.21 17206
conv5 130 0.01 23.62 5.23 17.06 30.15 22 -0.83 0.00 29.68 65.65 91.11 12674
conv5 131 11.52 -15.44 4.94 11.65 18.47 6 -0.24 0.35 28.76 65.49 91.24 17105
conv5 132 0.71 0.80 25.58 66.77 89.68 473 -0.21 0.84 28.94 64.09 89.30 5179
conv5 133 4.99 2.95 10.56 26.27 43.58 534 -0.73 -0.31 29.70 65.11 90.83 15100
conv5 134 -0.50 -4.94 22.67 52.23 78.47 72 -0.12 -0.67 29.77 66.12 91.49 7061
conv5 135 -0.50 -0.50 7.21 31.02 55.54 1 -0.35 0.17 30.32 65.59 90.95 11058
conv5 136 9.33 11.32 16.86 37.45 58.49 1924 -0.28 -0.03 29.98 65.00 88.51 651
conv5 137 0.88 1.11 13.17 26.63 37.64 837 -0.86 -0.33 31.44 66.37 91.39 14901
conv5 138 -10.93 7.77 23.31 53.77 79.14 211 1.56 -0.56 29.66 63.04 87.97 1324
conv5 139 1.74 -7.11 20.56 48.27 76.52 38 0.97 10.10 29.09 61.67 85.29 9105
conv5 140 -43.08 -6.46 12.82 28.70 42.52 1 -0.47 -0.24 29.97 65.64 91.09 17290
conv5 141 -11.06 -1.61 24.95 59.63 80.88 300 0.92 -2.10 25.92 58.99 81.63 1409
conv5 142 1.52 1.06 12.50 25.84 36.50 39 -0.78 -0.81 28.74 65.01 90.93 16667
conv5 143 0.05 -2.02 30.88 60.13 85.47 4066 0.17 -0.18 28.36 65.99 91.43 1034
conv5 144 -0.50 -0.50 11.66 34.44 56.36 117 -0.53 -0.53 31.15 66.65 91.80 14459
conv5 145 -1.85 -1.07 16.01 33.96 50.36 674 -1.77 1.21 30.02 65.60 90.54 2267
conv5 146 1.92 -14.51 10.46 25.60 49.19 114 -0.65 -0.39 28.78 65.07 91.04 5258
conv5 147 6.43 6.41 4.52 11.14 20.63 5 -1.74 -0.32 28.90 64.29 89.40 10817
conv5 148 -0.50 18.89 7.86 20.32 33.28 57 -0.79 -0.23 29.33 65.79 91.18 10192
conv5 149 -2.92 0.93 32.45 66.41 91.83 2047 -9.80 -2.26 25.07 57.99 81.77 368
conv5 150 1.88 0.83 11.31 30.18 54.20 66 -1.18 -0.02 30.38 65.98 91.34 15781
conv5 151 -4.04 -34.05 15.93 38.63 59.37 53 -0.97 -0.05 29.69 65.63 91.09 4778
conv5 152 -19.05 -0.37 21.66 48.76 79.30 73 -3.22 -0.61 29.92 65.45 90.10 2500
conv5 153 -5.84 24.75 17.34 40.01 67.25 24 -0.20 -0.06 30.24 65.59 91.03 3523
conv5 154 -6.71 -24.33 22.25 49.84 70.73 17 4.53 5.60 26.21 59.41 84.08 4050
conv5 155 -0.57 4.45 12.12 28.25 42.46 401 -0.11 0.95 29.08 65.19 90.58 14899
conv5 156 14.10 -15.98 23.37 53.37 79.14 62 -0.89 -0.27 30.27 66.22 91.27 4470
conv5 157 -5.82 -0.54 14.52 33.20 51.70 392 -0.17 -0.94 30.03 66.31 91.24 14590
conv5 158 0.41 0.57 33.95 67.20 92.03 13765 -10.14 -6.94 16.38 37.78 58.78 1057
conv5 159 9.05 -12.04 12.47 29.64 46.39 38 -0.97 -1.43 30.94 66.15 90.91 16231
conv5 160 -12.04 3.50 11.71 27.43 40.96 15 -0.73 1.05 30.30 65.54 91.18 17119
conv5 161 5.85 -0.59 25.43 63.94 91.47 394 1.22 8.78 25.51 59.00 81.05 1817
conv5 162 -3.46 -0.92 32.63 65.89 90.81 4204 -3.50 -5.00 21.22 50.33 75.37 279
conv5 163 18.57 -15.79 4.42 9.52 14.22 2 0.28 0.62 29.42 65.27 90.99 13774
conv5 164 2.12 3.06 25.68 55.67 80.52 433 -2.46 1.90 29.79 65.88 91.22 1322
conv5 165 6.79 -3.82 32.06 65.61 89.78 392 -3.47 -0.98 23.70 55.17 84.40 2205
conv5 166 4.86 -5.80 15.22 30.94 47.22 220 -1.06 -0.20 29.74 65.89 91.25 10202
conv5 167 -1.81 -1.28 33.83 65.17 88.01 368 -0.43 -1.74 23.96 53.87 76.98 1541
conv5 168 -3.66 -11.02 17.06 41.32 64.02 1708 -0.70 -1.59 30.94 65.81 91.46 2114
conv5 169 -0.50 -41.00 12.54 28.20 41.00 8 -0.66 -0.08 29.08 65.64 91.28 10104
conv5 170 -0.20 1.49 11.06 22.80 32.31 35 -0.22 -0.30 34.36 66.84 91.52 16816
conv5 171 30.06 -0.51 5.03 15.99 28.08 1 -0.35 0.64 29.73 65.63 90.85 6273
conv5 172 2.13 -0.79 15.94 34.24 50.92 63 -0.51 -1.12 28.91 65.04 90.81 16914
conv5 173 14.13 15.16 11.82 27.16 43.74 8 -0.46 -0.42 29.88 65.41 90.77 16578
conv5 174 1.55 3.79 11.38 30.38 40.73 46 -0.58 -0.36 29.28 65.36 90.90 4506
conv5 175 -2.01 -8.54 8.28 20.21 34.30 20 -0.84 -0.50 29.50 65.52 91.05 17165
conv5 176 -18.25 0.52 9.59 19.39 32.11 7 -0.68 0.06 29.37 65.62 91.05 10151
conv5 177 10.99 11.67 13.18 31.41 52.19 97 -0.49 -0.49 28.99 65.32 90.74 11262
conv5 178 -0.70 -0.33 13.71 33.00 53.42 10 -0.61 -0.29 29.09 65.07 90.73 10848
conv5 179 3.76 -5.74 27.24 63.61 87.75 80 -0.86 1.17 30.13 65.25 91.19 3408
conv5 180 12.42 5.66 12.29 23.53 34.30 67 -0.46 0.14 29.47 65.71 91.25 12973
conv5 181 27.10 8.45 15.28 38.12 60.11 10 -0.10 0.11 29.98 65.64 90.73 17211
conv5 182 7.37 -0.64 15.60 33.76 52.88 1562 -1.83 -0.28 28.82 65.20 90.41 13571
conv5 183 17.38 -18.14 22.23 49.08 69.83 98 -1.46 0.48 31.42 66.32 91.42 7371
conv5 184 -0.50 -8.00 1.12 4.03 8.02 1 -0.55 0.11 29.55 65.52 90.92 7308
conv5 185 -0.32 3.44 15.06 38.82 64.96 86 -0.12 -0.93 29.75 66.43 91.42 1890
conv5 186 -0.07 13.53 10.63 29.29 42.57 13 -0.81 -0.32 29.19 65.28 90.97 12709
conv5 187 -0.68 -16.46 18.24 48.31 73.65 178 -0.74 -1.13 29.25 65.68 91.20 3389
conv5 188 11.74 -24.73 15.97 42.32 77.15 119 -0.97 -0.02 28.82 65.62 91.24 16462
conv5 189 4.86 1.25 20.68 46.75 73.04 162 -0.75 -0.57 28.65 65.15 91.06 14956
conv5 190 -3.37 1.55 12.64 29.02 43.15 47 -1.52 -0.79 30.16 65.24 90.93 17046
conv5 191 6.87 19.60 13.72 32.16 54.10 59 0.75 -1.20 31.29 65.39 90.42 5067
conv5 192 -0.87 18.36 21.30 48.62 68.06 69 -0.63 0.05 29.72 65.82 91.38 7031
conv5 193 3.12 6.19 6.60 14.87 23.03 9 -0.82 -0.34 28.95 65.45 91.01 13202
conv5 194 4.68 12.95 20.32 42.89 61.79 3254 -0.23 -0.73 29.27 63.86 86.91 395
conv5 195 3.64 -4.67 20.81 56.38 82.85 8 3.58 -0.48 25.10 56.46 78.50 1442
conv5 196 12.74 -7.53 10.05 18.13 32.85 4 -0.69 -0.51 28.99 65.47 91.06 17288
conv5 197 9.95 -12.11 11.68 26.02 42.40 27 -1.19 0.26 29.52 65.89 91.35 14706
conv5 198 26.80 8.45 11.29 35.72 65.56 18 -0.16 -0.02 30.06 66.02 91.33 8691
conv5 199 -21.77 10.97 15.27 27.07 40.79 7 -0.45 -0.73 28.87 65.64 90.97 6305
conv5 200 17.21 -12.50 10.92 27.17 51.74 43 -0.91 -0.33 29.25 65.52 91.10 16042
conv5 201 0.27 -16.47 17.00 44.67 65.22 188 -1.28 -2.12 29.09 64.34 89.38 936
conv5 202 0.14 28.30 4.53 10.40 16.41 15 -1.79 0.88 31.18 65.47 90.33 4906
conv5 203 1.49 -28.87 20.01 48.35 76.67 57 0.06 0.13 29.19 65.23 90.91 3029
conv5 204 -1.78 -0.28 17.37 38.18 60.29 2019 -0.34 -0.44 29.67 66.54 91.44 13106
conv5 205 0.57 -1.20 9.41 23.10 51.44 118 -0.50 0.28 31.50 66.31 91.48 16324
conv5 206 -2.17 2.21 14.70 32.66 48.21 848 -0.28 0.01 29.30 66.21 91.30 14382
conv5 207 14.28 -7.98 14.71 31.04 48.42 32 0.45 -2.58 29.20 63.73 87.16 4526
conv5 208 -21.86 5.11 10.96 23.24 35.37 45 -1.22 0.43 29.44 65.46 91.03 16293
conv5 209 -22.41 1.25 15.93 39.58 61.11 14 -0.53 0.31 30.53 65.94 91.38 15184
conv5 210 -0.82 0.96 40.37 66.80 91.09 2720 -4.14 5.53 24.73 57.05 82.62 1852
conv5 211 1.72 3.27 8.84 20.78 33.49 36 -0.32 0.53 31.79 66.32 91.53 16112
conv5 212 3.38 -14.07 14.89 33.82 57.63 114 -1.24 2.33 28.33 62.69 84.83 1218
conv5 213 2.01 5.98 13.45 28.25 40.49 108 -1.16 -0.69 28.82 64.47 90.21 4054
conv5 214 2.28 -5.48 14.05 30.71 52.37 612 -0.79 -0.16 29.97 65.83 91.13 3029
conv5 215 27.96 -32.67 18.01 39.96 61.91 45 -0.84 -0.33 29.83 65.65 90.88 7843
conv5 216 7.75 -12.72 22.05 59.86 90.84 87 -0.23 0.16 28.59 64.81 90.12 4225
conv5 217 -0.49 30.06 5.03 15.99 28.08 1 -3.65 -0.46 30.74 64.85 89.06 6601
conv5 218 1.16 4.22 36.47 66.81 85.54 994 -1.30 6.88 25.16 58.29 85.66 757
conv5 219 12.85 0.43 11.69 26.67 50.55 34 -0.58 -0.23 30.94 65.97 91.25 16486
conv5 220 21.58 14.53 19.94 47.56 84.37 36 -1.33 -0.46 29.72 65.33 90.83 16670
conv5 221 2.44 36.88 13.16 29.64 44.93 9 -1.19 -0.47 28.82 64.66 90.25 6803
conv5 222 -12.30 17.79 17.38 45.10 78.99 69 -0.75 -0.24 28.93 65.55 91.16 11131
conv5 223 0.07 -14.16 21.82 51.54 74.89 68 0.80 1.63 28.70 63.09 88.95 6513
conv5 224 3.19 -5.88 23.01 39.68 60.39 10 -0.66 0.14 29.60 65.64 91.04 14993
conv5 225 3.96 28.90 14.91 34.43 53.15 12 0.03 -2.54 28.61 64.10 90.22 6546
conv5 226 -4.54 -7.93 16.68 46.29 68.06 479 -0.24 -0.23 30.79 66.28 91.39 7788
conv5 227 2.46 -4.73 16.47 34.89 49.04 1346 -1.94 -0.14 30.85 65.89 90.76 14078
conv5 228 10.53 -15.33 11.01 26.14 47.93 24 1.88 -2.77 31.28 65.30 89.75 3859
conv5 229 -0.50 -0.50 10.63 28.32 55.22 59 -0.50 -0.29 30.64 65.58 90.87 6177
conv5 230 -1.67 -9.18 30.88 60.87 88.16 270 -1.08 -1.31 28.54 64.70 89.53 2065
conv5 231 19.58 2.10 6.71 16.75 30.64 27 2.97 2.04 28.07 60.64 82.56 2224
conv5 232 3.41 14.80 13.03 29.95 50.74 448 1.44 -0.78 27.68 61.42 83.97 1064
conv5 233 -6.01 -37.49 13.31 30.20 49.22 32 -0.62 0.51 30.79 66.10 91.36 8588
conv5 234 -9.88 -4.96 19.19 44.76 69.58 49 -2.95 2.55 27.76 64.20 89.96 1958
conv5 235 4.05 5.63 4.83 12.96 22.45 4 -1.02 -0.27 28.98 65.47 90.80 12633
conv5 236 3.92 8.37 12.42 30.11 49.67 240 -0.30 -0.28 29.24 65.29 90.87 6121
conv5 237 -4.28 14.21 8.11 23.78 40.00 859 -1.47 0.08 28.93 65.56 91.27 2957
conv5 238 3.16 -2.98 12.35 35.62 55.78 15 -0.98 -0.03 28.86 65.35 91.14 14763
conv5 239 0.52 3.00 6.80 18.04 27.97 83 -0.60 -0.33 30.89 65.92 91.23 7506
conv5 240 21.29 -10.36 19.23 49.81 70.59 13 -4.30 8.26 27.28 61.36 86.26 4797
conv5 241 -31.50 -31.96 14.49 36.54 59.79 9 -0.51 -0.61 31.75 66.46 91.43 7766
conv5 242 -4.69 5.43 10.17 23.14 37.19 13 -0.61 -0.41 30.47 65.84 91.17 17212
conv5 243 8.24 11.13 14.71 31.39 46.19 53 0.37 -0.27 29.46 65.25 90.84 17024
conv5 244 -8.08 -7.71 24.35 52.50 76.58 233 -0.42 0.56 29.96 66.13 91.26 2385
conv5 245 -0.73 -17.04 12.17 29.59 44.66 85 -1.05 0.04 29.20 64.87 90.64 16295
conv5 246 -0.20 -0.48 5.39 15.99 26.42 9 -0.41 -0.54 30.47 65.86 90.95 17294
conv5 247 7.25 3.78 9.38 22.78 32.93 33 -0.10 -1.39 27.38 60.12 82.70 3477
conv5 248 6.24 -9.58 11.41 26.27 38.76 93 -0.41 -1.39 29.40 65.02 90.03 4438
conv5 249 9.99 -11.05 9.88 27.58 45.95 170 -0.46 -0.06 29.55 65.51 91.12 16084
conv5 250 -8.07 12.80 9.44 22.44 33.92 177 -0.51 -0.59 29.76 65.37 90.65 7680
conv5 251 2.93 7.79 20.44 39.31 55.83 39 0.05 -0.68 28.91 65.73 91.50 3575
conv5 252 -16.79 12.12 19.63 50.84 70.70 31 -0.85 0.10 29.94 65.53 90.17 2419
conv5 253 6.39 6.03 23.72 55.64 82.55 75 -0.22 -0.65 29.21 65.61 91.09 2962
conv5 254 6.69 -7.97 12.63 29.45 44.23 1325 -0.37 -0.18 31.18 66.68 91.20 724
conv5 255 -4.27 -3.54 10.73 25.25 42.09 20 -0.20 0.07 29.97 65.40 90.92 10395
