conv1 0 1.17 2.41 1.29 1.85 164.02 981.440 471.981 0.5978 4795
conv1 1 2.35 -1.17 2.20 1.14 88.59 382.332 4245.631 0.2193 180638
conv1 2 1.55 -1.81 1.18 1.83 132.89 983.240 497.183 0.5287 1791
conv1 3 -0.50 -0.02 0.88 2.58 169.38 738.922 86.853 0.8979 4777
conv1 4 -3.62 -0.30 2.01 1.02 96.65 739.766 461.335 0.4137 2437
conv1 5 3.42 -0.28 3.52 1.66 93.71 373.015 43.214 0.9701 1090
conv1 6 0.01 -0.38 3.28 1.59 45.84 550.686 50.927 0.9619 1088
conv1 7 -1.20 -0.96 3.25 1.12 83.73 342.733 4476.338 0.2113 159588
conv1 8 -4.50 -3.28 2.90 0.44 90.00 3.119 0.086 0.7692 10
conv1 9 0.38 0.36 2.54 3.10 168.50 309.489 20.375 0.5443 5876
conv1 10 -0.44 -2.36 1.15 2.63 163.43 690.167 42.881 0.9683 1757
conv1 11 1.70 1.31 7.53 3.10 134.18 339.480 21.545 0.7534 1839
conv1 12 -0.67 -1.89 2.03 1.04 108.59 395.846 78.001 0.6875 1975
conv1 13 0.29 0.90 2.55 3.17 135.16 298.514 22.091 0.7531 1468
conv1 14 -0.90 -0.05 1.41 3.00 11.30 791.832 56.631 0.9653 1648
conv1 15 -4.63 -4.41 8.95 0.96 0.32 592.190 3518.684 0.6897 110144
conv1 16 0.37 -0.72 3.55 2.60 69.48 455.797 -2.151 0.5866 4534
conv1 17 -0.41 3.48 1.43 3.06 1.87 494.824 132.798 0.8956 1717
conv1 18 -0.04 0.03 3.17 2.63 51.84 378.102 -16.146 0.6724 2152
conv1 19 -4.02 1.37 4.25 0.24 90.44 1930.358 5710.170 0.1278 109874
conv1 20 2.62 1.94 1.59 1.23 77.54 1097.041 620.499 0.4450 2059
conv1 21 2.99 2.52 11.36 1.34 87.56 1145.920 7450.528 0.3509 90498
conv1 22 -0.08 -0.33 2.18 2.91 173.16 383.627 33.143 0.7428 5248
conv1 23 -3.51 0.63 1.73 1.36 103.19 166.517 100.469 0.4300 948
conv1 24 -0.44 -0.37 2.76 0.91 86.49 837.039 25.219 0.9794 1221
conv1 25 -2.04 0.95 1.89 1.78 73.32 401.384 8.341 0.7169 2226
conv1 26 0.46 0.91 6.42 2.36 38.18 672.337 3697.494 0.5560 250994
conv1 27 0.18 0.13 2.91 3.15 155.49 325.880 -15.195 0.5511 6419
conv1 28 -1.41 -0.31 3.19 1.00 99.12 685.018 70.327 0.9463 4478
conv1 29 2.49 -0.60 1.50 1.26 77.99 503.061 367.261 0.3680 10612
conv1 30 -0.79 -0.61 3.82 3.25 122.19 482.963 -41.890 0.8355 3001
conv1 31 0.94 -2.28 4.45 1.70 127.10 346.236 4239.572 0.1570 250137
conv1 32 -1.65 -1.05 2.87 1.43 70.94 714.138 100.204 0.9392 2878
conv1 33 1.21 0.36 2.89 1.98 92.55 434.404 6.366 0.7242 3583
conv1 34 0.96 -0.02 2.87 1.03 101.04 802.489 56.252 0.9578 3763
conv1 35 -4.16 3.81 9.60 0.57 90.31 609.984 7008.302 0.3128 90634
conv1 36 -0.29 -0.81 276.68 299.57 25.91 1378830.365 -1374536.245 0.3995 181393
conv1 37 22.45 -854.02 795.75 1.26 88.20 2012.803 6108.434 0.3484 125827
conv1 38 1.95 2.05 2.22 1.22 50.52 561.930 366.470 0.4448 2441
conv1 39 0.70 -2.45 1.14 1.18 133.59 1865.291 3762.124 0.7981 245084
conv1 40 -0.64 -1.17 1.87 1.48 164.17 -480.834 3186.909 0.5761 90576
conv1 41 -0.80 -0.03 2.18 0.87 51.08 611.118 58.135 0.8497 1526
conv1 42 -6.03 49.57 23.43 2.81 82.84 6389.341 75.515 0.7980 1516
conv1 43 -2.06 -4.75 1.27 1.82 4.66 214.908 111.365 0.5631 1252
conv1 44 0.20 1.06 6.37 2.68 32.38 960.175 88.441 0.8301 2509
conv1 45 -1.93 2.71 3.60 0.95 169.01 602.618 3698.204 0.2587 249822
conv1 46 -4.52 -0.84 1.42 0.80 92.90 788.337 2804.632 0.5764 161654
conv1 47 -4.12 0.94 2.98 1.74 101.92 359.419 71.413 0.9279 1404
conv1 48 -0.33 2.62 1.35 2.98 163.00 686.954 88.987 0.8902 4124
conv1 49 -1.70 -1.31 3.55 2.63 122.05 1133.395 106.138 0.8179 2348
conv1 50 -0.75 -0.36 3.11 1.53 126.22 708.788 82.090 0.9616 1446
conv1 51 2.42 -3.41 6.66 1.51 100.91 622.146 6617.149 0.4115 145065
conv1 52 -6.50 -6.50 1.00 1.00 89.00 -1.000 -1.000 -0.0000 72755
conv1 53 -4.92 -4.11 1.11 0.28 90.29 951.033 1785.123 0.0964 144444
conv1 54 -1.29 -0.48 0.55 2.38 0.27 422.779 26.351 0.8726 1497
conv1 55 -1.10 -1.85 3.05 1.01 27.68 769.236 44.590 0.9735 2567
conv1 56 -4.09 -2.54 2.29 1.40 70.31 573.060 237.544 0.7722 1641
conv1 57 1.07 -2.31 1.76 1.17 159.99 247.374 93.413 0.5517 1010
conv1 58 -186.38 -5.49 54.38 1.12 177.36 116773.181 4566.270 0.1739 144967
conv1 59 1.41 -3.66 1.18 1.76 168.54 647.289 402.204 0.3919 2375
conv1 60 -0.93 -2.16 7.80 7.62 5.35 286.129 191.867 0.5116 77219
conv1 61 -6.50 -6.50 1.00 1.00 89.00 -1.000 -1.000 0.0001 25554
conv1 62 -0.82 -4.49 1.60 2.81 177.09 356.689 108.273 0.8188 1311
conv1 63 -1.32 1.56 2.89 2.06 158.92 402.616 25.050 0.6791 5623
conv2 0 11.29 -9.97 14.63 4.27 133.98 3340.704 1129.669 0.5350 38667
conv2 1 -0.92 0.15 9.95 7.61 55.86 4180.949 239.046 0.9547 5851
conv2 2 0.86 -5.34 10.47 7.28 84.91 9265.995 641.004 0.9224 26957
conv2 3 -5.79 0.13 12.88 12.09 42.50 6455.464 11604.964 0.7698 200632
conv2 4 2.68 8.92 8.91 12.00 17.09 7945.640 78.677 0.9789 26436
conv2 5 -5.60 -11.68 7.45 10.65 25.41 10346.261 10632.963 0.8626 183680
conv2 6 -16.95 -10.49 9.90 3.90 77.39 1694.420 4840.772 0.2646 84370
conv2 7 5.89 0.83 13.20 9.33 135.28 8834.162 2679.516 0.9093 121933
conv2 8 -0.70 -4.19 8.61 11.17 156.69 5500.344 207.305 0.9644 7656
conv2 9 1.38 -3.13 13.78 12.32 139.75 15886.863 4675.643 0.9626 105347
conv2 10 -8.31 5.10 13.95 8.89 142.88 5574.638 201.809 0.9602 16838
conv2 11 14.65 -7.50 8.52 3.77 105.23 2503.759 2797.848 0.2212 13153
conv2 12 1.65 -3.86 12.61 11.29 20.90 2143.063 144.520 0.8139 7524
conv2 13 -1.72 -1.45 11.09 12.42 153.70 10860.308 173.219 0.9794 8227
conv2 14 6.50 6.45 13.17 11.16 60.90 6189.831 2588.085 0.9526 85161
conv2 15 0.27 -3.69 11.61 7.59 132.90 10265.749 490.980 0.9704 12492
conv2 16 -2.52 0.15 8.27 8.94 173.76 15340.353 797.760 0.9758 13595
conv2 17 -1.64 -3.79 12.67 7.73 140.44 6903.187 409.735 0.9542 10473
conv2 18 0.24 -2.26 14.51 13.68 129.19 11917.790 -478.751 0.9739 12403
conv2 19 0.12 0.45 12.54 6.50 36.50 10042.957 539.834 0.9637 16483
conv2 20 16.94 -16.81 18.37 5.56 100.86 1880.133 769.783 0.8344 57473
conv2 21 -6.91 -1.91 6.93 9.00 40.76 3062.178 185.581 0.9626 24889
conv2 22 2.96 10.76 15.28 8.28 40.32 9687.534 3240.587 0.8620 89335
conv2 23 0.81 3.92 11.91 11.24 51.89 16603.401 6362.536 0.9442 89418
conv2 24 -2.06 -1.10 6.99 12.12 168.46 5280.063 335.961 0.9439 19992
conv2 25 4.40 1.41 8.73 7.68 44.40 2810.636 99.580 0.9729 6852
conv2 26 8.41 7.06 4.71 14.55 45.36 1531.738 1429.601 0.3229 24291
conv2 27 2.33 5.70 8.20 9.06 169.92 5440.422 229.895 0.9694 8691
conv2 28 -1.18 -5.17 16.23 14.37 103.05 7509.378 7833.385 0.8567 189527
conv2 29 0.13 -3.15 14.93 10.55 91.03 4220.595 209.865 0.9710 10247
conv2 30 0.50 -9.43 13.30 11.03 83.54 4614.477 226.743 0.9740 5539
conv2 31 -2.32 -0.54 9.98 10.88 155.46 1952.751 98.253 0.9698 4909
conv2 32 0.38 0.20 12.49 14.75 9.45 10659.359 5907.671 0.9343 185664
conv2 33 7.81 4.51 8.12 6.06 139.17 3738.239 6831.160 0.5323 221967
conv2 34 0.41 2.07 10.35 9.90 141.53 6556.358 192.712 0.9522 5398
conv2 35 -3.46 -1.47 10.13 8.48 132.03 5715.410 269.627 0.9668 7860
conv2 36 9.46 -8.77 11.02 8.94 135.31 2868.167 2742.080 0.6870 151065
conv2 37 -1.81 8.93 14.02 11.02 130.41 1795.210 917.649 0.8134 99970
conv2 38 -1.92 -2.92 14.45 9.24 18.00 5906.555 389.503 0.9611 18799
conv2 39 -1.13 1.20 13.79 9.26 151.94 8423.150 7219.856 0.8760 202690
conv2 40 -3.74 -3.10 12.14 7.13 26.98 3527.256 159.750 0.9643 12667
conv2 41 0.03 2.13 6.67 9.06 13.40 5870.582 243.717 0.9652 8178
conv2 42 4.34 -3.79 11.73 13.46 17.81 9490.820 383.338 0.9642 14736
conv2 43 0.51 9.53 11.45 14.10 23.81 2806.191 80.189 0.9507 6992
conv2 44 1.98 -4.08 11.16 10.18 70.32 4734.198 150.036 0.9644 13262
conv2 45 1.18 6.61 10.69 9.52 75.64 8150.083 104.040 0.9668 9671
conv2 46 0.77 -1.70 9.44 5.64 78.64 8882.738 496.318 0.9588 6889
conv2 47 -4.14 -3.68 10.51 8.30 137.95 3706.103 125.358 0.9759 11624
conv2 48 -7.50 0.30 10.16 8.64 33.70 3509.073 380.389 0.9120 10192
conv2 49 -2.06 2.44 13.08 8.75 52.13 4214.637 235.485 0.8551 9386
conv2 50 -4.11 -4.13 10.83 6.16 32.38 3761.784 1904.632 0.9131 91538
conv2 51 4.03 -0.79 8.29 7.75 63.02 9832.885 409.377 0.9814 13923
conv2 52 10.43 1.58 13.51 7.46 50.22 3514.663 202.031 0.9433 13190
conv2 53 -5.64 -1.09 14.09 9.33 83.77 10382.886 196.023 0.9669 18881
conv2 54 -7.62 -2.81 24.23 24.12 36.25 11156.593 -2276.530 0.9238 91102
conv2 55 -0.01 -1.54 15.94 15.15 20.90 37779.438 1239.180 0.9737 82584
conv2 56 -0.25 14.72 6.26 12.41 16.91 854.135 925.122 0.4027 117100
conv2 57 -0.05 -13.88 9.77 18.18 179.96 15478.911 2427.412 0.9752 157577
conv2 58 -2.15 -0.35 6.99 8.57 21.44 5411.610 293.079 0.9716 10208
conv2 59 4.34 2.23 8.61 11.28 9.69 13023.187 520.439 0.9764 22081
conv2 60 2.22 1.91 5.04 7.39 17.55 6396.246 460.782 0.9332 10264
conv2 61 0.44 -3.69 10.75 6.78 48.85 3785.138 1210.826 0.8802 87841
conv2 62 -5.31 2.53 11.76 11.50 44.98 25462.685 445.654 0.9788 53759
conv2 63 -6.08 -4.23 10.98 9.38 50.07 13767.718 462.058 0.9804 17662
conv2 64 -4.15 4.86 7.51 8.99 14.31 12406.245 388.260 0.9732 9640
conv2 65 2.68 6.18 11.21 12.99 26.75 875.881 -9.055 0.8680 7329
conv2 66 1.89 -4.85 10.28 12.37 174.83 1612.409 166.356 0.8941 9523
conv2 67 -0.21 -0.56 8.24 9.40 160.62 4672.127 247.830 0.9725 5285
conv2 68 -2.75 1.09 8.52 6.49 11.93 2463.097 106.358 0.9749 6995
conv2 69 0.89 -2.19 8.66 10.79 179.64 2745.679 246.346 0.8929 15463
conv2 70 3.15 0.05 9.41 7.17 99.80 7638.489 373.462 0.9610 8783
conv2 71 -4.04 -0.14 6.35 10.38 11.25 4892.854 390.417 0.9269 20797
conv2 72 0.09 -1.18 11.79 7.81 88.26 2271.257 228.468 0.9401 12206
conv2 73 2.98 -0.25 14.59 8.78 55.23 8344.865 290.599 0.9619 18815
conv2 74 7.34 -7.14 4.76 5.30 100.06 4442.232 3344.639 0.7139 226554
conv2 75 -0.12 -1.90 9.35 7.34 128.00 5749.655 315.220 0.9697 13304
conv2 76 -1.94 -0.54 6.57 5.93 100.56 15725.182 793.615 0.9635 14096
conv2 77 -13.21 -2.42 9.48 7.13 100.02 1055.542 495.316 0.7793 51968
conv2 78 4.12 1.31 10.20 8.52 61.28 6822.986 206.227 0.9566 10041
conv2 79 4.37 -0.44 16.54 6.62 136.76 9110.967 412.891 0.9026 12929
conv2 80 -1.76 5.74 8.48 8.98 159.62 3547.093 186.584 0.9657 16759
conv2 81 1.51 4.56 9.52 11.38 11.24 15778.189 2272.479 0.9678 56050
conv2 82 -0.76 -14.05 6.49 8.71 27.90 10903.605 418.892 0.9812 16802
conv2 83 0.69 -0.93 8.15 5.34 94.65 17904.263 902.308 0.9497 8860
conv2 84 8.37 1.56 14.09 10.08 122.92 4683.496 163.987 0.9493 21564
conv2 85 7.03 0.31 10.93 12.03 158.62 3638.386 165.995 0.9691 8374
conv2 86 -0.07 -6.04 6.09 7.66 168.08 12037.068 451.801 0.9691 11226
conv2 87 0.26 -6.51 20.07 13.21 83.98 2616.917 -222.285 0.7966 30907
conv2 88 6.65 -2.61 11.81 8.19 127.74 5508.799 200.572 0.9679 18668
conv2 89 -1.09 -4.01 8.84 11.13 34.75 6936.174 1182.346 0.9370 75128
conv2 90 -3.45 0.36 10.49 14.56 11.70 2921.540 151.536 0.9681 8389
conv2 91 2.25 -1.53 9.44 9.91 1.77 5277.684 357.608 0.9491 9446
conv2 92 -1.38 5.81 6.83 9.91 10.00 10190.113 351.425 0.9705 12587
conv2 93 12.39 -5.69 15.24 7.24 113.42 2632.643 7623.917 0.4640 121001
conv2 94 5.11 3.81 21.43 20.16 36.41 2389.046 -627.803 0.5388 19480
conv2 95 -3.89 3.00 8.21 6.56 94.56 10196.245 412.072 0.9681 16516
conv2 96 -0.11 -4.61 9.53 6.92 130.41 9623.433 530.420 0.9719 10727
conv2 97 -0.88 4.56 11.73 15.03 172.53 2842.626 156.043 0.8676 11834
conv2 98 -3.88 -1.88 6.39 7.71 24.08 5716.837 454.698 0.9324 13076
conv2 99 -1.68 -3.54 5.44 8.34 135.60 6576.523 1819.169 0.9163 66543
conv2 100 -3.17 -0.73 10.29 6.29 52.03 4389.611 444.658 0.9336 8900
conv2 101 -3.94 3.70 12.27 11.26 66.22 11358.467 8796.828 0.9334 160242
conv2 102 -2.01 -0.21 30.16 24.88 86.08 4236.397 -2023.727 0.7616 9665
conv2 103 0.40 3.47 6.96 8.88 156.06 8591.078 388.001 0.9684 15001
conv2 104 -1.30 -0.19 7.62 8.38 9.07 3357.811 268.828 0.9302 7126
conv2 105 -7.27 3.14 13.05 23.62 12.49 1558.784 -93.894 0.8234 19370
conv2 106 7.45 -5.24 12.08 9.10 102.39 7122.510 8382.138 0.8186 149752
conv2 107 -0.56 -1.79 73.46 80.93 90.43 28214.222 -25778.791 0.5939 32651
conv2 108 3.50 -2.60 13.42 11.79 73.50 16528.125 12236.304 0.9211 195174
conv2 109 -0.05 0.78 10.28 8.37 49.39 11445.567 646.461 0.9736 11271
conv2 110 13.91 15.39 5.72 4.47 29.24 2443.959 2566.195 0.1740 151379
conv2 111 -1.51 -1.09 15.98 12.41 87.96 2262.444 -35.019 0.8768 7754
conv2 112 3.32 -6.44 13.74 19.71 140.32 4109.018 7261.820 0.7693 139956
conv2 113 2.23 -0.31 8.42 12.08 165.60 5563.807 321.639 0.9549 13864
conv2 114 -2.12 -2.53 10.72 20.97 174.80 4447.148 312.105 0.9094 5644
conv2 115 -0.53 -3.36 10.59 8.29 143.76 7633.445 198.979 0.9802 7850
conv2 116 0.55 0.12 8.30 10.26 155.07 3899.523 205.025 0.9554 4627
conv2 117 -1.48 -9.63 10.73 12.52 175.31 9185.789 4055.235 0.9582 147931
conv2 118 -0.97 -3.80 10.66 9.08 40.73 8041.597 5468.115 0.9074 134234
conv2 119 0.34 -1.98 14.50 11.05 44.96 3463.261 157.749 0.8431 11143
conv2 120 2.12 -0.63 12.68 11.09 103.25 3800.697 126.473 0.9648 6963
conv2 121 0.77 13.62 10.45 25.11 177.83 2133.501 1121.692 0.8719 110228
conv2 122 -3.79 -2.93 16.26 14.77 119.02 13413.221 14106.306 0.8739 87306
conv2 123 0.90 -6.50 10.36 9.80 65.86 10734.721 349.646 0.9685 11043
conv2 124 -3.56 -3.33 17.82 11.55 63.70 8327.919 1396.256 0.7905 171500
conv2 125 -0.31 -3.38 16.03 14.02 129.86 17573.557 4140.754 0.9642 139150
conv2 126 -6.38 -7.80 10.47 12.62 152.90 4127.304 3612.387 0.8979 72373
conv2 127 -6.99 -3.10 10.67 11.67 150.94 5855.735 201.381 0.9708 14798
conv2 128 0.43 -5.03 10.69 9.40 143.54 15081.330 354.570 0.9810 14354
conv2 129 4.18 -1.86 11.68 9.52 49.37 3145.511 439.566 0.9195 44097
conv2 130 -0.35 3.13 13.06 13.77 11.86 9052.504 -122.720 0.9733 6809
conv2 131 0.84 -6.01 6.23 10.32 168.68 7702.480 266.896 0.9594 14831
conv2 132 14.08 0.37 16.75 7.75 88.79 15131.759 494.977 0.9708 29653
conv2 133 -13.17 11.17 11.51 8.99 103.82 18480.065 2349.185 0.9485 119579
conv2 134 -0.31 -1.11 15.02 13.77 85.47 15323.654 9952.536 0.9284 122420
conv2 135 -7.37 -2.71 12.53 7.81 125.32 4232.097 294.386 0.9539 12827
conv2 136 -2.08 -9.76 12.21 8.72 72.13 4281.972 487.256 0.9121 4514
conv2 137 -10.27 2.78 12.77 10.30 26.87 3203.294 281.093 0.8330 7948
conv2 138 2.89 -2.21 10.10 9.02 104.37 9578.908 382.012 0.9527 8980
conv2 139 -7.67 6.57 15.34 10.92 111.36 2279.555 108.518 0.9641 6291
conv2 140 0.23 -0.51 11.15 8.91 56.04 5577.392 252.463 0.9613 8446
conv2 141 -4.64 5.46 13.03 7.84 129.24 4393.188 314.866 0.9383 17035
conv2 142 5.33 -5.69 12.27 8.67 119.22 10531.300 197.347 0.9818 24890
conv2 143 -6.77 3.28 12.16 14.79 158.22 2345.486 86.223 0.8555 22821
conv2 144 -1.60 11.70 9.15 14.39 175.28 5761.876 166.694 0.9572 19580
conv2 145 5.61 5.89 12.00 8.62 64.85 6216.207 860.530 0.9691 32522
conv2 146 -16.69 4.67 18.40 6.66 112.45 7079.780 7252.648 0.5465 193820
conv2 147 -0.10 -2.19 5.14 9.61 174.03 6505.555 347.479 0.9255 7944
conv2 148 -0.59 0.25 10.14 8.66 85.00 6309.040 303.520 0.9751 13195
conv2 149 1.11 6.60 12.39 8.49 43.33 3529.763 5144.242 0.7765 211278
conv2 150 1.75 3.22 15.44 12.03 69.63 7638.464 173.452 0.9549 15290
conv2 151 1.84 -6.48 9.26 13.67 1.17 5104.211 48.385 0.9423 8769
conv2 152 -0.27 -5.22 7.73 13.17 12.19 3750.779 255.720 0.9341 9930
conv2 153 -0.92 6.04 10.73 8.69 25.97 5227.894 213.028 0.9560 10090
conv2 154 1.31 -0.67 11.73 12.28 12.23 12767.230 12102.199 0.9133 137832
conv2 155 -3.02 -3.99 13.07 8.33 49.93 3183.545 175.375 0.9516 10037
conv2 156 -0.82 -0.75 10.53 13.04 15.22 16569.922 369.877 0.9787 12475
conv2 157 -4.46 2.21 15.60 12.00 42.30 8026.388 63.137 0.9352 10476
conv2 158 1.45 10.42 9.59 15.11 14.52 6993.560 1058.603 0.9008 29793
conv2 159 -3.55 -2.69 13.13 9.75 139.78 3548.161 218.078 0.9096 8908
conv2 160 -6.59 -3.71 10.68 11.14 21.17 9488.870 13.570 0.9720 10416
conv2 161 -0.76 -1.59 12.33 12.84 2.49 13309.657 16399.722 0.8738 121372
conv2 162 0.03 -0.04 12.30 8.53 51.51 11519.856 577.986 0.9633 15872
conv2 163 -2.48 4.74 5.96 8.41 176.72 9830.275 336.331 0.9557 11804
conv2 164 -6.13 -7.49 8.38 9.48 153.37 3355.319 67.515 0.9581 5341
conv2 165 1.84 -2.95 14.48 13.30 142.62 9626.501 3190.463 0.9561 139118
conv2 166 -3.70 2.37 10.01 8.03 44.40 3028.083 75.493 0.9724 11875
conv2 167 7.19 0.96 11.93 8.67 61.55 3560.339 156.018 0.9540 8961
conv2 168 -0.64 -11.70 7.89 12.89 146.37 4537.571 512.150 0.8282 25540
conv2 169 -1.55 4.70 9.41 10.30 20.31 4213.287 239.501 0.9486 9215
conv2 170 2.61 -0.26 8.84 7.46 132.33 2539.298 208.046 0.9352 9905
conv2 171 -3.99 -12.89 16.01 7.95 46.85 4934.243 328.498 0.9293 14920
conv2 172 -1.93 -0.43 13.71 11.78 102.48 9311.919 5948.091 0.9391 140109
conv2 173 1.10 -0.16 11.33 10.48 61.04 1970.503 36.571 0.9751 3925
conv2 174 2.52 -3.98 10.88 8.10 43.59 3596.314 606.444 0.9555 50431
conv2 175 4.52 -0.04 12.31 8.34 54.91 6404.471 249.357 0.9762 10369
conv2 176 -1.57 -0.65 16.76 13.89 95.57 10822.249 5285.188 0.9089 78519
conv2 177 0.64 -7.31 10.10 13.91 173.88 15795.533 818.478 0.9384 78508
conv2 178 -3.55 -0.11 9.74 7.83 141.67 11118.894 679.327 0.9747 12452
conv2 179 2.62 -4.46 10.04 12.44 144.84 16521.003 229.379 0.9697 19840
conv2 180 -6.34 14.56 6.40 11.86 163.74 4447.866 2895.319 0.6289 23094
conv2 181 -8.39 -1.28 8.16 23.41 174.79 2849.900 616.290 0.8837 88541
conv2 182 0.67 5.48 8.35 5.84 85.89 4493.090 229.885 0.9582 12066
conv2 183 -1.17 4.64 17.06 14.11 95.46 1669.110 -40.073 0.9198 4636
conv2 184 -7.56 -0.28 10.72 13.08 176.57 7765.557 456.937 0.9705 5592
conv2 185 0.54 12.58 8.26 13.83 7.49 12594.777 556.898 0.9744 18804
conv2 186 0.40 1.94 6.65 8.73 152.18 7693.995 457.436 0.9648 11658
conv2 187 -1.58 2.00 9.01 7.83 67.61 7208.866 306.187 0.9792 14065
conv2 188 3.41 0.82 8.19 5.95 62.84 10999.605 375.624 0.9723 15535
conv2 189 -8.07 -0.00 14.98 8.96 119.62 7939.202 154.629 0.9483 28381
conv2 190 2.77 -0.43 11.22 8.26 113.77 9225.344 686.588 0.9680 11875
conv2 191 1.96 -5.95 13.77 12.25 173.13 2630.000 -106.824 0.9293 19581
conv3 0 -5.75 -18.62 22.20 29.73 8.25 9088.661 983.942 0.8983 77946
conv3 1 -8.12 15.48 22.46 23.67 20.64 20731.293 334.097 0.9848 81906
conv3 2 -12.31 5.47 21.67 24.92 136.72 11274.161 1303.377 0.9491 94001
conv3 3 -0.54 -5.94 19.38 17.76 87.40 28346.621 1287.953 0.9752 22988
conv3 4 1.03 5.58 76.05 73.05 153.70 26219.165 -17102.556 0.7571 87104
conv3 5 -4.21 -2.98 20.59 24.19 161.60 11791.333 673.551 0.9546 23869
conv3 6 1.43 -11.04 21.65 23.21 152.95 18526.077 1880.750 0.9562 74275
conv3 7 -0.13 -9.68 18.74 23.88 2.13 20137.171 1067.159 0.9624 34006
conv3 8 0.49 -12.46 27.74 24.65 88.45 19532.795 70.394 0.9066 44632
conv3 9 4.11 -9.34 25.81 20.85 142.70 17055.122 1251.727 0.8990 24260
conv3 10 4.49 -0.07 23.20 21.43 123.92 15285.936 290.519 0.9799 39253
conv3 11 3.64 -0.09 15.90 23.36 9.88 17288.722 979.811 0.9739 29381
conv3 12 -2.05 -12.84 30.22 28.52 104.40 11876.929 3045.477 0.8892 165755
conv3 13 -1.18 -1.67 18.66 17.07 139.60 23718.267 1870.198 0.9778 26828
conv3 14 -14.38 -22.06 15.18 9.00 25.94 6452.815 4941.253 0.5008 162577
conv3 15 -0.20 1.49 21.30 20.36 105.55 23012.280 899.124 0.9829 45099
conv3 16 -3.41 -3.17 17.12 21.34 31.54 15716.890 1000.484 0.9774 31190
conv3 17 5.36 8.09 29.72 35.17 32.28 16150.139 -1279.079 0.9333 49980
conv3 18 -2.92 -3.40 18.26 18.91 19.77 14734.335 950.874 0.9789 62794
conv3 19 0.29 7.01 20.00 27.85 12.74 6011.452 391.547 0.9111 13965
conv3 20 -6.44 -5.19 12.61 12.19 119.61 14761.718 633.261 0.9794 15758
conv3 21 3.49 -21.90 15.38 23.22 174.53 17080.791 510.343 0.9503 29907
conv3 22 5.57 -0.43 20.36 25.50 165.68 9269.354 212.555 0.9640 20468
conv3 23 3.57 -2.02 21.45 20.03 109.87 19921.309 687.436 0.9806 47375
conv3 24 2.25 -8.49 20.30 17.67 114.93 13143.935 727.949 0.9791 21614
conv3 25 2.94 -0.65 23.69 19.55 42.18 16459.673 897.051 0.9665 12179
conv3 26 3.29 -3.97 19.85 18.60 121.17 26790.751 1251.725 0.9823 13687
conv3 27 -0.50 2.80 20.28 15.40 138.87 19742.351 1098.899 0.9747 21382
conv3 28 2.28 -4.34 20.24 19.39 109.00 17587.241 419.208 0.9797 39621
conv3 29 0.44 0.04 22.11 20.39 89.35 21305.956 930.069 0.9847 45135
conv3 30 -1.45 12.68 35.64 39.01 37.17 10684.619 -1684.989 0.8765 86246
conv3 31 0.50 5.38 15.68 15.99 12.74 35555.609 889.380 0.9789 34817
conv3 32 2.69 1.62 31.22 33.41 21.49 15853.292 2439.775 0.9083 204132
conv3 33 -2.99 10.09 20.67 21.99 171.64 19441.863 1774.647 0.9755 29341
conv3 34 -2.09 -0.20 39.62 29.75 20.58 7707.065 -818.780 0.8646 67909
conv3 35 13.32 3.84 19.10 15.35 56.50 21588.305 629.301 0.9801 26967
conv3 36 -0.64 -5.41 23.28 18.88 84.36 7184.392 219.388 0.9654 13316
conv3 37 -4.61 3.19 17.90 23.48 177.60 13557.641 931.991 0.9755 9707
conv3 38 -9.75 -22.24 26.07 15.34 20.29 8378.115 3069.121 0.6304 32610
conv3 39 -9.94 -5.51 17.96 19.79 152.60 11811.795 523.064 0.9728 22841
conv3 40 5.60 3.14 27.29 34.49 1.09 18059.941 3829.341 0.8102 207739
conv3 41 -2.16 -0.37 23.05 24.40 165.74 18972.428 964.578 0.9631 69527
conv3 42 -0.05 3.86 19.22 15.28 76.87 27723.486 1418.903 0.9721 27109
conv3 43 9.79 6.58 19.71 17.35 135.67 29821.702 1605.692 0.9806 38028
conv3 44 1.34 -0.41 18.50 17.97 147.11 11304.757 811.066 0.9118 8174
conv3 45 3.09 -10.78 49.20 17.15 84.92 4047.444 2095.710 0.8286 117454
conv3 46 -0.43 3.89 21.94 19.26 26.62 20352.340 824.845 0.9779 44793
conv3 47 -0.52 2.02 19.42 21.87 162.34 26752.007 1911.042 0.9813 39068
conv3 48 -0.77 1.25 19.22 16.78 150.48 33889.346 2294.179 0.9789 38116
conv3 49 1.84 2.92 16.79 19.14 3.75 16373.033 963.750 0.9809 8582
conv3 50 11.29 3.45 23.46 16.83 59.90 22568.651 1487.809 0.9442 14107
conv3 51 -1.46 -1.27 22.46 24.72 0.75 10704.347 357.143 0.9716 16261
conv3 52 -25.27 7.28 6.83 19.02 95.62 3817.402 3064.715 0.2945 83398
conv3 53 -0.58 3.14 19.56 16.30 65.01 23701.356 1218.574 0.9792 23713
conv3 54 4.82 1.60 40.02 45.74 20.39 14323.704 -3364.036 0.8674 100353
conv3 55 2.25 -15.53 33.00 21.56 153.38 4978.764 3025.617 0.6733 149851
conv3 56 -14.40 -4.30 26.18 17.13 59.26 17810.643 1121.325 0.9063 16894
conv3 57 0.58 3.39 23.70 26.44 177.01 18647.654 804.786 0.9794 73690
conv3 58 -1.12 -2.75 21.23 16.53 131.54 23035.266 1280.351 0.9778 23135
conv3 59 1.25 0.15 17.37 19.83 164.76 33299.763 1667.973 0.9865 19556
conv3 60 9.01 6.69 20.59 14.20 38.68 17804.390 974.206 0.9826 31577
conv3 61 -6.93 23.29 13.01 27.93 170.50 5996.985 2756.644 0.7414 108671
conv3 62 -1.54 1.26 32.01 30.81 13.06 20565.479 -2497.189 0.9507 94273
conv3 63 -8.32 9.00 25.23 30.02 23.38 9420.104 863.221 0.9499 146038
conv3 64 -0.20 -1.82 15.33 12.12 83.04 10717.513 796.191 0.9501 12030
conv3 65 28.64 -6.47 21.01 7.82 103.44 4331.447 6113.458 0.2421 218142
conv3 66 -0.93 -12.54 17.30 16.38 63.24 19940.618 1265.887 0.9769 22935
conv3 67 4.55 -2.90 41.95 38.57 79.55 20055.492 -1674.117 0.9061 171249
conv3 68 -6.30 -6.50 29.07 26.52 115.68 12622.719 -244.018 0.9572 20040
conv3 69 0.41 4.17 20.75 18.48 60.06 22571.210 3387.196 0.9770 81514
conv3 70 1.91 -1.90 17.25 18.35 161.89 18970.232 1714.777 0.9547 27032
conv3 71 1.73 3.78 18.85 21.71 1.95 11139.887 509.864 0.9326 67201
conv3 72 0.12 -4.00 23.83 21.61 114.66 28460.472 863.949 0.9734 42925
conv3 73 2.54 -0.30 19.58 27.68 174.80 8193.046 487.413 0.9539 17491
conv3 74 13.38 1.30 22.38 15.81 109.22 10651.206 2009.365 0.8199 49317
conv3 75 5.69 8.59 16.23 18.24 23.20 12089.398 512.087 0.9782 13200
conv3 76 -1.57 4.19 18.91 20.81 2.74 25754.939 1138.740 0.9816 39668
conv3 77 4.18 -8.10 29.17 21.82 90.29 10081.783 359.760 0.8666 36478
conv3 78 -0.54 -2.79 15.95 14.27 87.29 29219.077 1586.696 0.9751 15887
conv3 79 1.44 10.24 19.32 21.40 10.80 18828.950 1592.910 0.9491 34567
conv3 80 -0.65 -0.42 19.83 19.12 88.26 42263.701 1904.201 0.9876 26966
conv3 81 0.84 -11.07 18.95 23.14 148.76 13382.137 2438.743 0.9573 83715
conv3 82 -3.58 -16.98 20.24 24.67 176.38 18245.960 1879.693 0.9510 80886
conv3 83 0.95 -2.32 16.49 16.07 76.54 23045.818 488.628 0.9844 38097
conv3 84 8.59 -1.08 22.14 17.88 39.23 9003.610 369.666 0.9760 27455
conv3 85 1.44 -5.20 18.96 19.52 178.90 49117.786 1977.907 0.9876 50717
conv3 86 2.93 9.51 29.66 25.97 122.73 15259.557 1983.988 0.9237 158735
conv3 87 19.71 13.35 22.15 19.63 86.07 30381.411 594.219 0.9866 44478
conv3 88 -1.54 -9.36 29.50 22.92 42.88 20824.140 2942.970 0.8678 110155
conv3 89 -2.85 0.53 19.68 17.54 95.08 14985.313 798.744 0.9778 14377
conv3 90 1.96 -3.92 15.73 20.07 9.43 13010.423 458.246 0.9851 12323
conv3 91 -4.75 6.71 20.36 32.33 176.86 14011.034 498.508 0.9500 41109
conv3 92 -16.19 -1.54 25.60 21.07 110.63 12310.030 -119.499 0.9715 40958
conv3 93 0.93 -10.03 61.55 75.28 171.16 12605.601 -5808.652 0.7801 149796
conv3 94 0.19 11.98 17.26 14.94 39.80 16753.326 540.236 0.9684 27571
conv3 95 -3.24 -3.55 16.18 14.84 29.78 25872.695 937.512 0.9829 23186
conv3 96 3.43 0.62 14.88 13.84 56.85 25959.353 845.890 0.9836 25556
conv3 97 -4.65 0.28 25.15 23.45 109.02 7396.048 744.524 0.9328 20671
conv3 98 2.41 -7.59 27.15 31.46 159.82 25857.679 3870.862 0.9677 179990
conv3 99 0.81 0.12 29.42 25.36 112.48 15139.764 881.265 0.9605 77951
conv3 100 -11.25 2.81 19.97 15.51 127.40 18448.435 841.615 0.9727 17931
conv3 101 -1.60 3.84 25.05 27.28 33.62 20549.903 8.268 0.9488 53750
conv3 102 1.33 1.67 18.07 18.87 176.42 24377.134 1259.321 0.9782 21039
conv3 103 -2.10 8.46 19.11 14.54 130.26 11810.741 813.772 0.9619 9378
conv3 104 -0.06 -9.93 29.32 24.74 90.44 17626.280 1528.641 0.9536 152947
conv3 105 -6.46 1.22 19.19 17.74 161.90 17527.596 614.946 0.9795 35464
conv3 106 -12.88 4.59 18.12 20.27 27.53 18104.943 813.038 0.9798 38264
conv3 107 14.21 0.51 17.28 18.94 168.13 18044.313 618.169 0.9716 38355
conv3 108 17.61 23.53 63.39 17.72 4.63 4564.658 2926.175 0.5824 187529
conv3 109 1.33 2.44 18.74 20.37 177.11 25784.006 1353.863 0.9798 32892
conv3 110 -0.62 0.92 71.95 17.99 90.80 5420.304 4561.651 0.7042 172037
conv3 111 4.81 17.75 11.72 25.06 12.02 3731.389 3303.281 0.6206 191173
conv3 112 -3.34 2.97 17.21 16.31 36.20 14303.587 662.009 0.9823 33462
conv3 113 -4.81 13.20 20.05 25.58 168.70 12074.218 420.492 0.9836 47925
conv3 114 18.50 -11.70 23.03 28.18 166.27 13325.431 252.307 0.9483 62507
conv3 115 3.53 0.33 42.50 27.58 34.27 9143.176 -428.166 0.7971 57850
conv3 116 -5.76 -6.20 19.72 15.26 46.13 21194.629 1067.218 0.9783 24566
conv3 117 -2.79 5.29 16.30 14.75 107.50 7797.741 414.901 0.9649 17627
conv3 118 0.32 -1.83 9.55 9.09 118.31 7957.367 327.497 0.9455 6896
conv3 119 11.01 -9.18 25.07 18.86 60.00 10198.771 755.159 0.9313 26347
conv3 120 -7.31 -1.33 34.83 30.16 86.84 7737.489 -777.819 0.8462 25657
conv3 121 0.48 3.60 25.45 31.53 175.13 17961.963 2596.671 0.9507 140128
conv3 122 0.87 -4.30 17.35 18.00 137.64 25997.665 937.794 0.9858 26619
conv3 123 -0.46 3.01 22.80 24.70 177.44 20162.879 568.115 0.9727 46903
conv3 124 -1.07 7.02 24.41 22.53 54.03 16766.474 3383.889 0.9422 94087
conv3 125 -5.27 -7.25 37.88 35.41 92.65 9752.634 -1545.637 0.7817 24358
conv3 126 -1.90 0.06 15.27 17.88 177.70 17152.031 1006.476 0.9737 24031
conv3 127 -3.25 -9.79 19.74 26.84 1.52 16945.908 708.127 0.9542 59583
conv3 128 1.64 -1.40 57.66 59.85 12.06 15693.863 -7858.099 0.7161 104789
conv3 129 1.29 4.47 20.64 21.02 166.52 20291.031 826.894 0.9856 61063
conv3 130 0.72 -3.87 19.49 21.37 168.97 21843.003 950.139 0.9839 34599
conv3 131 3.85 -0.23 17.26 17.99 19.98 31183.545 1404.081 0.9851 37381
conv3 132 -1.14 1.62 19.52 23.47 174.77 15698.125 879.349 0.9679 55853
conv3 133 0.54 7.79 19.25 23.43 4.42 24654.286 4222.696 0.9726 152423
conv3 134 4.38 8.37 17.46 20.74 162.72 15967.294 721.410 0.9763 12308
conv3 135 -0.19 -2.12 16.08 14.69 31.43 20824.028 945.531 0.9829 18708
conv3 136 5.38 -17.98 15.69 22.96 155.28 18827.839 660.555 0.9635 20943
conv3 137 -0.58 -4.35 22.76 24.65 173.27 16461.310 715.666 0.9710 33873
conv3 138 -7.94 -11.46 25.13 16.08 40.76 24487.822 1231.120 0.9550 28045
conv3 139 -6.92 -0.10 19.93 14.75 106.77 13837.850 1269.350 0.9501 32638
conv3 140 4.24 -0.69 21.32 25.22 158.55 11118.451 291.412 0.9564 14595
conv3 141 -0.50 6.69 17.67 16.69 91.48 18618.880 824.941 0.9811 29574
conv3 142 -0.49 11.23 20.11 24.11 178.92 15142.713 692.165 0.9587 21542
conv3 143 -16.45 4.71 9.29 22.74 141.50 5512.006 2850.210 0.5305 158856
conv3 144 14.57 3.36 21.04 17.62 73.23 23023.730 1165.260 0.9744 21358
conv3 145 -2.46 1.48 14.34 12.13 119.27 9918.418 245.843 0.9739 22431
conv3 146 -4.41 1.94 30.45 27.64 154.08 17982.608 -637.796 0.9500 99262
conv3 147 -20.04 -17.05 22.08 20.02 76.76 33071.039 709.907 0.9825 46854
conv3 148 1.58 -7.65 36.31 24.30 178.38 4459.889 2911.649 0.7969 197198
conv3 149 11.56 -3.35 18.32 15.26 80.44 25990.349 786.688 0.9759 18507
conv3 150 -2.35 -19.25 18.23 22.82 178.14 12996.966 1378.047 0.9133 31908
conv3 151 2.31 -8.55 25.80 23.20 103.97 8643.441 1744.903 0.9320 73957
conv3 152 -5.05 -3.61 20.87 23.09 159.10 15394.385 1294.789 0.9808 42626
conv3 153 0.19 -5.69 20.51 19.37 65.57 24604.692 1063.766 0.9770 27008
conv3 154 -6.25 -1.37 21.95 20.73 75.51 25162.838 4092.014 0.9811 96745
conv3 155 3.77 -1.22 19.39 17.65 127.82 27364.510 1105.209 0.9846 42462
conv3 156 2.08 -3.24 16.23 17.54 175.54 27377.659 789.050 0.9852 37052
conv3 157 1.47 10.45 17.73 21.21 18.74 10839.931 676.718 0.9706 13709
conv3 158 0.04 -2.82 21.87 25.53 27.55 13518.474 122.092 0.9548 25662
conv3 159 0.95 -3.53 25.23 20.78 126.80 17642.623 642.946 0.9655 52763
conv3 160 -4.68 -1.03 18.91 18.50 77.61 16022.580 774.647 0.9785 27868
conv3 161 0.47 -7.89 34.36 38.60 169.18 9009.725 -13.270 0.8387 94359
conv3 162 -0.70 1.20 23.44 21.01 106.09 14178.183 650.605 0.9565 9900
conv3 163 -3.31 -13.33 15.34 21.73 20.46 11733.699 674.262 0.9601 32830
conv3 164 -2.51 -9.03 30.91 19.43 63.19 6409.980 542.080 0.8632 32594
conv3 165 1.55 2.43 28.38 25.53 63.81 28798.891 1821.821 0.9725 116351
conv3 166 -1.24 -6.46 19.34 24.12 5.82 18715.468 1023.158 0.9743 30280
conv3 167 -2.01 -8.79 24.57 23.42 128.46 9786.577 551.378 0.9383 20404
conv3 168 -1.61 -0.75 41.10 43.85 4.22 18958.651 -2604.929 0.8795 167142
conv3 169 0.73 -4.78 20.10 17.16 47.51 10660.123 350.117 0.9727 19258
conv3 170 -0.00 2.24 20.37 22.08 178.62 44782.543 677.212 0.9834 49604
conv3 171 -9.18 4.00 19.59 18.37 61.27 29693.981 929.082 0.9858 43442
conv3 172 -5.20 3.43 15.39 18.64 39.52 12607.567 909.225 0.9579 10396
conv3 173 1.62 4.69 15.80 20.19 39.80 23156.597 1343.704 0.9726 18317
conv3 174 0.57 -0.78 18.71 19.37 156.60 39713.393 1812.912 0.9851 20661
conv3 175 3.10 -8.81 20.65 25.31 170.91 16768.467 704.595 0.9756 40939
conv3 176 -1.62 1.25 22.41 21.26 89.52 28499.578 2678.989 0.9814 89894
conv3 177 0.58 -1.63 21.87 15.02 38.30 28805.011 1468.797 0.9816 23431
conv3 178 2.30 -2.20 21.30 19.92 22.26 47895.598 1736.487 0.9850 44141
conv3 179 2.40 -0.96 18.65 18.87 25.65 10963.766 608.138 0.9784 8249
conv3 180 -9.19 -5.52 34.53 27.28 118.01 13522.037 1441.083 0.8257 146210
conv3 181 1.19 -2.09 25.74 24.64 112.00 24391.735 -74.398 0.9754 16616
conv3 182 -3.37 2.58 23.02 20.43 102.34 23056.401 323.551 0.9844 57726
conv3 183 -9.00 -1.37 19.91 19.00 67.57 18517.236 1862.520 0.9603 43930
conv3 184 4.59 -7.43 19.81 19.08 93.90 44476.421 1531.109 0.9869 46362
conv3 185 -3.47 -2.83 40.16 33.05 105.11 9691.838 208.491 0.8623 118157
conv3 186 0.93 -3.44 17.34 20.71 5.23 20839.403 1073.594 0.9705 25713
conv3 187 9.53 -1.49 15.72 18.72 12.72 15209.376 686.122 0.9753 30417
conv3 188 0.23 1.55 24.03 20.62 71.76 9935.217 369.504 0.9630 16463
conv3 189 -1.27 -1.43 39.70 42.70 172.83 19173.415 -5668.873 0.8953 72188
conv3 190 12.13 -1.76 21.11 17.16 81.39 13439.614 726.754 0.9548 19066
conv3 191 -0.59 -7.85 15.35 21.80 13.97 14243.252 1034.405 0.9405 69170
conv3 192 -2.25 1.67 16.47 21.07 4.38 34430.997 1548.995 0.9882 34508
conv3 193 9.38 4.15 27.62 17.30 28.06 6552.626 3303.518 0.7882 121114
conv3 194 2.54 -2.11 19.17 17.50 65.62 16378.361 870.944 0.9763 19639
conv3 195 0.33 6.95 28.73 21.10 88.95 6235.666 37.939 0.9352 13229
conv3 196 0.97 -1.33 37.61 30.20 80.30 8704.765 -880.792 0.8309 29498
conv3 197 -1.36 1.83 26.04 28.10 7.72 10549.486 -296.481 0.9662 34315
conv3 198 0.17 10.50 17.90 21.70 6.47 15976.899 704.098 0.9699 28509
conv3 199 -0.16 3.06 16.94 15.96 79.23 22912.668 1086.846 0.9806 21774
conv3 200 -1.46 0.13 25.40 23.61 18.60 16205.435 1238.857 0.9527 136002
conv3 201 -0.12 0.94 23.18 22.08 114.20 24347.176 1042.223 0.9726 66171
conv3 202 1.54 -9.53 22.94 20.84 85.49 22055.952 836.111 0.9782 50930
conv3 203 6.32 2.88 29.17 20.45 69.05 9875.262 456.488 0.9491 41137
conv3 204 -4.82 -0.70 17.43 16.42 85.37 31757.623 1925.370 0.9791 17869
conv3 205 0.91 1.84 22.65 20.77 126.42 16066.808 643.680 0.9635 27915
conv3 206 0.58 2.75 19.15 17.77 90.64 27152.740 1274.001 0.9833 23117
conv3 207 -0.63 -3.49 21.80 21.13 114.87 33993.133 1652.108 0.9836 61373
conv3 208 -1.09 6.56 20.05 16.90 80.62 30038.377 1418.604 0.9809 29416
conv3 209 -2.42 -0.78 18.62 20.73 25.16 16989.347 588.035 0.9775 25951
conv3 210 4.51 -1.68 17.36 16.72 109.96 16699.067 963.330 0.9773 35001
conv3 211 -1.56 -17.08 19.94 17.87 44.40 11599.096 1101.221 0.9453 32199
conv3 212 -7.23 6.21 20.25 18.20 65.92 14618.872 676.535 0.9790 22063
conv3 213 -0.47 4.05 51.51 54.12 98.63 17916.265 -7968.505 0.7819 104397
conv3 214 -0.69 2.22 17.66 16.30 46.59 32072.935 1462.747 0.9841 32245
conv3 215 -17.12 7.10 19.05 16.26 67.02 8776.068 1669.543 0.8735 36815
conv3 216 -1.31 -9.58 18.81 21.21 165.72 33452.787 1288.053 0.9842 44338
conv3 217 0.29 6.69 20.80 15.21 49.97 11901.237 437.024 0.9570 26955
conv3 218 -1.14 4.14 15.99 14.87 111.53 15414.584 718.352 0.9786 22929
conv3 219 -2.88 -3.02 31.66 27.82 79.39 17320.675 119.664 0.9632 141562
conv3 220 6.60 -10.28 21.70 24.48 12.13 10556.715 954.726 0.9028 46974
conv3 221 -6.42 -4.57 24.33 19.62 82.09 15072.953 1139.288 0.9714 65667
conv3 222 -18.53 -2.32 23.07 18.71 109.77 25359.432 527.479 0.9724 64257
conv3 223 3.70 -3.69 39.17 36.76 88.91 9991.741 -1303.041 0.8546 104317
conv3 224 -2.90 -3.15 31.91 39.13 7.37 11199.921 2653.818 0.8149 210618
conv3 225 2.24 -0.35 17.59 18.12 13.01 27144.679 1295.809 0.9863 40487
conv3 226 -6.09 -1.80 46.76 31.14 15.80 9916.119 -1266.690 0.7686 113431
conv3 227 -11.93 -0.60 20.27 17.12 77.56 21478.813 1022.401 0.9741 23484
conv3 228 -3.09 4.17 19.07 17.27 132.51 14286.419 849.881 0.9671 19076
conv3 229 -5.80 -5.38 18.69 31.09 176.78 5754.782 82.092 0.9211 20531
conv3 230 1.90 -1.97 29.43 25.29 83.62 18985.849 1532.657 0.9408 147732
conv3 231 1.81 -2.62 22.47 18.47 70.56 13345.752 579.714 0.9669 20889
conv3 232 -0.80 0.69 15.88 17.70 2.02 18530.102 1303.614 0.9622 12638
conv3 233 -0.43 -0.07 15.45 13.66 127.98 9256.146 940.410 0.9537 38674
conv3 234 -13.03 -6.24 23.46 18.25 61.53 28524.320 1629.413 0.9806 54731
