conv1 0 1.33 2.42 1.50 1.84 0.16 854.826 183.387 0.8870 998
conv1 1 50.44 102.43 47.02 2.66 119.09 2206.781 494.364 0.4070 56337
conv1 2 1.54 -1.83 1.13 1.74 134.03 856.219 502.284 0.4141 1733
conv1 3 -0.17 -1.88 0.89 2.35 170.29 571.303 73.626 0.8935 3437
conv1 4 -3.60 -0.27 1.96 1.02 96.82 673.005 434.847 0.3880 2124
conv1 5 -4.31 -0.60 3.33 1.79 95.55 314.646 55.943 0.9287 1217
conv1 6 -2.71 -2.77 1.25 1.59 46.54 194.048 111.982 0.3932 891
conv1 7 -424.76 319.35 681.51 5.78 36.35 628.746 1552.248 0.5744 73350
conv1 8 -3.05 -0.48 2.92 0.26 92.01 695.321 3204.686 0.0853 253625
conv1 9 0.56 0.35 2.66 2.03 80.52 255.391 12.503 0.6885 3538
conv1 10 0.47 -5.25 6.68 2.78 76.66 194.035 9.861 0.8092 1643
conv1 11 0.02 -0.32 3.06 1.59 54.63 621.099 61.936 0.9628 1252
conv1 12 -2.41 0.01 2.52 1.02 114.59 668.852 34.124 0.9749 1591
conv1 13 -0.18 -0.31 1.13 2.82 12.25 703.154 30.356 0.9764 1313
conv1 14 -0.82 2.04 9.00 4.58 94.40 359.286 -112.740 0.8786 1269
conv1 15 -6.50 -6.50 1.00 1.00 89.00 -1.000 -1.000 -0.0001 72420
conv1 16 0.14 -0.65 3.49 2.48 64.54 358.172 5.712 0.5493 3820
conv1 17 -1.26 -3.99 1.36 2.47 3.02 305.313 165.061 0.5910 1778
conv1 18 0.15 -0.12 2.38 0.89 117.67 657.212 36.989 0.9681 1586
conv1 19 -0.32 3.01 1.12 5.54 178.15 302.455 3540.596 0.3342 72803
conv1 20 2.65 1.94 1.31 1.71 76.90 1121.006 549.405 0.5786 1742
conv1 21 2.99 2.69 11.75 1.35 87.57 1149.086 7317.275 0.3505 126412
conv1 22 0.12 1.31 0.74 2.29 179.41 520.937 78.411 0.8622 3357
conv1 23 -0.23 -0.52 3.52 1.60 96.85 481.217 21.818 0.9698 834
conv1 24 -1.01 -0.46 3.10 2.63 125.55 237.096 -0.460 0.8388 937
conv1 25 -2.05 0.82 2.03 2.26 83.51 350.322 -2.614 0.5775 1822
conv1 26 -3.06 -2.31 2.55 1.97 77.74 194.077 19.018 0.9330 353
conv1 27 0.93 0.12 3.85 2.99 171.58 253.770 -24.315 0.5549 4321
conv1 28 0.89 -0.34 0.82 2.04 94.46 297.673 89.282 0.5596 2364
conv1 29 -0.99 -0.73 7.15 6.88 76.85 1067.877 -568.825 0.7510 3777
conv1 30 -0.67 -0.57 3.00 1.17 84.31 661.432 44.745 0.9705 1899
conv1 31 -2.55 0.34 1.54 1.58 86.57 472.582 19.667 0.9638 293
conv1 32 -4.74 -1.33 3.36 16.04 175.26 283.444 -14.352 0.9003 2363
conv1 33 1.87 1.23 2.14 0.74 66.91 615.870 59.850 0.8351 2831
conv1 34 1.55 -0.17 3.03 3.96 171.21 318.521 -10.074 0.8097 3266
conv1 35 -4.15 8.54 14.46 0.90 89.91 552.985 6335.369 0.3686 126384
conv1 36 -6.50 -6.50 1.00 1.00 89.00 -1.000 -1.000 -0.0000 69407
conv1 37 -4.21 -2.53 40.27 1.21 88.38 1144.580 7293.912 0.3516 90445
conv1 38 -2.55 -3.65 1.19 1.79 46.45 597.341 327.145 0.5242 1840
conv1 39 0.86 -1.42 3.25 2.36 41.22 40.431 1.544 0.8936 214
conv1 40 -1.06 -1.09 1.96 1.49 167.14 -584.311 3184.008 0.6765 126553
conv1 41 0.87 0.93 1.96 0.88 55.90 643.569 51.549 0.9274 1407
conv1 42 -8.21 67.68 35.35 2.95 82.88 3875.672 41.244 0.7848 1231
conv1 43 -0.31 -0.98 1.99 3.81 9.34 387.887 24.562 0.9561 1025
conv1 44 1.34 0.31 2.56 6.70 28.64 761.836 70.059 0.8285 1387
conv1 45 -0.54 -0.26 1.94 1.83 101.41 452.646 10.828 0.9680 349
conv1 46 -0.59 1.30 3.93 15.92 163.81 76.974 -2.626 0.7956 651
conv1 47 3.23 -1.44 2.92 1.62 99.79 398.981 80.246 0.9470 1519
conv1 48 -0.13 0.69 2.33 3.30 169.76 417.429 11.791 0.8971 2705
conv1 49 -1.76 -1.41 3.42 2.59 121.69 1143.926 114.868 0.8282 2301
conv1 50 1.93 -2.50 1.49 1.84 132.82 273.472 125.326 0.6818 1010
conv1 51 -216.63 -731.44 235.92 2.31 106.80 78020.393 1395.499 0.6442 93351
conv1 52 -1.51 -4.65 0.60 10.82 179.43 317.866 2463.252 0.2553 72840
conv1 53 -0.50 3.65 0.09 2.43 86.52 199.158 788.069 0.0589 108099
conv1 54 -0.55 0.45 0.52 2.30 178.98 313.474 28.193 0.7698 1208
conv1 55 -1.05 -1.99 4.57 3.84 124.05 315.672 -59.215 0.6910 2086
conv1 56 3.00 0.55 2.32 1.25 74.35 376.804 249.100 0.4957 1468
conv1 57 -0.57 -0.37 2.87 1.23 152.86 642.929 26.953 0.9751 837
conv1 58 -4.80 -4.92 0.66 11.69 0.11 316.816 1189.024 0.2350 71992
conv1 59 -6.50 -6.50 1.00 1.00 89.00 -1.000 -1.000 0.0001 1866
conv1 60 -0.28 -1.97 4.25 3.45 163.70 222.384 91.153 0.4208 33345
conv1 61 0.50 1.96 1.30 3.23 6.29 299.143 29.852 0.9481 1599
conv1 62 -0.07 3.42 1.41 3.02 177.52 381.994 112.654 0.8545 1475
conv1 63 -1.59 1.46 1.74 2.36 177.63 434.968 40.222 0.7135 5253
conv2 0 0.76 -0.84 4.74 5.40 125.52 9409.506 125.191 0.9850 11702
conv2 1 -0.53 0.63 11.60 3.98 113.77 1271.960 62.499 0.9122 737
conv2 2 -19.33 -5.41 7.05 4.85 91.59 10347.131 91.444 0.9855 9207
conv2 3 6.81 -15.20 11.53 5.25 137.29 105.855 9.360 0.8248 367
conv2 4 -12.46 -15.00 7.19 9.74 175.39 3982.801 153.155 0.9287 15265
conv2 5 9.87 8.82 10.73 8.41 33.61 495.334 39.872 0.9238 1086
conv2 6 -0.29 -0.11 9.15 7.44 84.93 3129.635 719.019 0.9453 17363
conv2 7 -15.40 9.42 12.81 5.32 118.72 1029.334 401.563 0.5161 44758
conv2 8 -1.60 -4.14 9.39 16.06 167.50 1013.842 11.670 0.8657 1181
conv2 9 0.50 0.08 9.18 8.32 75.56 646.478 54.110 0.8485 226
conv2 10 10.95 -13.63 9.13 18.08 164.51 1863.631 14.558 0.9158 25324
conv2 11 -1.09 -1.07 6.60 6.29 107.98 7706.988 301.166 0.9629 1043
conv2 12 -0.36 -1.12 14.63 2.47 89.79 1594.247 78.385 0.9419 1221
conv2 13 18.04 19.63 6.08 3.46 36.70 1081.644 854.110 0.2774 65643
conv2 14 -11.40 -12.31 14.29 9.36 68.31 1993.780 67.696 0.9551 3765
conv2 15 16.94 -10.02 17.25 5.34 126.95 2895.070 215.908 0.9256 24938
conv2 16 4.97 -18.12 4.17 13.09 171.49 1022.022 226.938 0.8152 2360
conv2 17 14.64 -18.13 10.43 6.04 144.82 5183.596 147.915 0.9592 27226
conv2 18 -26.50 -26.50 1.00 1.00 89.00 -1.000 -1.000 -0.0000 179183
conv2 19 -10.84 -10.41 3.80 9.61 37.08 2413.430 595.161 0.3830 27678
conv2 20 -2.47 2.87 10.13 9.29 66.68 5509.122 248.134 0.9490 21920
conv2 21 15.29 -0.47 7.71 5.78 79.49 2834.017 93.079 0.9732 15453
conv2 22 -4.02 -4.20 5.49 5.63 171.83 7427.940 157.732 0.9649 3190
conv2 23 -9.28 -15.38 13.11 7.75 28.85 711.723 30.446 0.9178 405
conv2 24 -6.04 18.37 4.97 8.75 170.44 5800.422 66.760 0.9872 11248
conv2 25 18.10 3.12 3.52 5.43 92.02 572.706 335.282 0.2430 13394
conv2 26 0.01 -3.91 6.78 6.54 66.78 7512.287 310.861 0.9751 4686
conv2 27 -0.12 5.71 19.03 18.07 36.13 765.678 -103.778 0.7055 6349
conv2 28 17.63 0.76 12.16 4.43 76.25 34.774 5.452 0.5184 194
conv2 29 -1.19 -34.52 32.88 11.15 93.69 690.491 45.668 0.8113 2401
conv2 30 0.20 13.27 7.72 8.00 110.85 1844.145 176.936 0.9364 1308
conv2 31 -3.80 -3.41 11.67 9.88 79.29 657.651 47.133 0.8643 4885
conv2 32 -26.50 -26.50 1.00 1.00 89.00 -1.000 -1.000 0.0000 522
conv2 33 1.35 -6.49 11.30 9.69 17.35 481.590 24.186 0.9035 679
conv2 34 7.95 -20.15 4.25 14.07 177.56 1016.354 259.360 0.7107 9555
conv2 35 -0.89 -5.93 13.80 11.10 63.47 909.837 19.564 0.8516 1594
conv2 36 -6.35 1.81 13.57 9.82 145.80 2150.344 88.380 0.9463 3152
conv2 37 5.88 -4.25 9.92 8.86 113.53 923.371 31.386 0.9109 2176
conv2 38 0.69 15.81 20.25 6.49 12.83 1426.564 154.197 0.8938 44407
conv2 39 5.80 -15.35 5.97 5.22 141.87 348.752 15.179 0.9081 1761
conv2 40 2.34 16.12 5.96 8.57 24.76 3704.177 25.100 0.9775 13497
conv2 41 -4.09 -15.59 5.55 11.92 6.42 1005.010 399.745 0.6903 43474
conv2 42 -14.45 5.41 9.38 8.73 132.81 1073.663 54.330 0.9547 727
conv2 43 0.27 -17.31 6.79 10.49 10.14 2144.977 27.987 0.9709 4097
conv2 44 2.52 16.23 6.93 9.63 14.36 1614.584 178.198 0.9093 5144
conv2 45 -26.50 -26.50 1.00 1.00 89.00 -1.000 -1.000 -0.0000 190430
conv2 46 18.83 0.46 9.66 4.08 80.95 3918.204 142.549 0.9582 7768
conv2 47 -1.70 10.15 18.33 10.28 35.24 391.648 26.115 0.8856 5186
conv2 48 17.03 0.64 6.13 5.94 46.95 5341.305 85.132 0.9738 6010
conv2 49 1.28 -1.24 11.82 9.03 65.18 923.013 57.060 0.9093 2731
conv2 50 5.35 8.98 7.76 6.65 59.74 1104.186 103.043 0.9204 3652
conv2 51 -17.47 -1.15 8.15 4.50 80.80 1559.884 380.912 0.7217 6976
conv2 52 -5.96 -8.38 6.64 7.30 51.97 3663.836 69.033 0.9356 7873
conv2 53 17.56 3.64 15.82 5.75 84.50 4580.096 -7.680 0.9784 25794
conv2 54 3.15 -0.16 5.53 7.05 3.90 1509.081 73.955 0.9379 569
conv2 55 -4.06 0.35 5.91 11.67 10.21 445.690 147.616 0.7647 15351
conv2 56 -3.49 -4.50 7.60 8.22 175.70 2730.747 130.388 0.9596 7808
conv2 57 12.32 13.35 8.89 23.17 177.47 607.507 -9.520 0.8513 3517
conv2 58 14.54 10.10 8.97 6.04 55.42 743.126 439.800 0.4763 12859
conv2 59 -17.01 -14.97 7.05 26.78 22.96 1508.324 166.635 0.8533 50060
conv2 60 -1.02 -11.36 4.43 10.34 23.03 3920.073 258.382 0.9216 11195
conv2 61 -0.50 2.65 11.11 8.79 103.21 942.326 27.948 0.8791 1112
conv2 62 17.82 14.61 5.28 3.04 78.49 838.051 319.314 0.3483 14958
conv2 63 13.67 13.34 16.00 8.20 55.87 3183.263 322.715 0.8269 95010
conv2 64 -26.50 -26.50 1.00 1.00 89.00 -1.000 -1.000 0.0000 162311
conv2 65 2.63 -6.11 11.92 8.82 78.04 1765.799 80.013 0.9409 4246
conv2 66 1.16 -4.88 10.11 15.06 1.56 609.471 76.453 0.8415 4761
conv2 67 18.73 -5.07 7.83 3.70 102.31 1957.505 580.785 0.5982 26397
conv2 68 -0.07 -38.16 68.42 10.46 90.44 960.249 184.128 0.7600 9545
conv2 69 -9.17 -2.63 13.90 8.50 83.48 878.341 187.779 0.8274 8507
conv2 70 -14.95 3.97 9.44 5.67 99.35 708.719 205.039 0.6231 12138
conv2 71 -6.62 -18.91 4.78 8.16 7.24 4648.216 136.175 0.9724 9891
conv2 72 -2.13 -4.14 10.79 16.21 3.67 366.642 3.865 0.8595 2416
conv2 73 -16.27 -14.81 15.45 7.26 65.13 4472.686 91.054 0.9569 65989
conv2 74 -4.36 1.14 10.43 7.63 120.55 360.618 28.319 0.8992 784
conv2 75 -13.38 12.82 10.52 6.42 130.72 2629.843 83.037 0.9719 16371
conv2 76 12.83 0.33 7.22 3.91 85.32 4494.746 715.954 0.6731 19127
conv2 77 2.47 -1.11 16.14 5.92 88.09 1296.818 356.517 0.8585 17735
conv2 78 -17.98 -1.16 8.45 5.94 60.68 4182.140 279.837 0.9398 31635
conv2 79 -13.14 8.77 5.95 7.89 147.93 9342.106 209.471 0.9493 28437
conv2 80 -0.33 -17.31 6.96 8.99 173.94 2245.497 25.848 0.9838 13688
conv2 81 -5.33 -15.29 15.70 16.76 147.71 470.715 -12.947 0.9090 469
conv2 82 5.24 2.51 4.93 15.61 24.69 2833.419 203.573 0.8838 16949
conv2 83 -15.41 -0.04 8.33 4.74 95.48 3522.468 411.920 0.8779 8972
conv2 84 -5.07 -1.31 13.82 10.42 100.21 596.197 15.013 0.8124 1037
conv2 85 -18.66 2.38 14.26 7.31 93.53 971.629 7.644 0.9781 1859
conv2 86 0.79 -20.85 2.80 5.20 178.94 1928.171 468.373 0.4160 12319
conv2 87 -0.98 3.06 46.81 15.14 83.71 419.569 -41.752 0.5242 11796
conv2 88 -14.99 2.09 8.09 6.93 118.20 4350.781 69.980 0.9761 11258
conv2 89 3.01 17.67 5.97 11.08 12.80 1942.584 55.870 0.9463 6527
conv2 90 17.26 5.36 13.39 8.34 76.25 444.506 39.644 0.9491 973
conv2 91 11.43 -6.23 14.55 5.05 124.60 1053.603 142.261 0.8773 3472
conv2 92 -9.94 -11.02 5.36 14.33 11.35 2253.684 484.606 0.6309 37263
conv2 93 -3.89 1.74 6.53 7.23 169.09 2666.448 260.448 0.9576 3194
conv2 94 6.84 8.36 4.49 4.93 115.42 4786.292 54.078 0.9794 6576
conv2 95 13.48 2.82 10.20 4.84 93.48 3059.916 91.392 0.9343 7912
conv2 96 -15.70 5.43 13.34 6.36 124.23 3206.529 85.370 0.9343 10514
conv2 97 -0.46 2.73 11.17 6.90 77.91 1208.587 110.956 0.8661 1927
conv2 98 1.40 11.47 9.82 5.40 25.17 2149.057 138.888 0.9094 4947
conv2 99 -12.37 1.24 11.71 15.58 0.63 864.362 -12.831 0.8624 1933
conv2 100 10.66 7.29 13.74 4.90 47.44 3305.015 179.168 0.9489 7977
conv2 101 0.62 -7.25 13.49 11.43 89.32 273.953 -8.367 0.8055 700
conv2 102 -0.59 2.03 5.62 6.07 114.25 3067.814 155.836 0.9085 5132
conv2 103 6.36 -16.16 5.78 12.02 165.08 3021.553 288.889 0.9329 19302
conv2 104 -2.77 -0.72 12.75 12.94 26.67 581.925 18.536 0.8688 1240
conv2 105 -11.07 -0.03 9.99 5.39 92.62 725.308 311.645 0.4564 21609
conv2 106 -12.75 5.09 10.48 6.36 112.97 1086.011 28.880 0.9239 752
conv2 107 1.89 -3.54 4.22 4.54 160.14 3937.268 52.475 0.9822 6038
conv2 108 1.45 5.12 10.27 12.56 18.68 135.700 5.456 0.8982 448
conv2 109 -15.71 -9.10 28.76 5.58 43.28 928.908 46.986 0.8332 5002
conv2 110 -1.14 -1.26 7.67 7.16 105.24 7410.291 287.820 0.9666 4510
conv2 111 2.92 -0.98 2.73 16.42 0.29 1181.997 90.155 0.9046 1989
conv2 112 -8.93 11.37 8.36 11.00 14.48 307.161 70.725 0.8276 1312
conv2 113 1.22 -2.93 32.48 25.87 68.47 1431.246 -654.500 0.7105 5479
conv2 114 16.96 -1.69 8.16 6.57 101.04 1507.127 264.916 0.8140 709
conv2 115 10.42 17.29 6.06 15.25 12.43 1822.725 464.457 0.7066 27617
conv2 116 1.89 -0.53 4.64 11.96 24.48 1640.959 90.173 0.9000 994
conv2 117 -1.49 -5.10 7.03 6.32 99.55 346.133 45.335 0.8996 1149
conv2 118 9.04 11.35 7.50 7.38 60.78 873.068 129.301 0.8796 1416
conv2 119 -3.64 1.40 10.65 5.01 137.01 2072.869 196.499 0.9070 4620
conv2 120 2.04 -3.13 16.42 22.31 6.20 806.886 -116.677 0.8446 1720
conv2 121 -2.50 -13.83 8.20 11.21 0.45 2367.154 813.788 0.9147 51167
conv2 122 17.59 -19.41 4.41 13.67 150.55 664.760 796.535 0.1896 66441
conv2 123 -20.18 7.96 20.59 3.97 94.36 2074.200 491.339 0.5094 62125
conv2 124 18.12 6.27 8.35 4.29 83.31 4684.119 51.352 0.9772 4630
conv2 125 0.66 -2.07 6.46 4.36 101.68 254.340 64.086 0.7417 7161
conv2 126 6.36 8.88 9.12 24.38 6.95 345.223 98.008 0.8080 21360
conv2 127 -7.87 -5.14 4.52 6.48 46.76 859.322 149.406 0.6233 2574
conv2 128 -16.14 16.18 15.20 5.81 163.77 2455.558 298.961 0.8812 22363
conv2 129 -7.84 -19.15 10.57 6.87 69.91 563.033 153.327 0.7555 12387
conv2 130 20.37 20.19 9.04 3.79 63.46 1638.013 1018.470 0.1914 141114
conv2 131 -0.79 12.99 5.54 10.95 171.85 2836.161 43.441 0.9454 8330
conv2 132 -12.79 -1.78 18.54 8.86 81.36 1947.193 -46.231 0.9072 9606
conv2 133 9.50 -7.86 8.63 8.24 106.07 1178.651 7.789 0.9340 2486
conv2 134 -17.04 -15.04 12.31 8.51 57.79 863.633 47.384 0.9572 7316
conv2 135 9.01 -12.93 7.58 6.45 134.01 3799.791 70.718 0.9637 6956
conv2 136 1.40 12.39 7.93 6.70 28.22 4136.375 325.935 0.9553 2430
conv2 137 6.94 -3.62 19.15 17.07 46.77 730.770 -48.306 0.7084 4882
conv2 138 -11.16 12.77 8.10 3.61 98.88 777.576 224.350 0.4742 4934
conv2 139 10.82 -16.45 10.91 9.84 122.99 4314.225 222.966 0.9726 46673
conv2 140 7.00 2.70 12.90 14.42 151.27 1067.205 -27.479 0.8707 1252
conv2 141 6.46 -2.40 6.56 7.33 169.09 2665.805 104.291 0.9682 7980
conv2 142 -13.83 11.65 12.33 8.61 110.31 3676.504 16.446 0.9394 25015
conv2 143 -9.61 2.00 12.16 3.73 85.66 741.827 57.375 0.8624 1987
conv2 144 1.00 -9.08 7.57 6.74 89.00 2184.390 54.494 0.9164 7252
conv2 145 -12.48 -1.46 10.07 5.96 66.95 612.056 31.708 0.9482 5612
conv2 146 1.88 -2.88 6.24 5.40 85.52 5565.757 171.627 0.9408 2414
conv2 147 -0.76 15.75 5.30 12.32 172.82 2684.724 116.976 0.9589 7215
conv2 148 -19.83 6.77 15.78 4.29 96.22 1077.271 275.689 0.7788 13340
conv2 149 -7.23 -9.19 6.01 8.10 168.20 438.959 20.472 0.9162 1344
conv2 150 7.20 -9.93 6.29 6.69 20.04 2788.157 94.796 0.9215 1533
conv2 151 -7.63 17.18 6.34 16.60 176.09 1701.563 379.440 0.8015 72027
conv2 152 1.29 4.67 6.57 9.41 13.45 525.001 195.632 0.5582 4090
conv2 153 1.93 -0.21 10.86 9.61 139.62 1295.797 94.295 0.9120 3663
conv2 154 -1.27 -2.57 10.31 9.67 122.79 649.992 64.911 0.9655 7160
conv2 155 -1.72 2.10 10.44 7.59 154.53 1445.832 87.371 0.9463 6058
conv2 156 -26.50 -26.50 1.00 1.00 89.00 -1.000 -1.000 -0.0000 135834
conv2 157 -16.80 3.05 10.44 7.42 112.46 1020.050 87.258 0.9072 650
conv2 158 -1.58 -13.43 6.74 6.40 84.25 5648.505 136.077 0.9652 2473
conv2 159 -1.89 -4.52 11.20 5.33 64.11 1826.553 145.282 0.8999 2055
conv2 160 -26.50 -26.50 1.00 1.00 89.00 -1.000 -1.000 -0.0000 178462
conv2 161 17.58 22.67 49.79 4.72 80.27 744.715 604.966 0.3460 46330
conv2 162 -13.87 -15.72 6.62 18.07 45.99 1605.138 67.924 0.9045 5498
conv2 163 -2.85 -13.84 4.79 7.21 177.21 6972.320 87.281 0.9664 10149
conv2 164 3.08 13.61 10.07 14.71 16.79 3873.654 448.195 0.9315 78358
conv2 165 -17.73 10.95 6.17 22.60 100.53 450.765 27.622 0.8495 12151
conv2 166 -0.15 -20.18 13.06 37.96 165.76 1283.894 360.714 0.7762 51297
conv2 167 -0.08 3.94 9.59 11.34 147.01 1541.711 84.982 0.9088 5268
conv2 168 -2.92 3.88 5.87 6.39 99.47 4795.396 132.171 0.9637 8509
conv2 169 7.30 -4.29 14.77 6.94 155.73 939.441 104.762 0.8434 4252
conv2 170 -0.96 -18.48 21.17 10.65 90.10 680.910 33.219 0.7967 6610
conv2 171 8.04 9.09 14.15 10.09 71.35 2038.530 154.454 0.7217 72015
conv2 172 -0.79 -3.90 7.27 6.42 48.64 818.031 34.862 0.9552 839
conv2 173 -17.65 17.41 5.18 6.83 144.95 1505.835 2543.796 0.3239 205074
conv2 174 -3.60 16.13 28.94 14.45 125.62 2536.335 2607.120 0.7238 70742
conv2 175 -18.03 -13.04 8.99 5.29 85.67 2273.023 513.674 0.5368 33444
conv2 176 0.56 -19.42 6.65 8.02 50.22 103.745 59.203 0.2728 271
conv2 177 -3.06 15.74 6.06 13.61 171.24 3322.297 17.347 0.9595 4391
conv2 178 5.90 -17.55 8.77 5.78 148.58 3655.274 76.393 0.9625 3810
conv2 179 -14.03 15.52 12.04 6.47 149.00 5745.200 36.941 0.9664 28842
conv2 180 0.35 -1.29 6.49 6.21 133.11 8915.447 330.796 0.9668 1576
conv2 181 4.00 7.58 64.70 17.36 89.49 467.304 -68.355 0.6741 3861
conv2 182 -17.57 3.10 10.62 5.75 78.83 2049.571 130.218 0.9311 9467
conv2 183 -1.01 -1.75 5.34 7.45 162.11 1852.005 380.049 0.6300 41736
conv2 184 12.43 5.31 8.74 7.36 61.92 1912.485 164.217 0.9313 1540
conv2 185 -6.54 -12.27 9.20 7.65 60.31 5245.495 197.434 0.9332 76936
conv2 186 8.85 -10.06 3.95 9.75 151.04 735.191 193.551 0.6999 5663
conv2 187 -3.61 -18.70 5.29 15.72 2.08 2341.618 366.773 0.9099 34685
conv2 188 -13.24 -3.04 10.45 5.05 69.60 4418.006 136.440 0.9519 12955
conv2 189 15.10 -6.31 7.62 6.60 108.63 8175.024 42.122 0.9844 10497
conv2 190 -15.03 6.72 7.45 5.05 107.44 720.291 218.511 0.3982 3258
conv2 191 -0.50 3.27 12.46 8.44 96.60 1314.835 216.966 0.8814 6729
conv3 0 3.93 18.13 16.46 15.24 104.50 676.611 37.539 0.8617 1973
conv3 1 11.66 -31.93 9.85 27.32 178.27 343.176 4.407 0.8336 2454
conv3 2 18.03 -9.22 18.30 15.13 82.84 1128.553 8.322 0.9168 1414
conv3 3 13.13 34.69 22.23 9.34 11.02 1185.083 47.000 0.9122 11164
conv3 4 -0.83 -6.89 12.96 9.81 75.81 3212.863 134.042 0.9418 2243
conv3 5 2.01 -5.71 19.11 13.34 91.50 317.948 2.911 0.7947 822
conv3 6 -15.82 23.35 6.86 14.28 174.75 789.659 37.016 0.8962 2744
conv3 7 -12.91 -38.27 2.61 17.44 179.73 367.124 46.460 0.3987 3519
conv3 8 -6.85 -0.45 3.39 7.18 179.46 1008.718 4.870 0.9123 1260
conv3 9 -3.63 11.32 10.27 7.07 99.52 2941.578 11.423 0.9397 2192
conv3 10 -0.47 -0.64 13.29 18.23 22.71 229.047 12.424 0.9154 132
conv3 11 -36.68 -4.34 19.26 6.65 88.64 530.163 104.948 0.5381 2201
conv3 12 1.71 1.77 8.76 23.47 10.15 56.511 2.283 0.7544 83
conv3 13 27.24 -19.85 15.51 8.93 113.29 430.513 51.283 0.7538 1009
conv3 14 2.69 0.83 6.90 12.88 6.05 1805.819 44.876 0.9523 2157
conv3 15 -0.56 -0.90 13.09 8.42 152.47 38.916 1.309 0.8786 693
conv3 16 16.20 22.01 9.33 4.74 9.19 498.809 61.060 0.3604 10275
conv3 17 -0.31 4.13 15.07 3.60 89.77 329.507 11.328 0.6994 407
conv3 18 0.99 -0.64 53.71 48.51 114.29 79.931 -37.168 0.7228 403
conv3 19 -5.48 -24.59 11.14 16.02 5.04 1756.386 116.731 0.9327 12682
conv3 20 20.60 -2.79 25.14 7.87 81.07 1898.284 461.547 0.5433 25833
conv3 21 -0.92 18.52 13.90 12.70 90.18 8701.428 101.504 0.9373 22583
conv3 22 -6.87 11.48 16.88 30.82 8.26 451.987 57.729 0.5993 2918
conv3 23 -0.98 0.71 22.84 5.27 82.22 114.786 11.555 0.6191 166
conv3 24 -0.78 120.18 87.43 19.02 89.22 722.211 -5.361 0.8409 1280
conv3 25 -33.96 -26.05 17.42 10.09 54.77 669.791 97.840 0.7622 4211
conv3 26 -37.10 4.27 30.51 9.74 101.43 2020.470 657.192 0.7623 114509
conv3 27 -6.94 3.08 46.31 23.79 48.76 344.714 4.615 0.6416 1525
conv3 28 -3285.12 -3098.93 16.84 1385.65 136.11 371683.080 148.240 0.8203 63132
conv3 29 -9.36 40.83 23.84 7.11 172.25 288.710 4.749 0.9298 5095
conv3 30 4.34 -19.38 25.78 18.99 120.47 309.072 15.640 0.7272 1481
conv3 31 -11.82 -34.11 29.17 11.21 14.62 2791.639 118.277 0.8556 29919
conv3 32 -0.14 -0.78 13.41 4.14 93.48 107.196 0.649 0.9347 75
conv3 33 6.07 -30.60 23.72 16.73 164.72 217.544 21.035 0.8558 468
conv3 34 2.82 1.03 40.32 12.56 93.04 360.768 16.661 0.8960 1020
conv3 35 -29.16 -3.31 19.45 11.73 72.40 4495.584 15.683 0.9628 17685
conv3 36 5.14 15.44 18.94 14.35 136.65 1482.836 75.401 0.9018 6014
conv3 37 35.55 -2.75 17.43 11.67 101.56 776.980 68.626 0.8846 3589
conv3 38 2.12 2.63 10.33 9.18 92.22 8263.993 125.338 0.9684 3367
conv3 39 27.35 -2.76 19.74 16.69 55.01 1048.449 18.991 0.9376 3976
conv3 40 -3.81 -16.96 13.32 8.68 43.57 42.297 0.254 0.8450 33
conv3 41 -0.33 0.17 14.86 21.51 176.84 65.814 5.755 0.7968 48
conv3 42 -4.00 -17.29 12.90 45.33 137.87 69.765 1.409 0.5481 633
conv3 43 -26.30 10.49 12.04 8.37 86.94 996.148 13.809 0.9511 1412
conv3 44 -2.72 3.00 19.63 18.06 50.04 1744.111 65.536 0.9220 1424
conv3 45 18.40 2.84 9.83 19.28 1.08 957.000 69.946 0.8195 5859
conv3 46 -3.01 -32.72 9.35 29.40 5.53 480.311 11.812 0.8400 5709
conv3 47 -1.20 36.46 5.99 4.85 135.49 4.082 0.024 0.7575 76
conv3 48 -14.89 29.01 14.69 9.14 16.09 33.147 2.343 0.7420 641
conv3 49 -8.48 35.60 52.78 9.73 2.51 959.046 556.627 0.3816 54463
conv3 50 -18.48 -8.61 8.93 11.16 10.78 6404.323 62.127 0.9327 1538
conv3 51 0.84 1.07 12.23 11.14 49.52 3998.001 108.883 0.9702 1165
conv3 52 2.44 3.49 10.16 9.07 147.09 10462.937 30.772 0.9879 8554
conv3 53 -19.22 -26.83 13.73 8.27 41.99 753.635 17.310 0.9203 4429
conv3 54 -1.80 0.13 6.61 12.90 24.53 1315.986 29.191 0.9284 1894
conv3 55 -1.04 2.03 8.15 10.34 10.55 2045.392 17.057 0.9800 1979
conv3 56 14.22 4.58 8.85 11.21 9.62 5993.930 60.266 0.9401 1875
conv3 57 -1.75 -6.24 9.03 8.09 73.64 260.577 2.764 0.9476 475
conv3 58 21.71 -12.29 28.24 37.37 45.94 315.874 -22.352 0.5960 908
conv3 59 -41.83 -9.69 32.64 6.45 85.80 1460.352 584.095 0.3142 92388
conv3 60 -28.80 -17.50 14.20 18.71 179.86 1284.396 18.732 0.8790 9029
conv3 61 4.45 -5.48 10.89 9.18 115.30 7500.241 111.706 0.9646 11911
conv3 62 -0.37 -1.31 10.57 11.67 26.58 317.569 12.654 0.9334 135
conv3 63 -1.00 -13.94 25.23 14.36 82.32 37.885 1.211 0.8336 88
conv3 64 -26.79 -2.78 12.06 6.51 79.93 3771.594 521.904 0.5524 20650
conv3 65 0.54 0.36 10.52 8.96 100.93 6401.037 87.634 0.9791 3934
conv3 66 18.60 13.91 17.08 8.15 49.40 1248.577 93.000 0.7656 6966
conv3 67 -2.14 -1.34 9.45 8.43 50.90 568.676 0.809 0.9803 220
conv3 68 4.79 4.37 10.90 8.36 17.35 1837.850 35.475 0.9516 1997
conv3 69 -6.57 -18.29 12.80 11.17 106.42 188.554 45.595 0.4999 200
conv3 70 -3.25 -0.87 60.50 56.86 13.53 1252.141 -718.262 0.4160 5409
conv3 71 -14.76 -34.82 11.26 25.47 18.44 3355.362 212.464 0.9221 14538
conv3 72 -3.86 37.63 4.24 21.53 178.52 289.025 10.823 0.8537 1660
conv3 73 18.32 3.45 12.73 17.34 16.62 485.212 78.308 0.8202 1207
conv3 74 -19.27 7.21 13.65 15.03 80.78 516.736 70.672 0.6267 1080
conv3 75 38.51 24.16 8.42 4.05 72.34 240.764 65.995 0.2008 4287
conv3 76 33.16 -27.21 14.67 9.93 115.94 851.244 130.456 0.5470 35738
conv3 77 -6.47 -2.80 6.39 19.05 162.45 775.233 21.611 0.8409 2061
conv3 78 -28.82 19.82 7.56 23.51 101.81 3011.169 1125.707 0.3182 104803
conv3 79 0.89 -17.72 12.52 8.32 22.86 863.999 22.378 0.9320 5643
conv3 80 0.24 -0.59 25.40 17.64 164.55 33.989 -0.717 0.8685 56
conv3 81 -13.08 8.60 10.66 9.83 99.66 1869.820 24.400 0.9701 1988
conv3 82 -4.46 18.21 17.77 11.32 95.46 771.390 21.842 0.9563 2556
conv3 83 -29.53 34.87 17.08 9.40 146.07 851.632 296.476 0.6855 23055
conv3 84 -29.55 -9.81 21.43 9.55 78.47 2294.889 193.756 0.9022 13689
conv3 85 -0.51 36.06 13.73 29.11 0.01 7.755 -0.140 0.7877 5
conv3 86 -29.00 9.48 5.39 6.68 99.60 111.240 7.123 0.5965 397
conv3 87 -30.72 -13.88 32.72 11.76 82.62 2914.069 88.487 0.9270 40988
conv3 88 7.83 6.94 5.43 5.05 87.00 753.329 0.158 0.9406 1341
conv3 89 19.48 -21.08 11.98 9.91 144.43 1529.124 76.036 0.8983 12801
conv3 90 7.33 34.85 12.85 17.24 14.00 2000.348 80.490 0.9491 8345
conv3 91 -1.57 -14.48 13.65 5.06 81.95 757.762 12.208 0.9224 1571
conv3 92 34.94 -1.75 19.57 12.87 98.18 3048.163 20.259 0.9801 11881
conv3 93 0.15 -10.74 12.41 10.58 90.34 1621.465 37.300 0.9623 2283
conv3 94 -6.42 -28.61 11.44 17.83 19.47 10173.430 128.832 0.9660 23059
conv3 95 27.11 4.71 26.71 12.37 87.25 985.045 102.306 0.8730 3898
conv3 96 -1.44 37.14 10.45 43.52 175.08 3014.363 498.180 0.7625 80273
conv3 97 6.43 -0.75 14.43 17.07 19.58 2495.653 215.939 0.9204 3266
conv3 98 -49.50 -49.50 24.75 19.80 90.00 0.000 0.000 nan 0
conv3 99 -14.38 -4.50 10.34 13.75 23.61 1605.876 25.974 0.9550 1195
conv3 100 24.42 -14.36 13.34 11.58 112.22 2403.470 89.093 0.9565 7128
conv3 101 -52.10 -170.82 92.85 21.08 106.57 82.896 2.656 0.2358 849
conv3 102 -50.50 -50.50 1.00 1.00 89.00 -1.000 -1.000 0.0000 4372
conv3 103 10.04 -17.40 9.01 14.04 138.18 4577.157 342.418 0.8051 28765
conv3 104 0.24 17.22 20.24 12.14 92.14 59.600 3.852 0.7689 165
conv3 105 34.77 -1.76 28.53 10.88 96.17 768.921 53.799 0.8821 8156
conv3 106 33.26 -3.02 17.25 10.50 100.94 829.397 48.659 0.8961 4173
conv3 107 -34.44 -1.22 15.67 10.84 95.18 7239.438 43.133 0.9790 17405
conv3 108 1.18 -9.45 12.86 10.77 85.67 10175.018 195.865 0.9716 8840
conv3 109 -21.71 -24.48 6.59 7.44 9.18 761.642 46.927 0.5390 7457
conv3 110 14.37 0.35 12.12 21.73 2.64 1039.997 7.905 0.8691 1325
conv3 111 -3.75 -1.69 11.12 13.61 172.43 2144.526 109.792 0.9422 1974
conv3 112 8.87 -28.67 20.20 8.64 162.26 522.836 89.569 0.7373 5666
conv3 113 6.67 -25.72 10.89 20.35 5.59 1474.126 -2.719 0.9441 9106
conv3 114 -8.02 0.44 29.93 19.91 99.89 231.339 7.640 0.6592 1464
conv3 115 15.72 -3.33 28.30 12.84 159.61 258.741 4.140 0.8255 749
conv3 116 28.45 12.55 15.47 9.78 81.09 980.838 85.955 0.8729 6720
conv3 117 14.31 -16.94 12.19 22.27 152.67 1918.253 528.379 0.6653 22698
conv3 118 -1.16 0.23 2868.53 2740.01 48.83 16905942.027 -16901663.668 0.4293 45984
conv3 119 -14.59 0.57 21.25 15.06 135.68 719.624 8.656 0.8339 1037
conv3 120 2.05 -0.82 6.25 11.98 4.52 1145.114 29.525 0.9336 2418
conv3 121 -1.73 -24.92 7.62 6.95 16.61 28.065 0.525 0.8277 72
conv3 122 -41.33 -17.55 51.84 6.81 89.51 778.253 429.948 0.2493 87251
conv3 123 5.50 -26.31 10.21 13.98 52.12 1165.360 15.121 0.9384 5026
conv3 124 -2.09 -24.78 18.42 15.02 78.98 297.996 -4.272 0.8849 283
conv3 125 -0.34 0.41 8.81 9.62 39.88 3932.797 4.473 0.9809 3537
conv3 126 -19.41 -9.90 40.78 21.63 71.02 196.018 14.713 0.4246 2118
conv3 127 6.85 16.39 19.21 13.71 69.60 336.247 6.712 0.7849 376
conv3 128 -0.73 0.84 8.74 10.22 163.92 2667.375 47.836 0.9363 1339
conv3 129 -4.44 -37.55 23.03 15.57 55.06 213.702 10.450 0.8920 541
conv3 130 -50.50 -50.50 1.00 1.00 89.00 -1.000 -1.000 -0.0000 100086
conv3 131 -22.48 -22.21 23.88 10.95 38.80 68.524 3.525 0.6880 881
conv3 132 -2.01 -35.98 10.27 5.74 8.82 537.381 59.674 0.7336 2259
conv3 133 -6.37 -27.59 5.17 7.24 5.76 61.878 1.328 0.9217 193
conv3 134 -4.08 -12.67 15.63 9.74 35.60 1714.649 78.309 0.8827 5900
conv3 135 19.41 27.87 12.00 35.54 24.89 816.991 182.476 0.7071 19706
conv3 136 -6.33 22.30 12.90 11.64 142.98 8442.458 117.733 0.9633 6165
conv3 137 -3.71 -0.67 10.58 11.25 138.37 3925.977 83.375 0.9780 1615
conv3 138 10.31 14.60 9.44 8.49 51.17 7561.031 53.093 0.9654 5699
conv3 139 17.31 3.33 34.85 9.17 96.13 364.882 94.135 0.5894 2650
conv3 140 1.98 -3.83 14.69 12.05 72.91 1153.390 55.857 0.9231 3565
conv3 141 21.53 -24.08 19.26 11.68 148.42 712.739 72.951 0.8537 2831
conv3 142 1.95 -25.54 11.58 10.62 138.13 5969.532 85.404 0.9687 4874
conv3 143 -1.02 -11.21 7.83 8.23 145.11 3481.681 15.366 0.9801 4641
conv3 144 -20.73 -3.37 11.45 10.74 62.13 5939.983 56.840 0.9710 3544
conv3 145 3.20 4.26 30.53 24.23 53.91 1686.172 -11.745 0.9169 3973
conv3 146 7.71 -34.81 24.97 50.08 133.01 77.857 3.031 0.6304 541
conv3 147 32.49 -5.59 30.48 10.98 84.69 1885.981 157.262 0.7617 28599
conv3 148 4.98 2.75 15.18 20.48 170.35 370.837 23.278 0.8750 1245
conv3 149 -26.76 -5.24 11.54 9.12 85.61 3435.272 110.047 0.9522 6157
conv3 150 -1.66 15.76 16.49 10.57 89.74 1433.378 33.999 0.8930 2684
conv3 151 -22.26 -0.47 27.81 18.60 144.66 173.355 5.761 0.8340 806
conv3 152 5.93 -10.11 8.66 10.22 139.54 617.825 20.918 0.9496 1610
conv3 153 17.16 28.43 10.83 20.88 35.81 65.478 9.726 0.6996 948
conv3 154 -2.38 -0.66 13.57 14.32 177.07 46.081 1.785 0.8729 15
conv3 155 -36.78 8.38 30.61 10.52 94.27 1130.224 27.424 0.8813 4192
conv3 156 -23.83 2.53 72.90 9.76 88.98 168.515 146.035 0.2314 2571
conv3 157 -5.51 -21.92 13.18 14.43 65.94 4982.805 56.470 0.9713 11732
conv3 158 -0.73 -3.51 8.68 10.03 178.93 1256.020 231.149 0.5126 6610
conv3 159 -21.27 26.57 9.29 6.87 162.24 60.435 2.656 0.8967 248
conv3 160 30.32 -6.10 32.33 10.00 89.42 798.180 65.928 0.8373 6853
conv3 161 3.18 7.15 8.46 9.59 8.95 2202.061 19.504 0.9669 4364
conv3 162 -2.82 -1.96 16.78 15.60 124.37 1377.137 47.874 0.9036 678
conv3 163 3.13 23.10 12.60 9.97 22.83 5885.982 112.977 0.9515 12793
conv3 164 1.67 4.09 15.95 10.78 147.74 3175.152 104.674 0.9703 4870
conv3 165 13.39 -4.04 4.96 7.81 155.95 35.983 -0.058 0.8974 86
conv3 166 6.54 24.39 11.97 6.58 173.93 892.031 12.676 0.9474 5755
conv3 167 4.99 2.77 10.44 7.67 55.40 1663.663 18.991 0.9583 7976
conv3 168 -7.07 1.24 7.55 7.40 81.92 777.880 0.203 0.9775 615
conv3 169 36.75 14.24 44.83 11.35 72.67 1244.404 388.454 0.5531 66276
conv3 170 -50.50 -50.50 1.00 1.00 89.00 -1.000 -1.000 -0.0000 106396
conv3 171 32.98 -19.03 43.73 9.65 95.39 541.579 40.987 0.7771 11515
conv3 172 -17.24 -22.47 17.23 13.58 136.97 2299.996 115.959 0.8717 6334
conv3 173 -4.45 -9.82 28.93 24.90 125.51 327.415 -8.513 0.5983 1363
conv3 174 -33.97 -22.50 26.25 9.83 62.69 272.312 17.753 0.8599 6800
conv3 175 -5.90 32.66 15.82 22.75 175.46 437.249 1.342 0.8471 6545
conv3 176 37.00 -0.50 6.80 3.58 90.00 0.467 -0.001 0.7919 1
conv3 177 30.55 30.95 7.61 8.79 30.69 554.553 140.792 0.2801 2825
conv3 178 -50.50 -50.50 1.00 1.00 89.00 -1.000 -1.000 0.0000 9964
conv3 179 -5.17 2.01 9.98 12.64 144.08 1520.180 163.557 0.7449 16038
conv3 180 16.93 -2.70 9.84 6.37 129.33 127.611 0.546 0.9524 285
conv3 181 -0.75 4.26 7.27 8.04 17.50 246.632 1.606 0.9573 909
conv3 182 1.86 -0.39 5.68 24.17 1.14 44.271 4.930 0.5784 188
conv3 183 18.85 3.69 7.44 8.67 32.97 2312.374 40.062 0.9740 2452
conv3 184 -19.79 27.76 5.86 10.57 178.79 52.548 0.582 0.9273 80
conv3 185 5.02 1.34 8.85 7.57 70.60 1517.208 18.129 0.9544 1781
conv3 186 -31.86 -16.12 21.25 12.42 134.68 273.810 59.893 0.5988 2855
conv3 187 -32.11 -1.44 20.68 14.34 62.21 975.162 49.128 0.9394 3713
conv3 188 21.79 -35.41 27.57 9.98 161.60 593.391 74.552 0.7216 12913
conv3 189 -0.09 -1.82 8.05 6.68 102.35 253.514 1.197 0.9606 331
conv3 190 -14.61 -3.02 9.62 10.30 32.13 1660.137 86.691 0.9048 3631
conv3 191 3.43 28.48 9.19 16.23 21.42 786.401 30.166 0.9334 3731
conv3 192 -50.50 -50.50 1.00 1.00 89.00 -1.000 -1.000 0.0000 67178
conv3 193 -5.90 -16.65 10.52 7.66 76.34 2089.547 25.641 0.9625 3148
conv3 194 -0.84 -6.32 20.17 5.33 89.71 923.867 96.513 0.7528 1107
conv3 195 -0.15 20.41 15.13 5.09 89.84 1133.051 110.717 0.7373 1403
conv3 196 -4.61 -9.33 14.81 10.97 35.33 382.438 14.329 0.8368 5383
conv3 197 -17.61 -3.62 17.34 22.84 1.06 231.165 1.578 0.8219 1146
conv3 198 -0.89 -29.83 8.35 18.73 176.91 425.491 48.116 0.7498 7394
conv3 199 -50.50 -50.50 1.00 1.00 89.00 -1.000 -1.000 0.0000 5441
conv3 200 -16.25 -5.21 38.51 15.79 168.21 25.755 0.302 0.6594 91
conv3 201 -1.84 2.18 9.52 10.83 73.12 127.606 7.034 0.7864 95
conv3 202 0.35 -25.37 18.12 10.34 92.85 32.892 1.607 0.5448 244
conv3 203 -17.50 -12.76 10.32 12.05 154.67 2252.952 34.747 0.9458 6356
conv3 204 34.34 -5.15 38.57 10.63 93.50 3460.243 879.006 0.6811 130360
conv3 205 -41.41 -28.82 29.73 8.92 44.11 296.504 26.549 0.7370 3467
conv3 206 -33.24 -25.30 20.81 11.20 63.42 422.875 53.097 0.7514 23903
conv3 207 -25.95 35.62 19.96 9.15 159.13 364.538 11.185 0.8974 17467
conv3 208 26.60 -25.10 9.59 7.89 101.62 1524.723 71.703 0.7422 7095
conv3 209 35.87 -33.70 17.65 8.99 122.66 1399.976 195.456 0.7100 45716
conv3 210 -27.19 13.61 8.43 6.43 75.18 434.525 36.768 0.7309 3011
conv3 211 -8.28 19.36 51.26 20.26 70.38 227.842 11.955 0.7261 1962
conv3 212 7.87 -13.19 30.87 20.16 101.50 281.364 5.679 0.4948 1912
conv3 213 -7.22 2.37 7.03 6.41 93.39 2804.831 -0.469 0.9828 3456
conv3 214 25.80 24.56 6.68 5.11 86.10 227.836 32.650 0.4468 1445
conv3 215 16.74 1.86 10.10 12.26 14.99 1231.408 35.045 0.9388 633
conv3 216 -26.30 26.12 7.31 6.97 178.86 471.081 58.702 0.3193 7301
conv3 217 -1.43 -16.48 23.46 19.00 122.42 552.222 78.083 0.7830 1532
conv3 218 -0.52 -28.20 7.75 25.72 175.76 910.975 112.033 0.7671 8415
conv3 219 5.22 -26.27 26.68 13.49 123.50 4.838 0.238 0.7388 8
conv3 220 -18.44 6.85 13.61 16.72 148.96 495.030 12.832 0.9011 468
conv3 221 13.25 9.65 16.54 15.08 78.92 798.859 41.292 0.8524 3849
conv3 222 26.07 -10.59 17.11 10.58 111.54 3428.716 38.908 0.9352 7358
conv3 223 4.10 0.36 8.78 7.98 76.95 1381.261 42.794 0.9252 3942
conv3 224 0.32 -2.04 17.53 6.40 65.91 29.684 1.100 0.7551 32
conv3 225 -28.07 -8.68 23.03 5.18 86.02 220.755 16.606 0.7493 2905
conv3 226 0.90 13.55 13.22 9.86 87.92 627.317 6.886 0.9617 948
conv3 227 26.53 3.13 13.24 11.86 80.07 617.175 41.863 0.9174 3118
conv3 228 11.70 -21.85 9.84 8.28 113.73 675.635 57.527 0.6677 3445
conv3 229 -1.72 -0.42 36.57 14.28 89.57 766.859 37.607 0.9259 2011
conv3 230 -0.77 -12.76 17.38 5.10 91.05 32.985 0.928 0.8710 26
conv3 231 -0.61 -10.94 24.33 5.17 82.12 375.451 57.860 0.5355 1540
conv3 232 -57.60 30.33 9.30 98.47 172.46 1685.569 1164.536 0.3408 160460
conv3 233 22.30 -17.33 10.91 6.50 115.99 581.558 142.852 0.4402 5544
conv3 234 21.74 11.24 16.76 10.60 42.75 472.384 2.145 0.8886 1874
conv3 235 -9.53 -22.48 17.27 20.15 43.97 5.937 0.007 0.7887 138
conv3 236 -18.26 -28.48 13.25 9.78 19.02 1025.628 15.906 0.9385 3296
conv3 237 2.65 27.41 15.23 79.47 33.80 213.046 6.310 0.7755 3091
conv3 238 22.42 -33.50 10.81 19.68 160.47 1245.997 55.346 0.9521 9561
conv3 239 2.20 -4.33 6.91 8.37 130.79 1012.684 2.312 0.9651 1782
conv3 240 -50.50 -50.50 1.00 1.00 89.00 -1.000 -1.000 0.0000 10386
conv3 241 3.14 -8.42 8.46 11.74 48.25 439.890 5.287 0.8708 1304
conv3 242 -2.08 5.46 15.13 8.09 95.61 658.831 23.376 0.8283 669
conv3 243 24.01 16.02 19.11 11.86 48.68 2846.872 40.014 0.9330 3650
conv3 244 1.03 12.67 9.94 10.29 156.09 2359.838 28.284 0.9517 2948
conv3 245 28.66 -37.29 45.60 8.39 105.71 1622.804 223.021 0.7695 24426
conv3 246 -24.98 -19.34 12.47 9.32 49.69 860.275 22.108 0.9380 4443
conv3 247 0.67 -7.80 10.94 9.83 136.52 858.256 27.711 0.9501 1472
conv3 248 3.54 32.37 9.79 25.67 5.45 1103.549 75.769 0.9241 20620
conv3 249 9.69 32.04 28.65 10.48 5.16 2586.880 103.164 0.9283 26920
conv3 250 9.70 24.54 13.81 31.78 23.16 603.904 46.337 0.6680 5162
conv3 251 -1.56 -34.79 10.46 18.20 1.50 1584.128 47.791 0.9424 16174
conv3 252 -4.88 -39.18 17.25 8.91 7.37 1110.705 47.646 0.8976 5517
conv3 253 6.60 9.83 9.97 8.03 27.77 3186.386 30.884 0.9526 3208
conv3 254 37.28 12.98 43.19 16.62 77.45 4352.030 352.139 0.7850 80749
conv3 255 28.88 29.38 8.89 9.01 128.80 61.850 1.352 0.8363 272
conv3 256 -1.29 1.39 9.73 8.52 111.83 1295.416 108.220 0.7990 9143
conv3 257 -3.55 -0.40 23.99 19.30 135.15 45.745 2.424 0.8318 158
conv3 258 -0.55 1.99 8.87 7.08 62.62 530.690 8.994 0.9116 990
conv3 259 1.30 -18.30 16.85 10.81 99.49 195.804 -0.298 0.9372 344
conv3 260 -15.53 17.09 11.16 12.86 163.22 4146.512 107.732 0.9429 6037
conv3 261 4.97 -22.42 15.04 19.47 156.38 4346.347 202.208 0.9352 9961
conv3 262 21.31 5.60 16.88 33.85 167.80 71.833 3.701 0.7835 430
conv3 263 14.43 -38.86 47.32 10.96 166.98 248.870 10.689 0.7509 1754
conv3 264 10.39 11.31 12.45 13.46 29.64 4786.919 107.492 0.9725 12528
conv3 265 31.65 -34.99 7.02 9.57 161.48 509.117 260.896 0.3690 7131
conv3 266 2.23 -4.39 7.32 6.42 91.30 410.770 0.809 0.9598 292
conv3 267 -30.57 17.64 19.19 12.57 83.99 759.711 88.700 0.8220 3498
conv3 268 -7.88 -1.17 9.38 13.18 169.99 3023.410 60.756 0.9272 4321
conv3 269 -50.50 -50.50 1.00 1.00 89.00 -1.000 -1.000 0.0000 29146
conv3 270 -0.46 -0.49 23.48 5.44 88.19 171.514 30.488 0.5925 353
conv3 271 -21.75 15.60 15.52 10.75 132.90 2289.371 43.390 0.9283 3702
conv3 272 -2.92 -37.59 8.85 23.83 0.94 2502.936 328.677 0.8216 37920
conv3 273 -4.45 4.11 10.56 6.31 79.61 4053.202 87.753 0.9662 6975
conv3 274 -29.26 -28.10 13.78 5.51 44.33 12.463 0.252 0.8462 31
conv3 275 0.21 -28.93 13.11 8.60 88.49 427.288 9.199 0.9570 952
conv3 276 -4.61 -39.84 7.90 24.11 2.73 1161.087 11.881 0.9537 9922
conv3 277 -30.49 -21.52 20.30 12.10 73.49 2844.643 124.584 0.9409 19984
conv3 278 11.69 -21.83 19.06 6.78 176.22 1245.443 322.324 0.5979 27319
conv3 279 5.33 -21.15 18.68 21.26 5.07 655.614 14.268 0.8324 692
conv3 280 29.59 -29.55 6.36 5.80 126.48 574.893 135.353 0.3216 6574
conv3 281 35.12 -6.13 16.47 6.68 84.04 242.727 79.900 0.3469 2548
conv3 282 -30.55 -40.03 23.26 8.84 51.14 938.370 56.574 0.8593 17584
conv3 283 14.52 -41.68 15.44 8.10 170.01 990.240 144.725 0.6143 14781
conv3 284 28.02 15.22 9.86 5.83 80.84 751.122 184.569 0.2478 24679
conv3 285 -8.75 -15.74 17.00 22.36 164.49 2184.904 138.873 0.9483 4187
conv3 286 -3.92 -16.41 15.31 5.99 25.55 2688.148 918.285 0.3561 50541
conv3 287 -36.71 22.33 12.46 8.80 101.00 1357.600 167.739 0.5643 12583
conv3 288 13.30 37.08 3.15 34.72 179.96 13.388 0.039 0.8620 29
conv3 289 -17.18 34.05 9.62 23.16 169.73 984.917 165.549 0.7145 3876
conv3 290 27.40 7.42 4.92 8.19 87.06 300.519 43.564 0.3823 1380
conv3 291 33.64 -6.38 22.33 11.89 101.40 1211.209 -2.119 0.9584 1339
conv3 292 33.45 -12.66 19.71 12.99 107.23 3482.757 84.583 0.9217 17666
conv3 293 -1.97 -0.52 11.47 7.79 165.14 317.704 3.588 0.9554 172
conv3 294 -39.95 -13.93 19.25 6.34 83.28 790.708 62.031 0.7598 3795
conv3 295 30.32 -33.29 13.17 7.95 143.39 898.457 307.825 0.4837 26722
conv3 296 5.38 1.19 10.09 10.37 131.77 5506.126 73.724 0.9735 2522
conv3 297 1.01 -0.31 23.45 13.53 125.21 153.124 14.856 0.7933 410
conv3 298 -30.81 -33.29 9.90 7.46 46.23 553.876 78.674 0.4682 5942
conv3 299 -24.01 25.62 6.17 5.67 117.01 388.518 20.842 0.3706 3614
conv3 300 -17.03 8.58 22.25 8.42 109.02 937.953 102.299 0.8029 4305
conv3 301 -1.55 -0.27 29.27 26.04 49.69 542.560 -46.665 0.8905 6424
conv3 302 0.84 0.55 12.41 10.90 80.68 937.788 44.652 0.8809 3493
conv3 303 -23.33 -15.04 22.72 17.03 84.83 307.631 3.055 0.8143 697
conv3 304 -19.06 37.14 9.49 20.65 136.85 574.888 176.050 0.4548 15123
conv3 305 -2.09 -2.20 17.41 16.04 9.24 1188.760 53.455 0.8153 632
conv3 306 7.32 33.69 9.58 22.26 177.08 1438.433 337.930 0.6553 57403
conv3 307 -3.49 5.96 31.71 29.76 80.66 4128.847 -392.489 0.8404 20547
conv3 308 21.87 -39.65 70.79 10.98 171.49 1532.003 46.214 0.8281 33922
conv3 309 15.18 -40.26 28.67 9.70 164.17 2147.828 38.500 0.9377 18215
conv3 310 -3.54 29.11 11.98 7.24 83.49 1627.615 18.865 0.8983 4184
conv3 311 -2.05 -1.58 13.06 19.50 166.89 781.945 49.570 0.8120 1294
conv3 312 2.42 -20.58 15.15 10.43 140.93 6555.250 118.463 0.9441 18470
conv3 313 3.47 -23.90 9.54 11.64 155.47 9575.268 128.138 0.9626 7349
conv3 314 -1.56 -37.64 5.32 17.67 2.98 17.685 3.029 0.3495 67
conv3 315 -12.53 31.22 26.16 13.90 150.70 67.527 8.774 0.7948 183
conv3 316 -3.07 24.40 10.91 9.18 141.29 5129.234 68.237 0.9653 7539
conv3 317 -46.84 26.52 11.98 101.71 173.79 883.567 291.436 0.5281 73662
conv3 318 23.17 -7.99 20.21 21.82 138.19 78.255 1.991 0.7279 201
conv3 319 -28.66 5.42 24.54 6.77 100.08 378.120 95.160 0.4617 8487
conv3 320 30.00 -21.31 16.62 9.86 131.14 100.420 15.647 0.6633 582
conv3 321 20.82 -30.47 17.96 9.30 151.21 532.639 70.240 0.7849 2434
conv3 322 -12.57 -2.76 13.65 10.71 48.55 710.124 53.067 0.8647 5044
conv3 323 3.28 -12.52 17.40 16.91 63.68 2038.117 132.413 0.9470 5444
conv3 324 -0.59 16.34 14.54 10.13 85.68 1427.428 20.080 0.9069 1110
conv3 325 7.93 -30.19 6.38 8.81 3.24 778.327 172.753 0.4148 7806
conv3 326 2.75 -27.97 23.54 15.03 82.06 496.087 9.730 0.9167 2266
conv3 327 -19.58 11.61 16.44 15.26 113.20 9944.284 202.156 0.9654 18937
conv3 328 -0.86 24.86 6.35 10.38 7.83 770.216 16.992 0.8466 1701
conv3 329 -0.09 16.92 20.01 12.85 85.01 4.545 -0.093 0.7816 4
conv3 330 -7.75 -37.49 8.74 21.42 14.07 865.661 19.520 0.9040 4795
conv3 331 -0.90 -13.10 10.22 7.07 35.95 3203.138 0.734 0.9768 3611
conv3 332 2.73 34.36 14.59 32.26 169.14 2051.550 120.632 0.7961 33351
conv3 333 -33.19 -10.25 33.65 16.40 88.38 2421.831 94.597 0.8389 20549
conv3 334 -0.08 -4.17 10.79 5.27 86.42 1065.888 28.930 0.9098 1834
conv3 335 10.86 -35.89 16.35 6.41 162.20 60.143 10.605 0.4636 1256
conv3 336 0.06 14.23 10.74 6.43 1.54 137.040 10.892 0.7009 1274
conv3 337 -8.50 30.50 10.98 23.97 175.61 3627.961 48.162 0.9407 25170
conv3 338 -50.50 -50.50 1.00 1.00 89.00 -1.000 -1.000 -0.0000 130766
conv3 339 -25.75 -1.52 11.13 9.80 84.72 4642.647 54.390 0.9591 12532
conv3 340 3.75 -5.56 8.48 8.08 145.29 824.253 6.079 0.9736 581
conv3 341 -2.21 -3.43 9.18 9.77 2.11 780.105 13.432 0.9682 489
conv3 342 42.92 4.76 55.57 12.28 31.22 32.773 0.167 0.7249 170
conv3 343 20.99 -34.84 9.65 16.85 159.69 535.226 22.487 0.9100 2668
conv3 344 -22.64 11.30 13.44 7.99 126.77 2235.553 83.948 0.8684 16073
conv3 345 2.74 -1.56 30.14 18.72 147.54 200.541 15.887 0.7075 1382
conv3 346 1.21 -2.74 8.56 9.63 25.83 31.226 0.215 0.8529 63
conv3 347 -9.57 -0.27 11.24 10.20 48.48 533.237 120.144 0.5491 1076
conv3 348 -36.86 10.24 26.82 10.31 97.95 3020.881 76.048 0.8837 26203
conv3 349 -38.64 12.05 16.76 8.73 100.05 2954.366 57.885 0.9606 15271
conv3 350 5.20 -6.99 16.03 32.80 179.35 727.173 43.900 0.6765 2155
conv3 351 -9.51 -22.04 8.72 13.06 161.95 417.703 81.665 0.6617 3680
conv3 352 5.84 0.71 16.68 13.57 160.26 250.621 4.804 0.9598 1506
conv3 353 -10.58 -8.94 10.58 8.60 66.36 516.339 14.214 0.9079 852
conv3 354 4.34 38.28 18.34 8.48 18.00 910.724 187.566 0.5894 28985
conv3 355 24.96 11.09 10.27 6.44 58.61 77.043 4.015 0.6106 246
conv3 356 30.17 8.42 14.96 7.34 66.22 1315.016 113.717 0.8350 18882
conv3 357 30.46 -10.11 14.75 8.82 65.34 513.609 85.596 0.5929 1151
conv3 358 -6.89 -1.87 11.63 7.81 90.32 1300.873 27.644 0.9377 1179
conv3 359 -1.91 7.59 12.28 7.25 94.50 475.352 7.999 0.9009 436
conv3 360 3.16 -1.93 11.46 8.54 91.89 424.171 18.078 0.9094 2778
conv3 361 -9.48 -2.48 31.64 24.74 115.99 551.704 -25.553 0.7839 3284
conv3 362 -7.53 -24.74 11.77 6.39 13.66 1565.059 72.585 0.8382 3096
conv3 363 12.69 27.02 10.46 18.54 27.78 1712.629 14.561 0.9253 5910
conv3 364 0.94 -33.29 39.30 12.54 21.53 3685.475 1456.830 0.5647 123773
conv3 365 -7.34 3.05 10.91 7.02 112.12 888.028 8.614 0.9474 841
conv3 366 -2.44 -20.56 13.70 8.87 83.46 2791.624 42.889 0.9365 2801
conv3 367 36.54 8.20 23.53 9.05 79.98 2732.369 208.430 0.8259 26342
conv3 368 -13.21 -6.79 34.59 20.29 144.96 37.881 1.020 0.4585 188
conv3 369 11.07 7.40 10.34 11.09 32.16 5894.746 82.784 0.9668 4038
conv3 370 -51.21 -78.05 29.39 72.37 148.34 4.531 0.074 0.6168 79
conv3 371 13.10 102.31 91.25 25.91 96.33 739.428 -73.664 0.6607 1197
conv3 372 18.99 -34.76 25.31 13.90 122.77 515.486 112.220 0.6810 8577
conv3 373 1.17 5.83 7.08 5.76 84.88 193.132 0.553 0.9587 128
conv3 374 3.17 -28.74 10.03 8.92 117.26 382.863 18.521 0.9271 1213
conv3 375 -4.77 -30.05 8.19 32.06 174.18 750.908 77.532 0.6064 7867
conv3 376 -1.23 -19.37 14.80 8.02 86.71 98.656 0.557 0.9014 34
conv3 377 21.22 -36.02 29.52 9.22 165.76 86.696 1.204 0.8295 131
conv3 378 -6.64 11.78 20.59 16.94 132.23 1479.012 53.164 0.8660 7263
conv3 379 -0.43 -0.18 13.89 8.53 120.44 57.479 3.595 0.7758 88
conv3 380 -7.90 10.20 21.76 8.20 61.91 306.647 11.274 0.6604 2496
conv3 381 -5.65 9.21 11.19 18.99 21.35 98.546 6.392 0.7548 887
conv3 382 23.71 -9.14 24.49 12.25 101.20 3637.852 45.392 0.8905 22219
conv3 383 -2.12 -16.60 10.52 8.98 105.10 4064.955 51.793 0.9616 8520
conv4 0 45.12 15.38 24.22 11.89 67.30 408.062 108.793 0.5968 5513
conv4 1 0.97 2.93 13.30 19.79 174.72 667.997 24.783 0.9066 735
conv4 2 -6.31 -41.22 88.20 25.62 98.21 47.966 -1.280 0.5083 797
conv4 3 -35.81 32.99 22.46 11.83 137.77 484.788 148.916 0.4379 36873
conv4 4 -1.81 -2.25 10.04 8.19 74.94 309.985 4.401 0.8997 1441
conv4 5 -13.78 9.93 14.58 38.87 161.59 626.276 23.078 0.5693 6597
conv4 6 4.31 8.46 16.38 10.87 105.65 348.110 11.574 0.8881 1800
conv4 7 0.23 13.24 17.05 6.06 86.87 1267.797 13.174 0.9358 2331
conv4 8 55.85 -7.18 31.16 8.51 109.34 331.752 73.039 0.5316 8884
conv4 9 -5.68 -19.37 15.95 33.08 1.70 2424.590 353.517 0.6493 38504
conv4 10 6.24 8.92 15.54 8.39 169.72 690.051 3.372 0.9626 2140
conv4 11 5.44 -10.87 23.20 17.87 119.48 92.608 1.830 0.8877 529
conv4 12 -17.29 -4.35 15.06 33.52 158.68 351.425 26.628 0.8375 4340
conv4 13 -46.84 5.60 16.59 7.27 93.46 143.678 2.031 0.9246 1171
conv4 14 1.05 25.01 12.69 11.26 141.17 2637.603 28.697 0.9624 8006
conv4 15 -0.26 9.39 9.30 7.01 90.15 543.864 2.618 0.9541 1270
conv4 16 -36.13 16.75 17.04 17.76 135.15 253.156 4.464 0.8806 3486
conv4 17 -4.33 -1.70 8.82 13.65 164.85 659.743 19.993 0.9222 1182
conv4 18 2.01 -10.45 15.80 29.87 18.21 604.453 17.436 0.5199 9223
conv4 19 3.55 25.09 25.07 15.95 78.89 323.973 16.174 0.7240 4819
conv4 20 6.74 0.16 13.63 10.82 81.83 2173.458 14.760 0.9547 7952
conv4 21 3.28 19.12 18.46 10.07 76.06 787.149 90.230 0.6507 3786
conv4 22 -18.44 -124.06 99.05 32.01 98.64 71.333 -1.569 0.6070 356
conv4 23 8.40 -2.50 9.96 2.21 148.12 1.280 0.002 0.6748 17
conv4 24 13.27 -10.72 10.63 6.71 171.60 173.527 5.320 0.8263 2040
conv4 25 -5.40 -17.11 18.00 13.91 72.69 1370.524 26.083 0.9387 2584
conv4 26 0.28 0.49 8.91 4.61 81.33 35.730 0.006 0.9250 84
conv4 27 -11.60 5.18 20.14 13.13 31.77 512.378 21.046 0.9328 2012
conv4 28 -0.82 23.96 19.17 14.12 86.07 1157.093 33.262 0.9271 889
conv4 29 31.12 -12.10 16.43 8.19 134.78 255.372 44.276 0.4367 3640
conv4 30 -10.35 9.58 17.73 15.29 137.56 186.700 18.248 0.8725 746
conv4 31 -0.51 9.06 12.68 7.70 98.17 381.041 3.386 0.9116 802
conv4 32 -0.42 -0.53 14.98 8.48 26.11 996.078 20.762 0.9029 515
conv4 33 -0.32 10.25 39.56 25.75 106.33 68.534 0.493 0.7535 638
conv4 34 -1.88 -1.44 9.56 12.38 134.10 1877.378 29.510 0.9703 2701
conv4 35 -1.92 -2.22 14.80 11.51 98.42 628.480 20.111 0.9093 1568
conv4 36 22.61 10.81 16.64 14.36 77.97 197.623 4.275 0.8822 378
conv4 37 -6.18 -15.42 12.69 23.44 157.59 486.453 15.797 0.8299 5875
conv4 38 3.10 15.64 23.81 20.38 73.72 44.881 2.348 0.8195 204
conv4 39 5.81 15.10 12.86 9.25 53.33 2282.096 19.400 0.9730 4319
conv4 40 -24.63 45.28 60.91 20.95 124.91 13.155 3.752 0.5069 1757
conv4 41 10.82 11.39 31.25 20.12 70.03 773.675 9.568 0.6715 16536
conv4 42 33.90 3.16 23.07 10.18 128.32 136.162 27.589 0.4433 6867
conv4 43 14.79 8.34 18.11 21.41 177.27 992.318 70.450 0.8556 2076
conv4 44 -16.44 18.39 21.00 30.02 173.04 43.953 8.269 0.5573 734
conv4 45 5.07 13.15 14.81 13.40 6.88 355.945 17.178 0.8810 903
conv4 46 13.75 35.06 15.08 11.54 33.00 211.148 46.627 0.4153 4394
conv4 47 -14.10 34.19 71.31 54.13 178.86 860.736 -85.451 0.5408 24924
conv4 48 -20.18 -52.20 9.08 17.78 4.61 707.643 102.823 0.6797 11059
conv4 49 7.73 4.79 12.46 10.04 107.11 588.045 10.756 0.9382 524
conv4 50 -32.85 -33.69 28.97 11.12 27.97 470.014 211.657 0.4477 11274
conv4 51 4.16 21.35 26.34 14.43 46.78 5.946 0.262 0.7505 22
conv4 52 -43.65 42.25 91.35 12.27 92.65 438.394 161.048 0.5494 40237
conv4 53 2.63 0.41 9.38 11.60 0.17 3250.186 29.849 0.9696 3826
conv4 54 0.48 2.99 32.48 13.45 91.16 93.963 4.194 0.7896 624
conv4 55 15.12 29.29 70.31 38.60 75.86 214.944 6.250 0.6684 5471
conv4 56 49.39 -2.41 26.29 7.71 90.21 2.359 0.116 0.4102 72
conv4 57 -2.64 -8.09 23.67 15.08 130.93 1923.589 225.458 0.7738 12022
conv4 58 2145.26 -2204.40 1038.00 11.43 44.72 4150.981 13.067 0.4138 4042
conv4 59 -66.50 -66.50 1.00 1.00 89.00 -1.000 -1.000 0.0000 8909
conv4 60 -0.37 23.14 27.15 7.28 89.70 306.477 3.286 0.8976 433
conv4 61 -3.81 -3.34 22.59 12.63 94.13 1068.647 97.985 0.8016 13212
conv4 62 -25.03 30.57 10.69 18.13 127.21 122.199 7.798 0.6058 2224
conv4 63 0.00 4.65 10.27 9.65 80.10 673.491 13.598 0.9463 923
conv4 64 -7.27 0.50 11.28 14.83 4.75 430.445 15.968 0.9422 904
conv4 65 -11.23 -37.92 12.51 21.06 22.68 229.077 13.658 0.8862 1878
conv4 66 -14.45 27.19 36.30 16.18 143.14 404.746 33.233 0.6360 5032
conv4 67 -1.11 -4.20 18.99 8.54 91.71 431.482 108.159 0.4080 10765
conv4 68 -5.73 6.39 7.12 8.00 58.36 960.562 1.898 0.9856 930
conv4 69 3.30 -28.13 15.41 21.49 152.84 830.179 61.804 0.8888 4628
conv4 70 45.04 8.30 17.50 7.94 89.79 54.847 1.081 0.8871 1497
conv4 71 -4.46 -44.57 13.52 25.96 178.96 2513.669 568.271 0.5576 73407
conv4 72 0.14 -0.83 20.90 8.89 51.40 87.838 2.043 0.9457 165
conv4 73 0.90 1.72 7.22 9.43 67.79 262.206 11.759 0.8282 1174
conv4 74 -0.74 -5.45 7.56 9.16 121.52 694.701 3.916 0.9806 731
conv4 75 57.87 -2.62 12.94 6.30 83.64 40.618 1.032 0.7326 488
conv4 76 -0.97 3.33 12.20 4.13 90.17 118.705 1.979 0.8790 435
conv4 77 56.70 -0.21 7.14 14.40 105.70 281.359 35.863 0.4214 8107
conv4 78 -8.09 -40.51 10.01 6.00 0.38 271.380 6.872 0.8237 1861
conv4 79 0.69 -3.16 14.19 8.60 84.56 1732.410 48.134 0.8642 12542
conv4 80 -0.36 0.93 10.37 8.25 122.14 241.227 5.971 0.8769 301
conv4 81 -41.67 -9.62 21.66 10.64 50.54 1859.661 549.327 0.5842 41150
conv4 82 -4.07 -2.79 12.37 13.21 149.64 7169.212 160.986 0.9709 6030
conv4 83 -17.26 26.29 20.40 17.81 112.62 402.613 13.595 0.9097 1203
conv4 84 -39.80 1.30 29.95 19.24 106.75 361.872 25.859 0.7887 7963
conv4 85 -29.11 -25.70 7.09 6.09 138.82 115.271 3.372 0.7290 861
conv4 86 2.13 -1.03 8.60 10.43 69.60 2157.282 32.224 0.9605 1440
conv4 87 1.93 6.16 23.63 16.10 76.04 402.804 42.632 0.8813 752
conv4 88 -0.43 -0.47 20.53 8.90 49.87 180.823 4.267 0.8810 153
conv4 89 -7.16 44.14 17.72 11.53 19.12 104.435 5.846 0.7967 1651
conv4 90 -0.00 1.20 13.79 6.02 92.27 4101.649 47.446 0.9580 3627
conv4 91 3.39 12.59 21.94 12.71 79.66 721.491 73.724 0.8829 4892
conv4 92 -0.09 -11.02 12.92 8.71 96.52 1041.083 12.333 0.9526 1350
conv4 93 2.96 -5.44 12.36 7.19 38.41 120.568 1.809 0.8734 524
conv4 94 -10.13 -49.37 35.67 30.01 142.39 907.557 42.322 0.8362 11145
conv4 95 6.96 -5.54 7.00 7.80 177.54 154.194 0.321 0.9679 179
conv4 96 -42.30 39.71 24.93 12.23 130.25 758.658 153.304 0.6115 44949
conv4 97 3.49 22.65 9.98 18.61 10.95 2607.757 89.902 0.9213 9671
conv4 98 15.22 -25.79 20.46 11.34 91.42 561.323 51.750 0.8524 6062
conv4 99 -3.61 11.13 6.24 28.92 175.24 133.375 9.074 0.5413 1672
conv4 100 -0.76 0.07 19.46 11.15 49.88 389.699 13.410 0.8784 236
conv4 101 1.94 -4.12 13.40 11.93 136.13 273.624 8.329 0.8832 404
conv4 102 -15.73 -25.28 9.08 15.76 19.29 1645.633 245.864 0.5631 19736
conv4 103 10.35 -31.45 11.31 22.47 149.94 3129.343 451.557 0.7232 34937
conv4 104 -8.33 15.82 28.08 17.45 158.68 1167.776 45.329 0.6957 23388
conv4 105 2.86 -5.83 10.59 7.41 140.99 139.606 0.881 0.8939 534
conv4 106 -14.82 -15.37 19.71 12.68 45.74 1491.337 121.579 0.7761 9651
conv4 107 5.52 -1.38 6.06 9.54 2.07 1056.199 5.901 0.9530 1857
conv4 108 -22.72 50.42 22.74 8.70 173.56 422.365 98.683 0.6327 26559
conv4 109 -18.92 -38.43 16.55 10.57 113.74 68.801 2.783 0.7962 2542
conv4 110 -3.77 -20.75 21.45 16.53 31.19 116.810 5.158 0.8454 1199
conv4 111 30.26 7.46 3.30 5.55 69.69 7.014 0.058 0.6582 37
conv4 112 4.06 -2.60 5.79 8.30 12.57 424.075 1.359 0.9659 549
conv4 113 52.62 2.55 29.40 10.99 87.67 553.742 89.585 0.6563 16918
conv4 114 -56.65 7.66 28.87 9.30 96.60 395.857 26.663 0.8420 7099
conv4 115 4.84 2.65 18.11 9.98 147.42 43.267 0.263 0.7837 134
conv4 116 -0.23 -0.63 17.81 11.28 176.63 277.497 61.750 0.5031 8448
conv4 117 23.28 16.70 18.74 13.10 104.06 837.860 122.145 0.7744 4232
conv4 118 -1.19 0.22 15.28 7.07 83.00 26.108 1.088 0.7016 300
conv4 119 1.74 49.75 10.30 21.14 9.63 761.885 192.881 0.3376 25698
conv4 120 16.00 -19.48 32.34 21.32 41.29 99.631 9.137 0.8230 741
conv4 121 0.34 5.44 10.83 6.19 100.68 30.760 0.253 0.9184 55
conv4 122 1.96 9.27 31.13 20.22 63.89 1448.679 12.776 0.7482 15837
conv4 123 18.61 2.04 36.80 10.86 84.64 958.654 62.295 0.7115 21250
conv4 124 -7.68 10.36 7.26 8.57 70.50 536.333 7.675 0.9656 1613
conv4 125 -66.50 -66.50 1.00 1.00 89.00 -1.000 -1.000 -0.0000 142900
conv4 126 8.48 39.04 6.91 4.65 174.20 9.950 0.173 0.6745 100
conv4 127 3.50 3.72 8.31 12.91 95.73 422.801 6.520 0.9108 2504
conv4 128 0.23 -0.28 12.80 8.90 30.98 254.263 7.647 0.9310 491
conv4 129 -1.28 -19.97 14.45 23.23 9.06 1777.047 16.829 0.9156 17553
conv4 130 -2.31 3.80 12.41 16.78 43.96 251.127 17.795 0.8607 554
conv4 131 -1.69 -1.37 61.78 40.51 110.64 287.951 -35.857 0.5375 9185
conv4 132 53.55 20.09 31.76 12.61 63.08 714.124 65.633 0.8463 31673
conv4 133 -1.22 -0.14 7.28 5.93 44.41 379.456 0.676 0.9726 510
conv4 134 -8.80 51.72 23.73 8.34 134.06 16.241 3.145 0.3011 991
conv4 135 5.80 -1.89 7.48 8.42 5.48 789.278 9.978 0.9463 1224
conv4 136 4.82 3.07 11.40 19.94 170.37 1110.221 127.951 0.7662 13285
conv4 137 21.37 3.74 17.56 8.87 179.42 687.271 31.045 0.8100 3825
conv4 138 -3.01 -4.21 8.38 11.05 158.33 440.195 27.574 0.8141 2047
conv4 139 -55.43 7.67 22.78 6.32 94.24 677.837 217.889 0.3947 25457
conv4 140 0.34 -10.10 13.80 11.09 94.50 946.055 25.225 0.9317 5640
conv4 141 -29.77 40.05 8.33 28.69 159.97 13.415 0.894 0.7304 195
conv4 142 -2.86 1.71 25.87 9.37 69.28 69.733 2.213 0.8090 336
conv4 143 -0.79 1.49 7.07 8.07 32.10 338.660 2.934 0.9585 612
conv4 144 7.82 -1.18 28.76 12.94 124.63 50.513 15.771 0.5305 1019
conv4 145 -2.71 -1.14 7.03 8.15 157.51 690.420 12.035 0.9492 2085
conv4 146 5.10 -46.00 11.33 30.22 4.75 295.381 37.632 0.7844 5417
conv4 147 0.57 1.19 9.22 8.18 63.38 2491.511 27.957 0.9615 3360
conv4 148 -0.18 -0.49 15.35 7.23 83.39 142.583 2.752 0.8195 181
conv4 149 -1.82 0.52 19.30 11.01 90.04 782.013 22.905 0.9153 1403
conv4 150 -1.38 7.52 31.47 21.73 85.83 454.905 19.474 0.8048 539
conv4 151 3.25 -8.52 12.92 11.22 143.98 3441.666 41.592 0.9688 6356
conv4 152 -1.42 7.26 10.46 6.34 106.53 452.620 0.660 0.9751 753
conv4 153 -6.24 9.40 21.88 15.86 115.82 1083.080 59.272 0.9071 1540
conv4 154 25.38 -25.55 6.57 7.71 178.68 234.345 3.181 0.8737 1607
conv4 155 -7.16 -31.31 10.31 15.46 5.51 1010.309 121.933 0.6997 13227
conv4 156 -12.89 -7.42 37.64 25.90 23.85 270.849 17.707 0.7396 2521
conv4 157 -0.61 -2.64 27.85 34.53 166.26 139.012 -1.690 0.7653 955
conv4 158 -5.51 -21.33 7.87 18.83 176.50 995.338 151.206 0.6177 10711
conv4 159 19.50 0.33 21.55 14.30 16.67 1240.438 61.756 0.9009 1313
conv4 160 -12.75 -46.30 22.27 12.73 50.86 534.682 133.233 0.5683 16190
conv4 161 -1.33 39.46 17.28 29.23 10.04 249.552 28.785 0.7740 3672
conv4 162 -6.09 9.70 10.25 11.99 143.85 3625.495 104.956 0.9297 10697
conv4 163 9.11 15.93 39.78 29.46 162.88 1645.184 170.398 0.5048 20533
conv4 164 -1.50 -9.50 30.70 6.30 92.87 150.292 8.971 0.7416 704
conv4 165 0.12 -0.34 18.86 17.50 69.65 608.013 18.191 0.9108 358
conv4 166 -15.44 -56.43 19.47 7.76 17.45 241.681 28.605 0.6816 3437
conv4 167 -5.23 -9.86 26.15 28.65 7.78 69.016 0.722 0.8409 613
conv4 168 3.15 7.54 34.52 21.17 75.74 87.129 6.347 0.8222 456
conv4 169 3.64 -0.59 35.45 22.19 62.86 52.254 -0.812 0.8323 101
conv4 170 -66.50 -66.50 1.00 1.00 89.00 -1.000 -1.000 0.0000 51228
conv4 171 -1.74 -6.45 33.41 23.98 115.41 168.825 3.376 0.6884 619
conv4 172 -0.86 -0.01 6.61 10.15 26.36 2120.000 19.131 0.9597 4002
conv4 173 29.87 50.59 11.03 22.10 20.54 160.091 11.362 0.8389 4987
conv4 174 -4.98 -3.07 7.88 10.35 123.79 1599.293 5.841 0.9682 1816
conv4 175 -32.60 -14.84 29.91 9.59 51.77 470.345 87.748 0.7259 7124
conv4 176 6.56 10.06 16.58 12.87 57.68 151.635 18.824 0.7577 1062
conv4 177 23.59 -30.30 15.40 10.49 143.16 709.396 175.159 0.4484 26374
conv4 178 0.61 -4.97 9.47 7.67 82.13 652.615 7.324 0.9227 874
conv4 179 3.88 -1.61 5.85 14.87 15.76 346.737 8.132 0.9153 502
conv4 180 1.79 -47.13 15.42 50.55 2.93 420.465 32.877 0.8693 7911
conv4 181 -11.29 -39.23 61.42 14.06 99.10 67.689 3.573 0.5620 745
conv4 182 10.23 1.55 7.89 11.29 168.30 1734.628 25.475 0.9597 5156
conv4 183 -1.59 -33.99 14.09 21.48 175.62 1060.540 32.202 0.9139 11701
conv4 184 -0.51 -0.35 14.93 11.75 129.83 309.030 1.795 0.9641 165
conv4 185 0.35 -16.99 15.73 8.80 123.18 297.219 8.638 0.8275 1096
conv4 186 -8.16 -0.59 10.20 9.12 101.92 2698.819 52.504 0.9243 2309
conv4 187 -61.23 16.01 11.34 31.36 131.15 219.169 24.152 0.6313 1218
conv4 188 0.60 19.69 16.11 14.51 179.09 4623.426 103.224 0.9513 6460
conv4 189 -0.99 -0.74 12.95 9.68 142.29 613.345 190.330 0.4716 10793
conv4 190 -10.14 10.48 13.70 7.49 111.72 348.055 10.034 0.8776 2366
conv4 191 -10.45 38.28 9.88 20.40 170.83 460.768 81.198 0.6734 8882
conv4 192 5.59 -31.68 10.34 24.02 175.24 48.656 2.438 0.7242 845
conv4 193 2.74 -0.21 3.74 12.45 179.85 453.736 3.264 0.9329 555
conv4 194 -0.59 -1.50 8.52 17.18 178.13 195.737 10.649 0.7315 433
conv4 195 1.17 4.38 31.83 19.45 95.11 108.498 2.154 0.8527 610
conv4 196 -0.47 -0.43 13.45 3.23 113.44 6.094 0.139 0.6032 12
conv4 197 -26.50 -22.23 16.77 7.85 77.23 314.065 22.949 0.7762 2815
conv4 198 0.86 -2.69 16.61 8.66 77.41 280.430 3.285 0.9367 379
conv4 199 -2.29 -32.33 45.99 26.22 102.23 40.534 -2.197 0.4047 380
conv4 200 1.91 5.63 10.32 9.56 60.89 1288.758 36.950 0.9383 1869
conv4 201 -4420.20 -4960.69 2185.08 18.08 131.20 105170.969 159.406 0.6822 45640
conv4 202 40.04 45.85 56.02 13.02 102.32 113.721 15.850 0.5976 5183
conv4 203 -0.50 -0.50 9.96 16.42 10.43 16.126 -0.075 0.8892 13
conv4 204 -605.43 -11908.22 13.29 11088.40 93.17 1646.533 531.228 0.3490 149734
conv4 205 -0.36 -15.52 33.78 24.57 93.69 46.872 -1.548 0.6746 544
conv4 206 1.75 -27.72 24.27 15.31 156.00 469.734 1.817 0.8253 2189
conv4 207 11.93 -1.81 14.51 11.22 163.21 1461.498 25.884 0.9409 4205
conv4 208 -1.53 -4.10 5.32 7.51 94.31 181.022 0.191 0.9655 184
conv4 209 -59.86 27.74 16.91 6.83 94.39 63.910 3.432 0.5544 3352
conv4 210 4.82 17.39 55.60 26.21 18.48 289.508 1.188 0.6992 16076
conv4 211 29.92 -28.10 19.22 16.51 44.20 390.544 14.542 0.9045 4805
conv4 212 0.93 26.09 22.50 17.55 98.00 81.910 1.471 0.8197 542
conv4 213 -5.02 -8.50 26.46 36.25 169.34 1714.551 -15.264 0.7358 16484
conv4 214 -1.71 0.53 9.12 10.91 9.52 1745.716 44.382 0.9357 2280
conv4 215 -6.17 32.61 15.49 8.52 81.70 400.200 71.877 0.6035 11675
conv4 216 1.10 22.30 10.42 25.77 170.86 263.611 35.599 0.6618 4276
conv4 217 -10.60 4.58 26.82 20.39 58.95 478.130 40.589 0.8189 2679
conv4 218 0.09 0.53 20.69 12.04 99.51 348.108 15.101 0.7640 316
conv4 219 4.08 -24.64 59.17 26.99 95.77 262.498 16.352 0.7148 3765
conv4 220 -66.50 -66.50 1.00 1.00 89.00 -1.000 -1.000 0.0000 5497
conv4 221 -5.16 -2.99 9.94 10.90 178.82 6032.343 97.352 0.9663 5492
conv4 222 96.57 44.82 12.55 92.17 2.22 667.301 146.926 0.5309 82380
conv4 223 -12.52 2.05 12.46 43.35 179.21 56.768 2.837 0.8363 192
conv4 224 18.02 30.54 50.76 36.43 89.11 144.225 -5.442 0.4569 5597
conv4 225 -66.50 -66.50 1.00 1.00 89.00 -1.000 -1.000 0.0000 2247
conv4 226 -1.36 12.93 13.17 9.49 107.04 1296.139 24.593 0.9109 3506
conv4 227 -2.56 -44.50 22.04 52.46 1.47 1520.505 92.428 0.8094 31540
conv4 228 62.49 5.11 12.93 65.86 17.43 721.576 346.476 0.4408 87980
conv4 229 4.95 6.04 10.11 10.62 138.79 4073.803 46.002 0.9691 3092
conv4 230 55.78 -4.56 46.67 9.24 89.38 725.109 411.014 0.3157 115987
conv4 231 -32.64 11.27 21.30 14.10 112.67 375.856 17.807 0.9098 5359
conv4 232 -66.50 -66.50 1.00 1.00 89.00 -1.000 -1.000 0.0000 15624
conv4 233 2.57 -17.15 52.54 35.11 23.82 263.425 -11.416 0.5129 3593
conv4 234 -1.86 -0.59 12.05 14.48 22.45 974.384 41.139 0.9201 1661
conv4 235 -1.16 -16.13 12.55 7.07 87.57 343.247 3.567 0.8650 500
conv4 236 -2.87 2.90 17.54 13.19 162.27 2013.483 25.488 0.9732 2792
conv4 237 -3.75 1.51 29.67 22.44 34.55 452.859 0.933 0.6687 6502
conv4 238 4.80 7.47 18.52 8.84 120.32 16.131 0.386 0.6677 149
conv4 239 1.26 2.07 13.57 10.24 139.50 501.156 19.992 0.8610 1110
conv4 240 -49.24 -10.85 19.93 8.14 55.78 58.636 2.459 0.6894 1661
conv4 241 -66.50 -66.50 1.00 1.00 89.00 -1.000 -1.000 0.0000 3479
conv4 242 -1.78 -9.96 35.68 22.58 56.56 851.801 90.043 0.7288 12700
conv4 243 -27.14 -26.91 13.88 6.86 29.66 604.217 112.868 0.4362 13993
conv4 244 -66.50 -66.50 1.00 1.00 89.00 -1.000 -1.000 -0.0000 87523
conv4 245 2.29 14.91 12.86 9.23 84.23 1239.522 12.142 0.9439 3080
conv4 246 8.79 31.56 33.74 10.82 97.86 220.196 5.773 0.6445 2425
conv4 247 -0.40 -6.35 10.91 14.77 163.57 2907.352 61.404 0.9613 6246
conv4 248 -1.79 14.22 38.83 28.17 90.36 1123.873 21.838 0.8114 14867
conv4 249 8.74 4.40 9.01 16.55 163.51 474.072 7.007 0.8920 1289
conv4 250 64.70 12.21 92.46 13.94 41.71 211.374 107.905 0.2540 40582
conv4 251 -2.75 -2.77 9.93 5.90 80.43 783.931 2.542 0.9534 1973
conv4 252 5.14 -24.57 8.19 17.04 175.71 384.233 12.796 0.8911 412
conv4 253 48.89 37.84 30.78 9.91 61.16 1006.260 872.791 0.1521 163268
conv4 254 -0.65 -1.64 16.99 32.49 174.03 263.859 11.345 0.7435 4160
conv4 255 -0.29 -1.17 16.78 10.07 102.84 362.144 9.331 0.9135 326
conv5 0 -0.00 10.77 22.72 20.47 43.31 229.020 -0.744 0.9315 3377
conv5 1 0.46 -1.11 26.61 20.59 59.87 7.632 0.155 0.9138 22
conv5 2 -7.57 18.34 21.39 30.41 152.18 54.215 1.188 0.9074 246
conv5 3 24.50 -14.34 10.48 6.47 155.43 44.933 3.556 0.3093 974
conv5 4 0.47 1.27 26.60 21.31 82.63 339.355 13.202 0.9438 933
conv5 5 14.02 13.81 32.78 29.38 60.75 296.284 30.677 0.9070 2146
conv5 6 -25.01 15.52 7.02 6.43 121.48 21.169 0.165 0.9218 125
conv5 7 2.76 -3.10 51.82 24.10 75.22 4.215 -0.117 0.7802 104
conv5 8 0.48 2.26 19.51 18.06 123.02 377.295 3.797 0.9409 3633
conv5 9 2.01 15.56 19.26 22.23 26.04 100.091 -0.665 0.7508 4067
conv5 10 5.13 4.96 33.61 12.78 69.54 28.921 0.397 0.7822 476
conv5 11 7.66 -5.52 17.00 33.11 179.22 54.797 1.764 0.6539 3480
conv5 12 7.19 -15.00 30.08 19.12 164.54 40.919 0.174 0.8117 2529
conv5 13 -5.57 8.32 20.35 13.94 79.93 52.132 0.049 0.8388 1291
conv5 14 -2.45 26.40 26.94 11.92 91.56 20.856 0.487 0.8055 64
conv5 15 -1.02 13.86 21.41 12.55 144.27 143.711 0.006 0.7226 2153
conv5 16 -0.16 29.65 11.74 21.64 158.16 0.675 -0.005 0.7882 7
conv5 17 -1.96 55.53 22.66 10.63 113.26 0.271 -0.001 0.6761 6
conv5 18 -0.72 0.01 37.03 6.36 67.05 24.482 0.380 0.8153 47
conv5 19 2.45 -5.46 10.17 11.76 12.04 13.046 -0.001 0.8297 856
conv5 20 -25.78 24.06 8.81 14.38 158.44 13.606 0.369 0.7126 210
conv5 21 2.55 -7.86 20.67 16.39 88.38 2.744 0.006 0.8512 15
conv5 22 -82.50 -82.50 1.00 1.00 89.00 -1.000 -1.000 -0.0000 100691
conv5 23 -1.15 -7.15 24.57 22.21 135.92 432.871 14.065 0.9551 1984
conv5 24 -2.75 2.37 17.08 34.60 26.88 75.054 5.454 0.8141 4843
conv5 25 1.22 -8.02 55.01 49.90 111.28 39.902 -5.050 0.7848 1720
conv5 26 -5.94 1.02 14.61 28.94 175.35 15.232 0.338 0.8223 1023
conv5 27 1.60 4.85 26.64 15.69 98.09 81.771 0.707 0.9110 970
conv5 28 6.04 0.37 35.03 29.57 64.00 143.459 9.190 0.7942 3375
conv5 29 1.66 1.86 20.31 6.31 137.45 5.888 0.045 0.8190 29
conv5 30 0.11 48.54 23.15 17.45 164.96 14.689 2.800 0.4619 1360
conv5 31 0.23 -6.81 29.15 12.85 100.86 21.172 0.454 0.9013 166
conv5 32 -0.06 4.69 24.81 20.17 33.99 820.096 23.955 0.9582 3826
conv5 33 -1.98 4.04 19.14 11.98 53.89 63.780 0.861 0.8669 909
conv5 34 12.47 10.14 37.72 22.90 154.16 4.348 -0.006 0.7985 65
conv5 35 8.71 -0.18 16.02 32.39 163.95 13.005 0.199 0.6041 820
conv5 36 5.97 -19.37 40.39 25.84 24.82 72.076 6.696 0.7873 2289
conv5 37 -8.04 2.29 15.92 12.01 75.40 93.244 0.626 0.9310 600
conv5 38 5.85 -0.82 5.70 41.78 0.86 2.805 -0.003 0.7875 67
conv5 39 -4.81 29.84 107.63 124.36 110.00 861.180 -478.233 0.4344 34907
conv5 40 -2.69 8.84 31.96 19.33 85.62 1380.878 47.059 0.9523 5293
conv5 41 22.78 -33.57 22.23 38.17 177.55 86.350 2.137 0.7958 1504
conv5 42 -1.72 -45.05 21.66 32.22 4.61 717.803 32.987 0.8821 19955
conv5 43 -3.88 0.87 22.14 12.97 118.18 4.351 0.138 0.7933 132
conv5 44 1.67 2.10 34.15 37.65 135.49 10.348 -0.657 0.8824 263
conv5 45 6.87 23.43 31.48 24.72 53.91 165.668 9.306 0.9356 576
conv5 46 2.60 1.52 34.34 27.68 34.56 48.659 1.004 0.8189 2339
conv5 47 -12.60 -4.89 24.74 23.05 61.73 0.721 -0.007 0.5026 117
conv5 48 4.23 -88.83 127.56 32.74 86.94 58.046 -1.908 0.7389 402
conv5 49 0.02 0.54 19.80 10.17 50.51 156.526 3.714 0.8348 388
conv5 50 -82.50 -82.50 1.00 1.00 89.00 -1.000 -1.000 0.0000 177
conv5 51 -13.37 33.19 14.98 23.07 22.03 1.706 0.054 0.6719 78
conv5 52 0.40 32.58 24.46 20.41 15.23 119.105 1.349 0.9206 629
conv5 53 23.45 -36.71 29.53 76.08 172.58 23.312 1.834 0.6459 1196
conv5 54 -82.50 -82.50 1.00 1.00 89.00 -1.000 -1.000 -0.0000 15733
conv5 55 6.49 4.59 30.03 16.45 93.07 60.716 -0.126 0.5701 3437
conv5 56 -0.67 12.03 23.06 16.05 87.71 52.910 0.545 0.9497 203
conv5 57 -21.36 -65.66 11.13 28.24 15.48 112.276 7.804 0.8412 8837
conv5 58 24.97 -2.88 22.47 16.19 50.20 0.650 0.029 0.5921 58
conv5 59 5.66 -13.23 11.08 12.95 88.15 2.310 -0.003 0.7153 213
conv5 60 -14.09 27.73 13.70 27.07 10.18 408.265 25.489 0.8196 11541
conv5 61 9.21 -14.74 37.49 32.06 82.69 560.064 45.229 0.9209 6504
conv5 62 -2.02 -5.06 22.25 33.56 7.38 457.724 25.898 0.9451 7261
conv5 63 -0.50 -15.50 11.08 1.06 90.00 0.279 -0.000 0.8218 1
conv5 64 -10.12 -27.31 9.85 16.01 10.75 5.261 0.047 0.7951 70
conv5 65 -3.13 -9.38 32.62 18.81 127.25 259.068 9.636 0.8744 3420
conv5 66 8.52 -16.65 4.03 8.98 175.46 29.893 0.018 0.9522 143
conv5 67 6.14 1.68 33.43 17.77 55.63 160.201 6.953 0.8986 4845
conv5 68 5.85 29.34 14.87 20.95 39.51 123.151 2.691 0.8095 4426
conv5 69 15.75 -11.13 9.87 16.86 164.41 115.016 1.063 0.8802 4084
conv5 70 -4.88 4.89 21.48 19.69 63.81 1456.942 44.204 0.9708 4161
conv5 71 5.55 -4.02 21.40 26.02 15.56 232.649 -3.300 0.7739 8304
conv5 72 -4.33 3.02 18.33 19.49 2.01 90.492 0.007 0.9559 290
conv5 73 8.14 12.22 16.63 40.80 5.66 32.847 2.603 0.7870 1448
conv5 74 30.31 -2.68 27.71 63.18 0.31 31.259 0.878 0.8410 1223
conv5 75 2.09 18.81 22.29 16.65 64.50 0.665 0.016 0.5245 56
conv5 76 -0.46 4.22 21.34 22.19 10.03 1527.454 5.279 0.9544 8308
conv5 77 -28.04 7.00 9.65 6.38 71.00 25.207 1.307 0.4320 815
conv5 78 0.38 -25.82 28.29 8.81 94.97 47.447 0.729 0.8741 428
conv5 79 7.98 -6.80 21.71 18.59 67.76 1401.159 4.281 0.9442 16022
conv5 80 -0.78 1.26 21.41 13.37 75.43 237.077 7.185 0.8842 223
conv5 81 -1.08 10.64 41.78 39.06 89.02 355.291 10.965 0.9189 1267
conv5 82 24.87 -6.00 15.60 31.69 179.30 221.119 7.423 0.8945 2209
conv5 83 -5.93 -48.98 19.52 43.89 0.52 1469.956 683.465 0.6716 166122
conv5 84 -3.59 -2.10 15.74 18.30 167.50 841.518 13.689 0.9468 3363
conv5 85 4.41 39.36 27.10 24.58 31.48 1.286 -0.012 0.8175 34
conv5 86 4.05 15.20 7.94 28.51 12.19 13.213 0.139 0.6318 559
conv5 87 0.32 -17.91 44.59 31.67 83.28 47.244 1.237 0.8998 2258
conv5 88 -9.41 -18.04 20.87 16.14 44.77 77.825 1.612 0.9161 548
conv5 89 10.44 -75.93 17.73 139.82 3.85 8.997 0.899 0.6654 6765
conv5 90 -0.37 -3.19 34.77 20.70 81.15 9.916 0.039 0.8525 43
conv5 91 15.81 30.23 20.78 39.50 7.60 435.325 37.559 0.9042 4008
conv5 92 12.72 8.01 15.66 10.06 47.14 34.825 0.514 0.9193 414
conv5 93 27.29 -18.90 26.75 6.47 72.91 0.103 0.000 0.5102 5
conv5 94 -7.07 26.76 27.46 39.64 166.50 109.001 6.935 0.9058 820
conv5 95 -5.56 -61.80 9.95 18.13 158.42 23.190 1.847 0.7276 1290
conv5 96 12.14 8.62 23.12 13.49 19.70 4.419 0.138 0.6388 124
conv5 97 -26.51 17.49 36.14 25.78 149.39 26.862 0.278 0.8656 70
conv5 98 2.51 16.72 8.04 15.12 9.06 35.450 0.793 0.8228 705
conv5 99 29.88 -0.46 2.55 21.74 22.50 0.526 0.006 0.5064 17
conv5 100 19.22 21.31 23.94 25.38 57.78 230.031 23.478 0.8744 2670
conv5 101 -12.22 -14.35 11.93 7.85 36.22 40.527 1.252 0.7648 486
conv5 102 0.88 19.17 19.86 17.89 67.00 99.194 1.196 0.8956 1158
conv5 103 9.81 -23.71 10.35 14.51 143.53 141.111 11.435 0.6918 7652
conv5 104 0.05 -25.40 24.12 13.40 170.25 2.293 0.026 0.6614 110
conv5 105 0.48 1.12 20.29 12.48 177.52 45.352 16.614 0.5013 10387
conv5 106 -82.50 -82.50 1.00 1.00 89.00 -1.000 -1.000 -0.0000 183139
conv5 107 -18.89 -6.16 51.45 36.55 10.09 8.821 -0.480 0.2642 270
conv5 108 -0.35 -4.42 36.54 17.01 89.73 107.167 1.185 0.8620 145
conv5 109 0.98 14.34 4.14 6.92 29.84 2.078 0.003 0.7453 25
conv5 110 6.73 -47.30 37.98 18.12 160.08 487.603 29.830 0.8872 17315
conv5 111 -6.38 -23.21 33.70 41.08 28.40 1210.604 33.456 0.9575 17655
conv5 112 2.59 12.07 23.64 19.11 24.73 1007.076 18.903 0.9432 3757
conv5 113 -36.97 -3.89 20.67 25.50 168.86 48.350 4.160 0.7404 385
conv5 114 3.49 -4.53 13.17 21.43 9.40 385.109 -1.404 0.9364 2845
conv5 115 -1.12 -1.84 14.21 23.23 162.87 21.015 0.493 0.7008 917
conv5 116 -10.08 23.87 14.54 19.83 164.80 1.970 0.046 0.5890 40
conv5 117 8.25 -22.85 20.60 30.58 12.14 40.208 0.572 0.8962 429
conv5 118 2.98 19.53 28.77 21.08 103.11 10.548 0.131 0.8773 62
conv5 119 -81.50 -81.50 40.75 32.60 90.00 0.000 0.000 nan 0
conv5 120 0.68 2.08 12.82 9.49 76.95 28.652 0.222 0.8821 566
conv5 121 -1.48 1.82 21.83 15.85 66.38 750.596 9.593 0.9465 3622
conv5 122 21.44 7.50 34.19 19.69 72.21 61.983 1.116 0.5660 9846
conv5 123 -9.52 6.05 20.38 29.71 169.78 403.625 6.353 0.7851 9296
conv5 124 -5.70 -71.62 14.29 49.00 24.18 5.435 0.242 0.7177 233
conv5 125 14.64 -30.77 23.70 32.50 156.37 640.509 21.881 0.9366 46490
conv5 126 2.84 -13.25 50.63 41.25 89.94 1094.749 -113.075 0.7040 46443
conv5 127 21.98 7.53 19.93 14.43 6.24 10.764 0.050 0.6068 202
conv5 128 30.00 -30.97 5.72 11.51 89.96 0.306 -0.000 0.7721 7
conv5 129 -9.75 24.68 15.91 17.93 128.20 65.294 0.866 0.9120 141
conv5 130 -0.89 29.09 22.07 2.56 112.52 0.955 0.002 0.6501 27
conv5 131 14.78 -15.54 5.88 11.29 68.86 0.419 -0.001 0.7851 6
conv5 132 63.28 53.26 17.08 7.64 51.27 29.220 8.532 0.2303 2168
conv5 133 0.32 2.01 21.65 10.60 162.17 45.537 0.595 0.8129 1654
conv5 134 -0.36 32.22 22.82 22.05 69.07 209.412 7.364 0.9146 493
conv5 135 -0.49 -0.27 36.81 4.59 112.42 4.840 -0.013 0.8631 9
conv5 136 7.11 -3.02 26.52 20.96 73.91 154.394 1.221 0.8519 7308
conv5 137 10.29 0.28 16.51 20.63 167.99 578.772 1.158 0.8764 7408
conv5 138 3.37 -0.51 27.67 41.99 39.45 92.263 0.495 0.6288 6582
conv5 139 1.74 -5.93 36.09 29.06 52.09 247.083 3.066 0.9407 2355
conv5 140 -12.11 -3.05 39.31 30.57 35.87 2.170 -0.086 0.8758 9
conv5 141 43.43 6.59 20.89 35.99 0.46 22.436 3.920 0.8066 1487
conv5 142 4.35 4.49 19.56 17.66 92.22 2175.104 5.379 0.9727 8230
conv5 143 40.08 19.27 20.82 16.52 42.35 633.767 93.025 0.6482 20727
conv5 144 2.92 4.09 12.07 18.37 143.34 56.100 1.451 0.8833 405
conv5 145 -0.14 1.98 17.64 28.34 13.18 327.828 0.958 0.9064 10390
conv5 146 -12.20 4.57 13.29 13.04 93.75 218.182 4.919 0.9113 1372
conv5 147 1.67 6.59 8.88 6.37 102.35 1.155 0.009 0.5384 29
conv5 148 -1.42 0.79 7.26 20.55 3.12 11.313 0.104 0.7984 87
conv5 149 -38.06 58.16 13.92 40.95 32.82 66.759 60.180 0.1650 56821
conv5 150 2.38 -0.66 26.96 16.28 123.87 15.718 0.001 0.7994 262
conv5 151 2.83 0.76 21.70 11.25 149.00 10.801 0.573 0.7196 256
conv5 152 -4.84 -20.79 67.32 32.25 87.26 72.260 6.312 0.8164 522
conv5 153 1.98 22.77 29.58 20.19 94.33 66.678 1.116 0.9038 223
conv5 154 -82.50 -82.50 1.00 1.00 89.00 -1.000 -1.000 0.0000 272
conv5 155 0.68 10.77 22.86 17.13 82.14 231.693 3.443 0.9273 881
conv5 156 -5.84 27.83 26.70 19.91 0.20 103.339 2.110 0.9496 394
conv5 157 -0.26 -3.42 17.93 14.97 88.42 620.489 10.995 0.9322 1492
conv5 158 4034.95 -54.80 20.52 2051.19 1.76 3384.460 396.885 0.3312 179463
conv5 159 -27.17 4.75 12.08 6.17 97.94 27.411 0.437 0.7211 390
conv5 160 -7.51 -0.19 14.28 26.03 1.03 95.458 -0.132 0.9622 406
conv5 161 11.49 -0.28 9.78 28.17 175.79 260.127 58.324 0.5812 25118
conv5 162 -61.80 4.74 37.88 12.64 91.78 363.417 243.442 0.4593 70748
conv5 163 16.94 -16.73 10.22 4.38 117.91 0.424 -0.000 0.8157 9
conv5 164 -13.21 -4.87 55.40 40.25 38.65 113.016 11.131 0.5282 9574
conv5 165 54.01 6.19 24.74 12.53 101.39 184.319 43.698 0.5388 25586
conv5 166 10.34 -19.08 10.66 18.00 130.79 140.053 2.784 0.7039 3058
conv5 167 -35.43 51.81 19.47 12.73 27.51 79.918 14.304 0.4704 12955
conv5 168 3.72 -14.25 19.76 17.46 41.25 292.785 2.963 0.8959 11470
conv5 169 0.20 -49.25 23.41 36.53 94.65 3.625 -0.087 0.8674 11
conv5 170 0.92 2.67 14.17 17.36 12.68 1637.011 10.055 0.9787 5101
conv5 171 30.06 -0.52 22.21 4.68 67.47 0.024 -0.000 0.7861 1
conv5 172 10.25 -15.06 19.20 10.26 140.47 144.384 1.819 0.8868 2719
conv5 173 3.16 16.97 20.63 22.43 15.92 78.131 0.833 0.9345 708
conv5 174 0.13 29.66 11.51 5.87 13.49 13.552 0.163 0.7429 294
conv5 175 4.79 -21.42 24.22 13.76 97.98 8.579 0.016 0.8735 150
conv5 176 -13.16 3.27 18.08 13.15 114.58 0.699 0.003 0.7021 35
conv5 177 -8.27 -8.79 11.03 15.28 140.40 4.829 0.073 0.6943 713
conv5 178 -1.37 -6.09 12.66 41.70 12.18 0.527 0.013 0.5353 43
conv5 179 -11.19 -28.79 82.90 64.86 92.91 55.983 -12.358 0.6149 2564
conv5 180 2.87 18.39 8.07 12.33 51.86 2.097 0.003 0.5369 132
conv5 181 4.13 42.64 30.31 16.73 75.49 5.898 0.086 0.8698 19
conv5 182 10.02 -2.46 14.39 34.88 179.28 398.457 3.739 0.8805 10072
conv5 183 31.27 -17.38 43.81 61.20 163.76 17.476 -1.039 0.7063 485
conv5 184 -0.53 -30.87 22.32 4.70 67.81 0.476 -0.001 0.7780 3
conv5 185 26.21 -16.12 8.11 16.92 163.65 57.007 1.992 0.8098 1233
conv5 186 -19.50 2.63 20.08 10.50 142.14 4.200 0.078 0.8316 72
conv5 187 39.12 -36.76 21.69 12.52 135.38 11.647 0.415 0.7998 613
conv5 188 8.57 -16.79 41.44 26.49 100.59 7.041 0.188 0.6522 501
conv5 189 -2.31 -3.64 37.51 28.30 94.36 566.634 17.125 0.8825 6138
conv5 190 0.47 -4.24 16.15 21.54 179.70 1017.702 -1.492 0.9322 8066
conv5 191 4.85 17.47 22.78 15.82 83.10 110.477 0.802 0.9000 931
conv5 192 -4.13 -18.48 38.21 30.18 81.43 105.510 0.729 0.9318 349
conv5 193 14.41 5.05 12.63 5.59 67.51 0.099 0.000 0.2252 11
conv5 194 -3.60 0.70 26.97 36.75 9.73 832.089 10.337 0.8041 30983
conv5 195 -1.07 10.27 30.05 25.26 64.19 186.375 5.114 0.9517 896
conv5 196 9.21 -16.05 1.98 9.25 0.31 1.495 0.001 0.8415 15
conv5 197 3.20 -9.66 14.99 16.31 168.51 57.219 0.851 0.8956 1076
conv5 198 45.15 -27.84 47.29 22.71 61.94 0.412 -0.007 0.5353 31
conv5 199 -30.42 -7.78 29.67 9.29 19.55 0.627 0.015 0.7178 12
conv5 200 -1.21 -7.83 12.29 10.89 105.37 27.536 0.146 0.8798 844
conv5 201 5.82 24.85 8.70 34.01 0.68 43.042 1.048 0.5026 1981
conv5 202 -0.13 25.88 10.91 5.39 85.78 1.376 0.002 0.8232 34
conv5 203 1.80 -39.79 35.83 32.40 160.85 4.275 0.252 0.5750 727
conv5 204 1.88 -7.74 19.12 30.58 163.38 604.826 3.340 0.8538 13697
conv5 205 0.97 -2.53 13.09 15.93 62.15 445.207 13.737 0.8923 801
conv5 206 1.43 5.06 29.13 17.48 84.44 269.494 -0.284 0.9208 6990
conv5 207 24.34 19.30 12.70 6.42 65.28 18.605 0.078 0.8662 370
conv5 208 -41.05 5.79 22.34 35.94 158.69 0.277 -0.006 0.6761 47
conv5 209 -36.74 2.94 21.73 33.55 168.26 29.646 0.217 0.9198 92
conv5 210 -2.15 -64.74 11.73 36.67 178.48 276.670 47.585 0.7720 24326
conv5 211 0.88 8.60 20.07 8.05 91.18 413.149 4.502 0.8813 1807
conv5 212 8.64 -19.32 9.83 32.63 172.04 60.390 0.097 0.6662 2706
conv5 213 6.65 5.30 19.17 21.00 22.91 319.452 2.086 0.8992 5475
conv5 214 -0.75 -11.50 21.38 12.35 94.42 301.341 8.298 0.9005 2272
conv5 215 3.82 -7.61 18.74 29.71 173.27 44.026 1.139 0.7807 1650
conv5 216 12.25 -1.54 13.93 30.11 164.92 264.761 0.685 0.7206 5991
conv5 217 -0.48 30.06 22.21 4.68 157.47 0.433 -0.001 0.7861 1
conv5 218 8.28 -57.48 12.08 26.90 174.43 250.713 24.232 0.7438 18377
conv5 219 26.07 2.10 8.07 12.26 70.90 56.604 0.297 0.9338 608
conv5 220 6.50 -11.17 18.25 21.66 1.84 3.760 0.165 0.6098 313
conv5 221 7.29 36.54 32.53 22.32 74.49 4.289 0.023 0.8122 121
conv5 222 -16.62 20.76 20.15 34.69 162.84 5.714 0.441 0.6805 137
conv5 223 -82.50 -82.50 1.00 1.00 89.00 -1.000 -1.000 0.0000 2305
conv5 224 -20.41 17.52 29.72 10.27 119.25 1.695 0.035 0.5416 63
conv5 225 6.70 6.84 22.40 20.71 51.54 461.146 12.461 0.9655 1554
conv5 226 -5.23 -5.99 10.72 17.99 32.78 124.635 1.961 0.8242 6341
conv5 227 2.43 -8.90 16.68 28.43 1.65 1021.241 -7.892 0.8938 16325
conv5 228 15.71 -8.75 10.98 6.12 90.05 39.608 0.415 0.8182 657
conv5 229 -0.53 -2.06 27.32 20.87 121.09 71.073 0.875 0.9079 186
conv5 230 -40.18 27.53 12.69 19.48 144.87 129.240 11.237 0.8249 7908
conv5 231 16.02 8.81 9.48 6.68 28.44 10.914 0.053 0.8015 220
conv5 232 -0.35 14.67 27.05 8.54 87.83 336.366 1.346 0.8993 3049
conv5 233 0.38 -42.06 37.73 25.53 101.57 4.174 0.031 0.8600 42
conv5 234 -4.08 22.11 17.28 11.49 4.02 8.315 0.745 0.5575 687
conv5 235 13.27 1.20 12.05 1.71 44.86 0.554 0.002 0.4664 10
conv5 236 5.79 7.39 16.28 12.62 15.39 37.346 1.032 0.8315 2206
conv5 237 -6.70 15.71 13.26 16.85 5.50 26.060 0.546 0.8987 1324
conv5 238 -0.95 -0.82 9.49 31.21 165.61 43.857 0.725 0.8549 117
conv5 239 4.35 6.30 14.04 16.26 167.26 93.140 2.078 0.9169 421
conv5 240 20.96 -56.50 80.22 57.65 111.80 18.623 -2.322 0.6461 241
conv5 241 7.78 -39.48 27.51 35.86 18.84 33.922 1.132 0.8311 248
conv5 242 4.32 1.62 12.19 18.01 6.23 145.021 1.133 0.9387 742
conv5 243 2.84 7.08 25.38 29.17 27.57 201.584 2.976 0.9208 587
conv5 244 -2.21 14.02 38.66 31.92 19.16 348.656 24.488 0.8977 1067
conv5 245 -1.89 -7.30 17.44 23.17 20.48 555.368 7.054 0.9619 2307
conv5 246 -0.66 -0.47 6.00 13.93 178.18 6.339 0.033 0.7159 32
conv5 247 14.13 6.72 18.31 10.94 34.76 3.343 0.044 0.7086 143
conv5 248 14.40 -24.77 16.13 10.41 23.52 27.356 0.226 0.7907 1903
conv5 249 5.07 0.72 15.15 19.57 38.09 12.039 0.028 0.6928 543
conv5 250 -19.37 10.04 9.42 10.85 141.66 130.325 1.074 0.9299 1364
conv5 251 -4.68 16.62 46.88 20.97 99.15 12.749 0.237 0.5311 440
conv5 252 4.77 -6.43 31.55 28.98 43.41 195.606 2.464 0.9641 1423
conv5 253 -1.54 -7.07 49.93 45.27 130.76 246.686 -11.801 0.8837 730
conv5 254 -3.06 1.44 19.12 21.11 125.86 228.425 1.551 0.8845 7508
conv5 255 -1.38 -0.41 14.28 18.47 154.94 69.999 0.250 0.9440 172
