conv1 0 -1.55 0.94 1.57 3.28 4.64 244 -6.50 -6.50 -1.00 -1.00 -1.00 21092
conv1 1 -0.95 -0.38 1.95 4.49 6.18 13578 -6.50 -6.50 -1.00 -1.00 -1.00 18396
conv1 2 0.76 0.58 1.56 3.40 5.17 401 -0.37 -0.40 2.09 4.33 6.24 3958
conv1 3 0.15 -0.20 1.74 3.76 5.46 2185 0.15 -0.20 1.74 3.76 5.46 2842
conv1 4 -0.88 -0.24 2.06 4.19 5.65 103 -6.50 -6.50 -1.00 -1.00 -1.00 35118
conv1 5 -0.34 -0.15 2.65 4.37 5.81 627 -0.34 -0.15 2.65 4.37 5.81 569
conv1 6 0.12 -0.32 1.60 3.58 5.43 433 0.51 -0.80 1.65 3.85 5.57 525
conv1 7 -0.26 -0.29 2.14 3.95 5.67 147 -6.50 -6.50 -1.00 -1.00 -1.00 34830
conv1 8 -6.50 -6.50 -1.00 -1.00 -1.00 36189 -3.59 -2.77 1.12 1.68 2.52 10
conv1 9 -0.01 -0.34 1.72 3.87 5.50 2553 -0.02 -0.09 1.63 3.86 5.64 3774
conv1 10 -0.16 -1.20 1.69 3.73 5.71 1038 -0.16 -1.20 1.69 3.73 5.71 1111
conv1 11 0.12 -0.32 1.60 3.58 5.43 462 0.51 -0.80 1.65 3.85 5.57 694
conv1 12 -1.46 -0.98 1.76 3.67 5.41 1119 -1.46 -0.98 1.76 3.67 5.41 1366
conv1 13 -0.12 0.53 1.38 3.39 5.03 866 -0.12 0.53 1.38 3.39 5.03 963
conv1 14 -0.50 1.00 1.50 3.35 4.72 613 -0.70 1.02 1.53 3.53 4.83 776
conv1 15 -1.10 0.22 2.62 4.41 5.82 23 -6.50 -6.50 -1.00 -1.00 -1.00 35903
conv1 16 -0.42 -0.38 2.09 4.18 5.83 2868 -0.47 -0.40 2.10 4.18 5.81 3321
conv1 17 -0.24 -0.60 2.45 4.29 5.79 568 -0.24 -0.60 2.45 4.29 5.79 537
conv1 18 0.44 0.04 1.74 3.59 5.34 1195 0.41 -0.33 1.83 3.78 5.29 1570
conv1 19 0.23 -1.23 1.30 3.23 5.27 34 -6.50 -6.50 -1.00 -1.00 -1.00 36086
conv1 20 -0.50 -0.50 2.24 4.24 5.83 290 -0.58 -0.40 2.09 4.23 5.81 4643
conv1 21 -6.50 -6.50 -1.00 -1.00 -1.00 17941 -6.50 -6.50 -1.00 -1.00 -1.00 18163
conv1 22 -0.50 -0.52 2.00 4.13 5.64 2338 -0.50 -0.52 2.00 4.13 5.64 3477
conv1 23 -0.09 -0.24 1.76 3.77 5.41 493 -0.09 -0.24 1.76 3.77 5.41 552
conv1 24 -0.50 -0.50 1.00 2.24 4.12 619 -0.21 0.00 1.38 2.60 4.51 793
conv1 25 -1.40 0.70 1.36 3.01 4.32 1358 -1.30 0.69 1.22 2.91 4.26 1579
conv1 26 -0.65 -1.04 1.93 4.15 5.89 117 -6.50 -6.50 -1.00 -1.00 -1.00 35489
conv1 27 -0.56 -0.32 2.05 4.11 5.58 3138 -0.54 -0.35 2.04 4.12 5.58 4160
conv1 28 -0.62 -0.33 2.06 4.20 5.84 1557 -0.62 -0.33 2.06 4.20 5.84 2737
conv1 29 -1.26 -0.42 1.94 4.08 5.78 839 -1.15 -0.36 1.77 4.09 5.81 2837
conv1 30 -0.58 -0.50 1.92 4.04 5.72 891 -0.55 -0.47 1.97 4.08 5.64 1383
conv1 31 -0.76 1.65 1.18 2.86 4.22 153 -6.50 -6.50 -1.00 -1.00 -1.00 34710
conv1 32 -0.84 -0.93 1.71 4.13 5.79 936 -0.84 -0.93 1.71 4.13 5.79 1127
conv1 33 0.27 0.18 1.69 3.54 5.40 2035 0.44 0.17 1.67 3.67 5.46 2469
conv1 34 0.91 -1.15 1.55 3.50 5.54 1842 0.91 -1.15 1.55 3.50 5.54 2072
conv1 35 0.54 0.25 1.97 4.36 6.24 256 -6.50 -6.50 -1.00 -1.00 -1.00 32746
conv1 36 -6.50 -6.50 -1.00 -1.00 -1.00 15710 -6.50 -6.50 -1.00 -1.00 -1.00 18255
conv1 37 -6.50 -6.50 -1.00 -1.00 -1.00 36217 -0.50 -0.50 1.00 2.83 4.24 8
conv1 38 -0.16 -1.05 2.38 4.20 5.55 448 -0.26 -0.69 2.21 4.29 5.80 1821
conv1 39 -0.67 -1.13 1.64 3.88 5.38 160 -6.50 -6.50 -1.00 -1.00 -1.00 33715
conv1 40 -6.50 -6.50 -1.00 -1.00 -1.00 16239 -0.33 -0.70 1.84 4.23 6.15 9878
conv1 41 0.76 -0.31 1.50 3.44 5.10 1070 0.76 -0.31 1.50 3.44 5.10 1156
conv1 42 -1.09 -0.31 2.23 4.11 5.59 337 -0.50 -0.13 2.03 4.05 5.52 1419
conv1 43 -0.40 -0.76 1.67 3.91 5.77 499 -0.40 -0.76 1.67 3.91 5.77 602
conv1 44 -0.51 -0.24 2.01 4.08 5.71 270 -0.58 -0.38 2.08 4.28 6.26 8660
conv1 45 -2.33 0.20 1.37 3.26 4.70 189 -6.50 -6.50 -1.00 -1.00 -1.00 34896
conv1 46 -1.40 -0.50 1.34 3.06 4.22 253 -6.50 -6.50 -1.00 -1.00 -1.00 19283
conv1 47 -0.47 -0.95 2.51 4.56 6.00 639 -0.47 -0.95 2.51 4.56 6.00 586
conv1 48 -0.97 0.98 1.57 3.55 4.96 1206 -0.97 0.98 1.57 3.55 4.96 1815
conv1 49 -0.77 -0.63 1.93 4.14 5.56 545 -0.48 -0.34 2.02 4.28 5.90 4233
conv1 50 -1.12 -0.32 1.60 3.58 5.43 412 -1.12 -0.32 1.60 3.58 5.43 581
conv1 51 -6.50 -6.50 -1.00 -1.00 -1.00 17567 -6.50 -6.50 -1.00 -1.00 -1.00 18195
conv1 52 -6.50 -6.50 -1.00 -1.00 -1.00 17744 -6.50 -6.50 -1.00 -1.00 -1.00 18050
conv1 53 -6.50 -6.50 -1.00 -1.00 -1.00 18095 -6.50 -6.50 -1.00 -1.00 -1.00 18098
conv1 54 -0.63 0.12 1.63 3.79 5.24 1004 -0.63 0.12 1.63 3.79 5.24 1195
conv1 55 -0.82 -0.99 1.75 4.19 5.85 1386 -0.82 -0.99 1.75 4.19 5.85 1669
conv1 56 -0.65 -0.51 2.72 4.36 5.75 537 -0.60 -0.16 2.52 4.43 5.75 741
conv1 57 -0.21 -0.53 1.99 4.03 5.66 578 -0.50 -0.50 2.00 4.12 5.66 694
conv1 58 -0.45 0.27 2.01 4.05 5.79 1496 -6.50 -6.50 -1.00 -1.00 -1.00 18389
conv1 59 -0.50 -0.29 2.21 4.18 5.51 443 -0.28 -0.52 2.17 4.22 5.70 1053
conv1 60 -0.30 -0.06 1.85 4.06 5.57 3132 -0.22 -0.23 1.81 4.10 5.74 4065
conv1 61 0.30 -0.28 2.23 4.27 5.78 893 -0.09 -0.13 2.09 4.31 5.85 4604
conv1 62 -0.15 -0.34 2.65 4.37 5.81 639 -0.15 -0.34 2.65 4.37 5.81 520
conv1 63 -0.86 0.02 1.73 4.24 5.81 3505 -0.86 0.02 1.73 4.24 5.81 3692
conv2 0 -7.52 3.57 8.13 15.60 21.30 2557 1.55 -1.46 10.08 17.75 24.03 8171
conv2 1 -0.50 0.14 5.22 11.12 16.30 191 -3.32 -0.16 5.87 14.02 20.44 1416
conv2 2 -18.70 2.47 4.20 10.11 19.12 2378 -0.85 -0.79 8.06 18.39 26.00 4102
conv2 3 0.55 -2.06 5.52 13.01 20.95 602 -1.40 -1.47 9.75 20.88 28.93 31716
conv2 4 -6.29 -9.01 5.77 14.29 26.55 2548 0.45 5.82 6.44 15.52 23.53 8374
conv2 5 -0.19 1.37 9.28 20.31 28.31 14518 -0.98 -5.15 7.87 17.82 25.70 1177
conv2 6 -26.50 -26.50 -1.00 -1.00 -1.00 0 -0.57 0.43 8.29 19.73 28.21 33982
conv2 7 -0.69 -3.05 10.33 19.71 26.91 3264 -0.96 -0.59 9.10 20.15 28.47 16690
conv2 8 -1.56 -8.73 7.20 15.41 22.21 549 -2.04 -3.09 5.56 12.64 20.77 1444
conv2 9 3.54 -3.77 7.46 16.99 25.81 594 -0.64 -0.99 9.48 21.12 28.73 29142
conv2 10 -3.98 -3.30 7.35 18.65 27.71 2913 -3.29 2.83 7.37 17.19 25.95 4821
conv2 11 -1.49 -8.87 5.46 11.36 16.40 718 0.49 -0.01 9.57 20.54 28.66 30985
conv2 12 7.00 -6.36 6.82 14.02 22.01 288 -2.30 -0.64 7.52 17.74 25.33 2531
conv2 13 -0.60 -0.12 8.11 21.09 28.46 6469 -0.91 -1.95 7.03 15.96 24.53 1280
conv2 14 -9.14 -4.25 7.26 16.84 27.25 5113 3.51 5.02 7.50 18.30 28.75 9824
conv2 15 0.63 -0.37 9.91 20.42 27.04 6433 -3.60 -4.33 6.69 16.62 26.31 2707
conv2 16 -1.80 -1.70 7.36 17.51 25.30 1425 -2.81 5.02 6.49 14.78 21.46 1128
conv2 17 0.38 0.91 10.97 21.75 28.60 10467 2.24 -1.28 6.34 14.84 25.62 3294
conv2 18 -0.36 0.48 19.62 24.15 29.94 11818 1.57 -2.90 7.09 16.27 23.94 6236
conv2 19 -0.69 -1.36 8.41 19.75 27.89 9817 1.42 0.69 4.95 12.23 21.01 3698
conv2 20 -0.18 -1.85 10.15 21.17 29.13 28332 -3.02 -0.59 6.80 15.51 24.29 1580
conv2 21 15.68 -2.06 4.54 9.81 19.56 4814 -2.62 -3.09 6.29 15.29 22.81 7428
conv2 22 -3.42 0.80 9.24 19.72 27.57 2965 -0.57 -4.12 6.39 17.27 28.57 1719
conv2 23 -4.02 0.12 6.56 15.36 23.61 2715 -0.95 0.45 8.80 20.11 27.86 3052
conv2 24 -4.86 18.17 3.73 9.67 17.54 3613 -0.46 -4.42 7.26 16.31 24.79 4884
conv2 25 1.34 -1.41 8.42 18.93 26.42 4837 5.31 1.72 5.26 13.00 20.19 2147
conv2 26 -2.37 0.54 17.81 23.36 29.45 3921 -3.01 -4.34 7.18 16.32 23.80 7246
conv2 27 -1.36 -0.69 8.48 19.70 27.25 2145 -1.81 3.64 6.17 15.31 23.25 2915
conv2 28 6.79 8.14 9.38 15.82 27.67 134 -0.78 -0.91 8.94 19.72 27.49 29506
conv2 29 0.81 1.72 8.86 18.24 25.45 2283 -2.52 1.94 8.00 16.35 27.54 1359
conv2 30 1.84 -1.36 8.42 18.61 25.84 501 -2.15 -0.37 9.10 19.32 27.18 3773
conv2 31 -2.08 0.66 6.58 16.44 23.32 1232 -3.32 -2.83 6.73 16.65 25.27 2797
conv2 32 0.76 -1.56 8.25 18.66 27.14 1766 -0.66 0.18 8.16 19.25 28.33 8972
conv2 33 -8.71 -12.00 5.24 12.59 18.26 81 -0.93 -0.27 8.46 19.78 28.25 33603
conv2 34 -0.63 -1.96 9.21 20.55 28.33 4163 -1.61 2.25 6.31 15.85 23.12 1437
conv2 35 -1.71 -5.74 7.25 17.85 25.44 309 -2.17 1.39 7.00 15.96 23.18 2767
conv2 36 4.89 5.90 11.69 18.41 26.14 630 0.68 0.42 7.87 18.56 27.52 5830
conv2 37 5.98 5.34 6.32 14.37 21.89 452 -0.23 2.24 7.92 17.69 26.77 5190
conv2 38 -2.93 5.33 8.08 18.52 28.46 10694 -1.07 -2.29 6.97 17.44 25.08 2215
conv2 39 2.55 -7.09 5.29 12.03 18.50 1585 -0.92 0.18 8.73 20.23 28.18 23825
conv2 40 5.58 16.02 4.06 10.19 15.95 1420 -1.49 4.55 7.12 15.70 22.97 2435
conv2 41 -1.24 0.01 13.79 22.24 29.20 15578 0.09 -0.32 5.41 12.15 17.69 3680
conv2 42 -1.54 -1.25 7.51 17.64 25.83 3610 2.78 0.83 8.01 17.05 24.28 2148
conv2 43 -1.54 -4.47 8.97 17.90 25.28 498 -1.54 -0.32 7.09 16.81 23.82 1810
conv2 44 1.40 -2.15 5.42 12.73 24.33 2075 -0.58 -1.99 10.09 20.23 28.65 14720
conv2 45 -0.70 -2.04 12.17 22.05 29.45 22036 0.53 3.01 6.80 16.31 24.49 3478
conv2 46 7.43 -7.44 7.30 16.54 25.96 1952 -0.12 -1.08 6.85 16.62 24.82 2499
conv2 47 0.38 -0.13 7.67 18.12 25.11 2682 -3.40 -2.33 6.15 14.07 21.98 3418
conv2 48 16.39 1.78 2.98 6.92 9.91 1455 0.05 0.99 7.85 18.08 25.58 3003
conv2 49 -2.31 2.46 6.31 15.95 26.34 1107 -1.03 1.63 7.73 14.41 21.87 2765
conv2 50 1.23 7.02 4.97 12.16 17.97 1282 0.44 -0.11 7.73 18.88 26.08 5645
conv2 51 -1.41 -0.96 8.29 20.57 28.79 10666 -3.17 -1.10 7.58 17.24 25.51 4085
conv2 52 7.44 -1.29 7.26 14.72 21.83 1113 3.78 -2.10 7.84 17.65 24.83 2577
conv2 53 5.73 2.20 8.10 17.74 26.55 6123 -4.46 -0.41 6.64 15.10 22.79 2856
conv2 54 -0.67 2.72 6.95 15.89 23.19 1288 -0.14 -0.90 8.44 20.72 28.64 14701
conv2 55 -1.18 0.50 8.17 19.14 28.23 15347 0.80 -2.60 6.33 14.91 23.06 1226
conv2 56 -2.72 -1.46 7.57 16.47 23.65 518 -0.47 -1.03 8.36 18.80 26.54 10824
conv2 57 0.20 12.34 5.61 13.61 22.55 3497 -0.14 -12.68 6.05 13.69 23.01 8835
conv2 58 -1.09 0.70 8.54 19.02 26.83 1808 -5.07 0.53 6.19 14.09 22.03 2186
conv2 59 -2.07 -2.26 12.89 22.68 29.94 18068 1.58 1.96 6.11 13.93 22.88 4538
conv2 60 2.06 -1.49 9.22 18.65 26.16 2351 2.66 -9.02 6.62 14.60 21.85 2763
conv2 61 -1.91 1.74 8.88 19.95 26.83 351 0.93 -0.07 6.45 14.44 22.86 5609
conv2 62 -5.83 1.21 7.06 17.10 25.04 8604 5.47 -4.43 11.07 19.70 30.31 6236
conv2 63 7.75 2.49 8.40 19.06 33.23 10778 -6.45 -2.94 7.08 16.39 23.77 4935
conv2 64 3.89 -3.51 8.44 19.74 28.81 8847 -4.58 5.72 5.69 12.60 19.94 3953
conv2 65 0.92 -0.78 7.12 16.91 24.70 1174 -3.50 1.56 7.26 17.15 25.21 3738
conv2 66 -0.35 -6.91 7.50 16.05 24.42 687 0.09 0.50 8.42 19.36 26.38 3172
conv2 67 0.05 -1.21 11.16 22.33 29.38 16865 -3.36 4.97 7.53 16.49 25.10 2808
conv2 68 -2.89 -0.22 7.75 19.06 26.99 5749 -4.81 -1.74 5.38 12.31 18.48 2884
conv2 69 -2.53 2.85 7.71 17.95 26.11 1749 1.93 -1.22 7.63 17.78 24.67 4590
conv2 70 0.23 -0.44 10.18 20.34 27.79 9266 -0.52 -0.48 5.36 11.68 17.00 1977
conv2 71 -4.94 -17.12 3.81 8.88 16.82 2721 -1.04 3.59 6.55 15.38 24.48 4421
conv2 72 -0.06 -0.24 7.22 16.32 22.91 1473 -4.54 -1.56 7.28 17.21 25.17 2800
conv2 73 -4.95 -0.45 10.25 19.56 28.56 8966 2.33 -2.82 6.95 17.16 25.41 5433
conv2 74 -1.79 0.58 8.34 18.15 26.31 179 -0.35 -0.63 9.41 20.51 28.49 32541
conv2 75 -6.63 6.11 7.97 17.35 25.55 3603 -0.66 3.89 6.96 16.20 24.41 4153
conv2 76 0.25 2.22 7.77 17.73 26.40 5173 4.41 -1.01 6.49 16.53 25.45 2800
conv2 77 -0.27 0.82 7.78 19.59 27.89 2339 -1.03 -1.31 6.89 16.11 23.81 3968
conv2 78 -3.98 -4.20 9.06 19.66 28.35 4079 2.10 2.32 6.95 16.00 25.21 3883
conv2 79 -0.93 4.34 9.71 19.15 27.07 8604 5.17 -1.05 7.10 15.86 24.05 3379
conv2 80 -1.83 -5.57 8.29 17.70 24.67 3773 -1.35 1.03 7.09 16.66 23.74 5384
conv2 81 3.29 -0.24 7.19 16.88 25.82 298 -0.98 -1.01 7.93 19.32 28.00 24059
conv2 82 0.78 0.75 7.06 19.02 27.65 5776 -3.45 -1.58 7.71 15.89 26.20 3513
conv2 83 -0.01 -4.32 7.49 18.77 26.03 3322 -8.36 -2.34 6.76 15.03 21.49 2563
conv2 84 2.62 0.55 8.35 17.62 26.20 283 -0.62 1.01 8.27 18.47 25.97 3084
conv2 85 -3.47 1.69 8.01 17.17 25.67 151 2.08 0.20 7.77 16.35 24.86 1680
conv2 86 -0.17 0.28 7.95 18.54 25.79 6991 4.66 -9.95 4.83 11.09 16.62 3279
conv2 87 0.49 -2.59 7.75 18.92 25.96 5777 1.55 -2.07 8.28 17.46 24.47 7637
conv2 88 -0.36 -0.30 9.20 20.09 27.34 2278 0.76 -1.47 7.01 16.71 25.21 4260
conv2 89 -2.90 8.82 9.00 18.45 27.18 3361 2.31 0.48 7.71 18.71 27.30 4387
conv2 90 2.77 1.59 7.96 17.38 25.73 141 -2.69 0.39 8.06 17.67 25.87 1786
conv2 91 4.85 -3.88 7.21 17.70 25.39 1098 2.66 -5.00 7.38 16.94 25.43 1872
conv2 92 -1.99 -0.84 12.14 22.04 29.66 10419 1.89 7.13 6.55 15.02 22.18 3876
conv2 93 8.19 -7.44 7.43 15.81 23.79 172 -1.53 -0.75 9.08 20.16 28.41 30897
conv2 94 5.99 7.11 3.45 7.44 21.04 1900 6.15 4.34 6.40 14.72 21.88 6281
conv2 95 5.26 0.72 7.80 16.90 23.40 2078 -2.54 -0.39 6.02 14.03 22.14 3840
conv2 96 -5.97 -1.36 7.41 17.04 26.66 1896 -4.10 -4.60 6.92 15.97 23.00 1775
conv2 97 -7.60 0.62 7.20 15.19 21.99 416 -2.64 2.51 7.24 16.89 24.59 2721
conv2 98 0.10 8.85 6.33 13.69 23.16 1161 -2.08 1.99 6.41 15.10 21.99 3472
conv2 99 -12.24 -3.77 5.92 13.53 20.85 3080 5.16 -3.88 6.39 15.31 22.70 5680
conv2 100 5.32 5.05 6.87 15.60 22.10 1614 0.14 -0.75 7.71 18.57 27.01 1869
conv2 101 -2.81 -3.81 5.95 15.73 22.72 1005 -0.11 0.03 8.68 20.07 28.45 30776
conv2 102 -2.59 6.62 3.75 9.72 15.88 1000 -1.72 0.68 6.48 15.20 21.65 2512
conv2 103 1.18 -3.03 12.17 20.48 27.16 3864 0.87 -4.03 7.77 17.23 24.82 4382
conv2 104 -5.11 -2.17 7.46 16.30 22.46 745 -1.39 1.42 6.25 14.08 23.28 1972
conv2 105 -3.94 5.49 6.44 16.68 26.81 7968 1.19 -0.59 8.92 18.06 26.71 8687
conv2 106 -5.45 1.19 8.17 18.68 26.61 1211 1.76 2.23 9.08 19.48 27.68 3468
conv2 107 2.97 1.89 4.65 16.83 23.48 1761 0.15 0.52 8.65 16.38 24.17 4282
conv2 108 -0.11 0.67 5.59 12.84 18.74 453 -1.54 -2.07 9.32 20.26 28.77 31536
conv2 109 -1.17 0.92 7.72 17.39 23.75 3114 -0.45 -1.77 8.49 19.27 26.78 3885
conv2 110 -0.50 5.83 3.07 7.31 12.69 29 -0.01 -0.20 8.61 19.66 28.07 33772
conv2 111 2.37 -4.41 7.48 16.29 24.57 602 -0.73 -6.37 6.95 15.49 21.94 1816
conv2 112 -0.72 0.54 6.55 18.13 26.37 642 -0.61 -0.10 8.36 19.73 28.51 18977
conv2 113 1.69 -0.15 8.54 18.05 24.59 1497 1.41 2.43 7.93 17.20 25.36 3127
conv2 114 1.34 -2.42 9.53 19.83 27.01 4827 -1.40 -0.55 8.47 19.10 26.53 1568
conv2 115 -0.42 -0.34 11.92 22.11 29.11 9026 3.60 -4.11 6.93 16.61 24.56 3188
conv2 116 3.18 2.80 5.59 14.24 20.41 342 4.33 0.99 6.89 16.02 24.12 1090
conv2 117 -5.33 -3.78 3.31 7.87 13.05 924 -0.33 -0.46 8.34 19.75 28.46 31761
conv2 118 -0.83 8.65 9.33 18.28 27.72 2024 1.48 -4.48 6.02 13.92 21.93 4074
conv2 119 -4.63 3.29 5.90 12.86 19.92 1147 -2.17 2.00 7.82 17.48 23.80 3007
conv2 120 5.67 -0.42 7.86 15.94 23.28 928 -0.45 -0.74 8.01 17.90 25.66 1618
conv2 121 -0.62 -0.96 14.23 22.38 29.40 19274 -3.46 -1.71 6.84 14.90 22.28 5245
conv2 122 -6.12 -12.44 4.74 10.42 16.66 812 0.50 0.30 8.44 19.98 28.00 30866
conv2 123 -1.30 1.28 12.80 22.02 29.43 22247 1.20 -3.23 6.23 14.48 22.67 2667
conv2 124 17.30 5.85 3.27 7.89 13.21 2761 1.11 -0.80 6.31 14.79 22.65 4616
conv2 125 0.28 -3.65 8.82 20.30 27.59 9811 2.52 -0.66 8.06 18.07 26.74 1386
conv2 126 5.85 5.63 6.75 17.67 30.69 1659 -0.48 -3.82 8.35 18.49 27.89 8364
conv2 127 0.63 -4.36 6.13 14.87 23.17 1074 2.71 2.79 7.92 18.80 26.76 2059
conv2 128 -0.24 -4.12 6.21 13.82 22.55 3712 -0.65 0.62 10.03 21.26 29.18 21938
conv2 129 0.49 -1.48 9.23 20.62 28.31 6726 0.64 -1.72 7.46 17.63 27.96 3162
conv2 130 -0.20 0.05 8.72 20.77 28.52 18669 -0.80 2.70 7.26 17.00 24.88 901
conv2 131 1.85 2.42 7.21 18.93 26.62 2577 0.35 -4.61 5.85 14.39 24.38 3128
conv2 132 -11.83 -0.91 6.49 14.20 22.05 5155 7.83 -0.50 6.94 15.41 22.30 7079
conv2 133 10.05 -7.78 5.09 11.47 20.62 2447 -6.54 1.96 7.97 17.44 25.46 7599
conv2 134 -0.57 -1.76 9.47 20.66 28.56 18796 -1.74 4.98 7.58 15.86 23.25 971
conv2 135 9.61 -12.85 3.72 8.91 14.20 1276 0.15 -3.49 7.03 17.42 25.09 3354
conv2 136 -1.27 1.41 8.55 20.07 28.38 2067 -1.22 -2.92 8.26 19.33 26.41 2997
conv2 137 1.19 1.06 9.04 18.89 25.89 1634 -2.05 1.13 7.77 17.38 24.16 2213
conv2 138 1.58 -1.31 8.94 19.90 28.51 12438 4.12 -1.03 6.40 15.02 23.75 2833
conv2 139 3.32 -7.04 8.19 18.51 32.88 10720 -6.50 1.18 7.37 16.67 24.97 3272
conv2 140 5.05 2.27 6.80 14.81 21.11 333 1.67 -0.24 6.68 15.06 23.40 2071
conv2 141 1.27 2.23 6.15 14.52 22.93 2056 2.15 0.30 8.35 16.87 24.82 4041
conv2 142 -5.72 3.20 6.78 18.73 29.77 8171 5.96 -1.93 6.44 14.89 23.75 3918
conv2 143 -9.52 0.16 5.66 11.92 19.45 887 -1.94 2.96 9.18 19.16 27.35 2054
conv2 144 -0.33 -9.57 6.33 15.10 27.83 3985 -0.43 2.60 7.82 16.69 24.65 3980
conv2 145 -4.88 -0.51 8.67 21.32 29.89 7618 2.82 0.82 7.14 16.54 25.04 3796
conv2 146 -4.00 -0.67 6.55 15.44 24.52 162 0.04 -1.31 8.25 19.66 28.23 32411
conv2 147 2.29 0.85 7.75 20.13 27.50 3078 0.22 -0.39 4.80 11.62 19.92 2130
conv2 148 -3.99 -0.36 9.79 20.51 29.83 2005 3.13 4.29 6.92 15.66 24.03 3297
conv2 149 1.54 -3.20 7.70 18.14 27.34 2257 -1.31 0.06 9.59 20.25 28.09 17663
conv2 150 -1.01 -2.35 7.72 19.35 26.79 2680 -5.74 5.31 6.77 15.30 26.13 2615
conv2 151 -1.57 0.86 11.94 21.73 28.89 6119 -0.06 0.66 6.80 15.53 23.14 2943
conv2 152 -0.53 -1.48 7.23 17.08 25.06 1281 -1.55 3.38 7.41 17.08 25.73 3012
conv2 153 1.36 0.78 7.02 16.70 24.86 986 -0.82 -2.20 8.02 17.62 25.12 2857
conv2 154 2.65 -0.31 8.05 18.20 27.53 6572 -0.61 0.71 8.39 19.46 28.19 12141
conv2 155 -1.75 -3.94 7.92 18.14 25.72 2089 -3.40 -4.13 6.36 15.63 25.63 3414
conv2 156 0.67 1.48 7.94 19.53 29.12 23068 0.83 -6.12 8.10 18.73 25.88 1536
conv2 157 -7.77 4.89 6.65 17.53 28.10 2674 -1.80 -5.08 8.41 18.19 25.90 1673
conv2 158 1.31 3.09 8.06 18.69 29.43 5185 -0.96 -10.01 5.67 13.58 23.75 3664
conv2 159 -8.11 -2.23 6.72 15.14 22.01 497 1.72 -1.11 7.94 17.51 25.13 2449
conv2 160 3.95 1.83 10.88 21.39 30.29 18132 -3.04 0.01 7.50 17.09 25.43 4943
conv2 161 0.54 3.17 6.69 15.75 21.79 1431 -0.47 0.69 8.47 19.39 28.17 26248
conv2 162 0.43 0.67 10.83 20.59 27.81 7275 -2.40 -3.74 5.91 15.38 27.18 2660
conv2 163 -1.12 -2.27 6.62 16.04 23.07 2783 -3.13 -3.29 5.63 12.32 18.11 3313
conv2 164 -0.28 -0.12 10.80 21.64 28.99 18089 -1.69 -8.98 6.53 14.59 21.52 3389
conv2 165 -3.24 0.25 12.01 21.78 29.16 11404 3.59 -2.03 6.12 14.04 20.64 2951
conv2 166 -0.67 -1.62 7.96 19.90 28.25 8062 -2.18 0.94 6.65 15.02 23.11 3867
conv2 167 4.06 0.08 6.62 15.09 21.88 1572 5.19 -2.79 6.43 14.87 21.18 3101
conv2 168 1.90 -6.51 7.60 16.54 23.28 1716 1.03 -1.04 7.40 15.73 22.92 5000
conv2 169 1.68 2.91 7.50 18.15 25.17 989 -3.55 1.62 7.32 17.36 25.43 2248
conv2 170 1.61 -1.81 7.01 15.82 22.79 2461 2.28 -5.10 6.26 14.42 21.12 3259
conv2 171 -1.09 3.74 8.12 19.77 29.16 19592 -4.26 -7.91 6.74 15.05 21.50 3371
conv2 172 -0.93 1.11 7.60 17.78 25.16 3844 -2.70 1.31 8.20 17.69 24.37 2459
conv2 173 -0.71 0.11 13.28 22.15 29.40 12329 0.56 0.74 7.71 17.85 26.55 3639
conv2 174 -7.35 3.38 12.27 19.08 28.09 386 1.20 -0.43 8.66 19.88 28.55 19639
conv2 175 -2.15 -0.31 12.87 22.17 29.13 13621 1.67 2.46 7.24 16.88 26.10 3130
conv2 176 -2.24 4.62 7.50 17.88 26.01 2046 -0.57 -1.02 8.87 19.94 28.02 15928
conv2 177 -0.86 5.00 7.87 16.73 24.30 4456 -1.02 0.37 6.65 17.65 25.21 6013
conv2 178 1.67 -6.37 6.27 14.42 21.20 3759 -6.15 6.25 7.26 15.80 23.50 3993
conv2 179 -8.32 11.83 6.26 15.54 30.83 4977 4.73 -2.40 6.73 14.63 23.92 5519
conv2 180 -5.55 6.59 6.31 15.21 26.98 750 -0.57 -1.23 9.52 20.10 27.44 5879
conv2 181 -1.56 -0.87 7.33 18.73 26.66 1100 -0.94 -1.14 7.89 18.44 26.85 5500
conv2 182 -6.56 4.82 6.09 15.58 24.96 2916 -6.23 2.42 6.92 14.30 22.39 3342
conv2 183 -1.13 -0.66 8.12 20.30 28.35 7735 -0.56 -3.10 7.60 17.03 25.18 825
conv2 184 -0.03 -2.47 9.53 19.64 26.78 2407 1.38 -0.49 7.73 17.95 25.91 5160
conv2 185 -0.20 -12.97 5.89 14.30 21.99 5754 -1.46 4.42 7.19 17.14 23.86 6018
conv2 186 -1.21 -1.87 9.28 19.25 28.35 2501 -1.46 1.35 6.82 15.02 23.98 1762
conv2 187 -0.64 -5.51 7.74 17.21 25.82 4512 0.26 3.57 7.40 18.23 25.79 4735
conv2 188 -4.88 -1.16 6.56 15.77 24.53 4333 4.28 -1.03 4.26 10.66 19.37 3602
conv2 189 13.50 -7.33 4.17 10.50 20.91 2820 1.05 -1.51 9.68 19.15 26.25 5773
conv2 190 -2.87 2.63 9.67 20.75 28.14 4261 9.68 -2.50 6.05 13.45 20.73 2733
conv2 191 -2.58 5.97 13.87 22.91 33.36 7870 1.59 -3.93 7.43 15.96 22.97 11805
conv3 0 2.05 18.14 12.60 30.48 44.99 1130 0.23 -5.58 15.08 35.82 50.72 10011
conv3 1 19.79 -0.65 19.02 35.83 51.49 913 -5.58 8.15 13.99 33.95 50.28 15893
conv3 2 9.72 5.02 6.69 17.01 33.49 549 -0.97 -0.34 17.66 39.92 55.74 32188
conv3 3 0.80 10.67 21.26 37.48 52.17 12121 6.84 -10.57 11.53 28.04 38.75 4826
conv3 4 -2.92 -7.29 7.74 21.10 33.78 40 0.14 0.26 16.10 39.70 55.38 12740
conv3 5 -8.62 11.08 12.45 32.12 45.45 438 -3.42 -0.94 13.81 30.71 44.90 5823
conv3 6 -7.86 21.54 7.99 25.89 41.49 327 0.73 -5.73 16.86 37.77 52.65 21264
conv3 7 0.75 -0.08 32.85 44.44 53.26 2046 -0.60 5.06 16.84 35.63 51.79 11403
conv3 8 5.33 -2.14 8.84 19.29 38.74 317 -7.89 -7.11 15.36 32.40 43.69 10672
conv3 9 -1.45 3.36 13.78 27.38 44.07 177 -0.66 -0.42 17.34 38.36 54.01 20756
conv3 10 7.65 -0.59 24.19 40.21 55.24 199 5.35 0.45 14.70 32.68 47.65 9856
conv3 11 -8.02 -0.89 17.67 36.84 53.34 1441 -6.39 5.15 13.38 31.94 48.61 7018
conv3 12 -0.50 -0.50 6.08 19.24 34.01 27 1.42 -2.64 16.92 38.58 53.99 24283
conv3 13 10.21 -13.24 17.13 34.68 50.40 1814 -10.44 -3.26 15.28 34.57 50.73 8017
conv3 14 1.09 -10.54 10.59 25.07 39.32 400 -1.97 -1.79 19.47 39.35 54.40 16044
conv3 15 9.75 -8.26 13.04 32.54 47.54 627 3.60 -2.67 13.95 29.51 41.46 8271
conv3 16 2.11 -5.35 21.77 39.97 52.29 2084 1.61 5.14 14.87 32.94 47.59 7661
conv3 17 -4.97 -7.92 8.82 23.51 38.27 233 3.63 7.33 14.11 32.46 46.63 11565
conv3 18 5.59 -13.23 19.73 32.82 44.99 339 -1.02 1.11 13.31 29.64 43.59 9037
conv3 19 -0.48 -2.71 11.30 30.25 44.39 2444 -1.81 6.47 15.69 37.47 56.88 18209
conv3 20 -3.83 -7.06 21.94 37.73 54.33 11582 -1.87 2.06 8.42 20.15 37.87 2490
conv3 21 2.08 21.48 10.68 24.07 41.89 6359 0.34 -15.17 10.28 24.73 37.58 7545
conv3 22 -8.05 -5.22 16.65 32.93 48.78 469 2.61 -6.12 14.38 31.13 48.34 5903
conv3 23 -9.33 0.40 12.16 28.51 42.58 303 -0.19 -6.95 13.55 29.15 42.28 10620
conv3 24 3.26 -7.11 15.56 36.42 51.49 8621 -5.40 -7.50 13.36 30.94 44.63 3363
conv3 25 0.52 1.75 13.89 34.57 51.48 3979 1.90 1.52 13.55 32.11 53.83 3769
conv3 26 -3.04 0.39 16.54 37.05 49.51 11196 -6.71 -0.78 14.74 32.32 49.91 661
conv3 27 -4.92 4.04 14.13 34.18 51.51 1040 4.80 2.82 12.69 29.59 42.46 5241
conv3 28 -5.29 11.41 29.89 43.78 63.06 10901 7.98 -5.75 11.85 27.93 40.01 10470
conv3 29 0.64 12.29 24.20 38.85 51.60 2414 5.26 3.54 12.40 28.42 46.81 8093
conv3 30 14.44 -20.34 10.78 24.68 37.50 573 1.15 7.56 16.00 34.03 49.99 15751
conv3 31 -4.12 -8.25 21.99 41.89 54.78 8031 1.34 9.57 10.09 23.70 32.81 7853
conv3 32 -12.05 0.44 11.74 20.51 30.57 62 2.66 -0.66 17.82 37.78 54.68 27211
conv3 33 15.34 -5.96 10.77 30.53 45.06 49 -2.29 4.76 15.22 35.75 51.30 15298
conv3 34 2.53 6.39 9.60 24.19 35.53 481 3.86 7.59 16.09 35.16 49.62 9774
conv3 35 -28.48 -8.37 9.14 22.22 37.01 6750 17.02 -4.27 11.62 25.23 38.90 6943
conv3 36 -2.55 0.03 18.50 36.58 50.86 6981 -2.52 -18.61 14.34 32.09 46.22 4690
conv3 37 -0.58 -2.59 26.06 41.52 54.56 8504 2.55 -2.62 12.00 26.79 41.06 5083
conv3 38 -10.82 2.49 16.30 37.44 48.52 140 -1.05 -1.38 17.49 39.90 55.40 29002
conv3 39 16.56 0.88 11.74 29.39 45.93 1799 -0.33 -10.33 14.11 34.08 48.82 6659
conv3 40 -0.50 -10.59 7.58 16.12 31.00 3 -0.48 -0.83 18.34 39.96 55.76 33594
conv3 41 1.14 11.87 12.93 30.27 52.41 40 -7.85 0.73 13.73 30.89 43.81 10304
conv3 42 -6.60 -13.04 8.54 19.96 41.34 140 -0.51 4.68 13.22 32.05 45.67 8947
conv3 43 -21.16 9.42 6.09 12.79 22.09 520 -5.65 1.19 16.34 33.69 48.76 10336
conv3 44 -12.49 -7.08 13.14 28.33 43.82 530 2.66 -6.81 13.79 33.45 49.34 2482
conv3 45 -6.26 2.89 15.24 31.01 43.93 1594 1.71 0.30 13.59 34.85 50.80 9278
conv3 46 1.07 4.69 30.67 41.56 50.40 1294 6.56 8.16 12.96 29.56 45.89 8477
conv3 47 -17.40 19.22 9.24 22.81 46.81 50 -3.95 -0.85 16.85 37.44 52.74 16309
conv3 48 18.55 1.70 14.31 30.87 45.30 473 1.65 -0.28 16.15 38.16 52.81 14584
conv3 49 3.20 0.65 16.53 38.02 51.19 4312 2.83 1.94 11.95 30.87 46.00 3613
conv3 50 12.62 8.35 12.45 31.28 49.87 1054 -0.45 -4.13 16.83 38.02 54.22 15908
conv3 51 7.02 7.03 14.21 31.72 44.63 1406 0.13 2.34 16.17 38.78 54.80 9191
conv3 52 5.82 4.58 7.74 17.80 27.39 1758 -1.15 4.88 17.99 36.38 52.20 8157
conv3 53 12.84 -2.04 17.47 32.89 45.00 1884 2.65 -1.79 14.98 35.48 52.80 8848
conv3 54 -2.34 1.98 6.87 15.78 23.37 691 -0.49 -1.17 17.39 36.08 50.30 9768
conv3 55 0.05 -18.65 13.49 30.12 55.15 303 -3.79 1.85 13.46 29.18 41.99 9053
conv3 56 -17.35 4.72 10.22 27.53 46.91 879 -0.15 -0.25 16.07 36.27 52.21 15385
conv3 57 0.04 -16.20 11.59 21.94 32.97 441 -3.28 1.26 15.97 35.65 51.87 12797
conv3 58 -8.10 -1.89 15.68 34.24 51.06 803 6.31 -1.66 14.12 30.97 46.22 7076
conv3 59 -2.69 -1.07 22.24 43.27 56.72 10601 -2.21 3.13 14.74 33.90 49.00 7759
conv3 60 -20.03 -23.29 9.52 22.01 30.99 2817 1.78 1.98 15.85 36.79 54.20 7756
conv3 61 -4.14 9.64 14.11 31.38 50.84 2561 0.03 1.13 21.56 37.97 52.64 14322
conv3 62 5.70 -8.82 33.07 46.13 57.74 288 -1.90 1.93 13.41 29.46 40.58 15024
conv3 63 7.32 3.31 10.62 26.51 39.15 13 -3.70 0.59 15.91 37.69 52.99 22585
conv3 64 -0.13 0.79 20.36 33.42 46.12 6879 0.42 -0.79 14.33 36.93 50.86 2334
conv3 65 0.31 3.24 4.33 8.74 12.72 70 -0.03 -0.44 18.12 39.82 55.86 33524
conv3 66 6.15 3.08 11.85 32.95 48.82 2291 0.11 3.69 14.05 33.29 48.62 7067
conv3 67 -4.02 -2.36 5.72 13.91 20.07 131 3.29 -0.71 17.76 38.56 54.65 23094
conv3 68 -2.93 12.33 13.11 26.75 39.72 1045 1.25 -3.34 16.16 36.38 51.57 13017
conv3 69 -0.50 -0.50 9.43 21.95 35.47 22 -0.45 0.28 17.81 38.77 55.37 30258
conv3 70 -18.17 -7.70 7.66 17.88 33.23 425 1.89 1.86 15.62 37.27 51.68 8686
conv3 71 -5.65 -16.23 13.83 29.69 43.42 6544 2.30 6.93 12.04 24.88 34.92 8169
conv3 72 1.91 23.40 18.57 37.30 52.60 1919 3.67 -2.42 15.63 33.20 47.93 9935
conv3 73 11.82 2.00 10.04 27.75 45.78 751 3.47 -6.32 14.12 34.96 48.86 4646
conv3 74 3.31 -0.50 19.56 35.68 49.19 740 6.63 -3.96 14.84 35.79 51.65 8017
conv3 75 4.62 -5.74 16.56 40.48 53.92 2454 -3.87 3.52 11.65 28.61 40.40 8050
conv3 76 9.16 -28.35 13.53 32.60 49.75 2640 2.27 6.81 13.60 31.19 45.31 9008
conv3 77 -0.67 4.48 17.63 38.77 48.43 1373 -8.46 -6.03 13.88 31.90 48.36 8021
conv3 78 -0.74 2.52 23.70 40.81 55.76 21802 -9.77 8.45 13.01 29.00 45.96 3231
conv3 79 13.92 16.03 17.53 30.06 41.36 1314 -0.69 -6.00 14.24 33.02 45.80 10817
conv3 80 9.90 -10.91 13.42 30.32 41.30 50 2.07 8.08 13.52 30.54 42.86 10601
conv3 81 -10.43 3.04 9.58 25.33 44.29 326 0.13 -1.14 17.86 37.51 52.48 10514
conv3 82 14.77 2.67 9.90 25.13 36.64 1089 -2.72 -0.30 19.92 40.06 54.93 24233
conv3 83 -1.06 1.29 32.37 44.28 57.74 11195 -2.39 -5.01 10.87 24.32 35.33 7744
conv3 84 -21.87 4.28 12.61 30.68 49.46 5889 12.17 -0.27 12.10 28.61 40.01 6829
conv3 85 -28.17 -23.76 0.81 2.65 4.58 2 0.85 -2.43 12.35 28.42 42.17 10945
conv3 86 -16.68 -28.17 11.15 21.15 36.83 181 2.64 2.85 16.81 36.06 50.86 19794
conv3 87 -17.22 -10.60 13.59 33.05 56.28 11768 11.06 5.36 14.61 32.44 46.29 9850
conv3 88 7.65 5.11 3.79 8.64 13.63 166 0.11 -6.27 15.41 34.15 47.75 15505
conv3 89 -0.34 -16.12 14.04 36.16 52.78 7669 -5.45 6.25 11.42 28.20 44.79 6456
conv3 90 7.26 2.29 14.43 31.87 48.59 1164 1.33 -2.43 14.79 35.24 53.82 7979
conv3 91 5.71 -14.81 10.47 24.65 41.13 1594 3.69 4.73 15.97 35.32 49.49 9675
conv3 92 20.63 -6.99 17.16 30.79 44.21 3273 -11.21 1.26 11.71 28.98 41.99 7999
conv3 93 10.90 25.95 10.72 24.78 39.48 140 0.41 -4.75 15.53 34.97 48.50 13251
conv3 94 5.88 -27.92 10.69 28.40 43.93 4498 2.70 -4.81 13.81 33.71 48.93 6494
conv3 95 1.72 -0.96 16.57 34.85 50.46 2424 -0.09 12.84 12.88 29.41 44.69 6603
conv3 96 2.09 6.93 13.38 33.01 45.25 5313 2.31 -7.57 10.77 23.45 41.99 6004
conv3 97 -0.74 -5.43 10.58 26.24 38.08 44 -1.53 -2.97 17.10 39.87 56.07 30074
conv3 98 -50.50 -50.50 -1.00 -1.00 -1.00 0 -0.90 -2.26 17.57 39.77 54.65 33509
conv3 99 -14.91 -1.71 5.59 13.43 20.60 382 -3.21 -0.71 17.71 38.24 55.54 31570
conv3 100 -5.56 -0.33 14.69 35.92 52.04 2716 -12.68 -3.40 11.68 27.77 40.92 4104
conv3 101 -3.16 -15.42 18.52 35.32 52.91 840 1.60 -2.07 12.93 30.79 46.71 11184
conv3 102 14.93 -9.42 17.82 33.30 49.44 538 -4.07 -0.39 15.33 32.83 47.15 6301
conv3 103 -2.37 -4.40 17.13 38.66 51.94 11335 0.23 2.45 15.79 35.90 50.66 2073
conv3 104 1.01 16.32 9.71 23.25 37.12 79 -1.12 -0.12 17.68 38.33 54.13 30083
conv3 105 15.09 -3.69 18.24 35.51 54.67 3104 -18.84 -0.01 13.57 31.73 46.66 7395
conv3 106 3.77 3.02 16.57 32.01 46.98 2013 -9.52 0.32 16.24 35.51 49.91 7524
conv3 107 -27.48 5.26 8.65 21.75 39.59 4517 12.84 -2.31 13.98 32.40 47.68 12142
conv3 108 -1.29 -13.96 9.61 19.31 31.89 933 0.63 0.58 15.42 38.94 54.45 22074
conv3 109 1.60 1.61 26.19 39.56 48.98 1877 -1.33 1.79 15.33 33.91 50.43 7355
conv3 110 0.32 -1.01 9.77 20.93 30.34 571 -2.85 2.67 16.37 38.62 53.62 20687
conv3 111 -3.10 -27.03 12.11 24.72 35.77 161 2.16 6.39 16.28 33.56 48.41 14289
conv3 112 1.73 -5.56 12.91 30.99 46.29 590 -1.56 3.46 14.33 31.62 47.75 8270
conv3 113 4.17 -19.25 7.40 19.15 29.35 1543 -0.70 7.43 13.43 32.07 46.29 9873
conv3 114 -22.55 20.28 9.02 22.80 41.97 318 4.32 -3.92 17.39 35.45 51.62 17060
conv3 115 12.45 -5.09 9.19 23.13 39.61 248 -6.96 4.86 14.70 34.16 48.82 8240
conv3 116 -2.28 -3.30 21.76 40.20 54.30 4608 -3.32 -0.92 12.44 29.50 45.23 6199
conv3 117 3.14 6.15 26.37 42.69 56.09 6591 -1.69 0.64 9.32 22.93 34.87 6218
conv3 118 -0.74 -8.16 17.25 33.68 48.73 10254 3.24 4.29 10.26 36.32 46.07 1133
conv3 119 -2.58 -0.09 14.62 34.65 47.64 296 3.95 -1.17 14.83 34.47 51.03 7089
conv3 120 13.20 -8.97 12.17 29.11 47.92 1576 -5.80 -0.93 14.94 32.70 45.83 6332
conv3 121 -5.15 -37.65 0.91 2.48 4.67 1 1.58 -1.76 16.14 35.89 50.44 16571
conv3 122 -1.10 2.14 26.57 42.53 56.80 25194 5.36 -4.15 12.08 27.98 42.69 4196
conv3 123 9.38 -28.13 9.68 22.44 35.89 3371 -2.81 7.16 16.57 38.59 55.64 14814
conv3 124 -0.11 -16.42 9.58 23.03 44.46 171 7.88 -0.07 15.81 37.08 51.50 9229
conv3 125 -3.36 5.27 8.77 27.65 48.03 348 -0.96 -4.89 13.47 29.94 44.64 8591
conv3 126 -7.62 6.92 11.18 29.50 47.73 477 3.27 -9.93 13.05 28.80 40.76 5330
conv3 127 -8.47 16.35 11.76 28.30 45.51 267 -3.40 -2.21 14.39 31.84 46.19 10183
conv3 128 -5.31 1.38 8.06 24.21 35.66 575 2.62 -1.50 17.58 38.78 55.14 18949
conv3 129 0.28 -2.19 16.54 35.67 51.55 316 -1.61 -2.05 13.59 32.99 45.51 8596
conv3 130 -8.39 0.15 30.34 46.49 59.55 14062 0.31 2.29 13.88 30.20 43.35 8605
conv3 131 -0.63 -11.06 16.61 36.95 45.45 213 5.06 0.95 15.25 32.76 49.58 10467
conv3 132 9.49 -10.11 13.22 27.96 39.07 427 -2.11 6.00 14.64 32.57 46.00 13586
conv3 133 -0.50 -0.50 6.00 19.24 34.06 49 -0.37 -2.24 16.78 37.27 51.91 20840
conv3 134 6.27 16.53 13.25 31.61 48.00 4657 -1.35 -11.86 13.82 33.10 48.27 8684
conv3 135 6.40 8.30 16.73 35.62 49.82 1899 1.10 -1.78 13.38 31.24 45.58 7288
conv3 136 -5.62 6.97 28.59 39.34 51.17 2893 1.12 -1.63 12.87 31.65 43.58 8098
conv3 137 -50.50 -50.50 -1.00 -1.00 -1.00 0 -0.08 0.46 18.36 39.43 55.47 31774
conv3 138 10.93 9.70 5.44 11.73 17.96 1024 1.61 6.14 14.36 32.78 47.15 10656
conv3 139 -0.57 -2.40 21.90 37.19 49.92 586 -1.11 5.60 15.42 34.49 48.12 7971
conv3 140 3.67 2.51 11.64 27.35 42.87 960 -0.32 -12.42 13.86 31.59 46.63 5174
conv3 141 4.42 -14.36 14.58 36.03 51.71 1325 -1.74 6.23 12.21 27.38 41.16 8841
conv3 142 -1.84 -6.24 12.61 30.38 46.86 2718 7.01 1.51 13.85 29.99 45.42 9066
conv3 143 1.20 10.19 15.86 29.48 46.23 1129 0.68 -0.47 16.21 35.05 50.35 12465
conv3 144 -5.57 -5.06 15.00 34.87 49.95 3224 -0.75 1.04 13.60 32.84 48.81 7641
conv3 145 4.31 11.70 13.67 31.84 44.83 366 -0.43 -3.88 11.07 26.07 41.85 5561
conv3 146 -5.50 4.56 4.11 9.00 17.01 257 -3.44 0.36 16.10 38.06 52.57 25022
conv3 147 11.39 12.71 16.60 36.83 58.91 13019 -10.23 -14.41 12.38 27.52 38.81 10421
conv3 148 -0.51 -2.33 12.34 30.29 43.71 1165 -0.22 2.48 15.24 39.24 55.59 9962
conv3 149 20.59 5.69 10.16 24.32 35.93 3136 -9.91 -1.54 15.97 37.17 52.52 10879
conv3 150 -0.69 -5.14 17.21 36.80 51.32 1055 -1.82 -9.29 12.07 29.43 42.89 6543
conv3 151 -0.50 -0.50 7.81 25.00 44.91 344 -7.56 -2.92 14.87 34.91 50.87 9504
conv3 152 4.66 -5.57 9.21 21.55 36.71 1304 -1.90 0.27 16.39 38.79 55.41 19171
conv3 153 -14.25 0.34 14.25 27.99 41.28 233 -2.30 -2.89 15.27 35.43 53.52 6332
conv3 154 -0.50 -0.50 5.00 11.18 18.03 1 -2.16 -0.83 16.34 38.13 55.16 19927
conv3 155 -22.36 8.08 16.50 32.55 53.74 811 0.45 0.22 12.93 28.17 41.02 9613
conv3 156 0.08 -1.97 13.43 34.17 50.18 1520 -0.42 -3.84 11.93 26.18 38.34 9368
conv3 157 0.79 2.65 16.11 37.38 52.03 7383 -0.02 -1.03 14.90 32.35 47.48 5136
conv3 158 -8.74 9.47 13.44 31.64 42.31 821 -0.30 -4.20 13.87 31.80 50.56 8222
conv3 159 -2.04 -19.11 12.86 28.43 44.02 88 1.16 -1.92 16.49 38.20 52.22 21951
conv3 160 3.89 -14.06 16.45 33.62 55.06 228 4.81 7.01 14.52 32.20 47.53 10375
conv3 161 -16.20 -10.40 15.11 29.76 42.37 1496 -0.10 0.60 12.98 30.13 41.95 7180
conv3 162 -6.87 8.14 10.38 24.28 37.12 469 4.23 10.05 14.06 31.79 46.91 2096
conv3 163 2.92 19.94 5.61 12.90 19.90 2213 3.11 -2.03 12.46 31.90 43.80 9204
conv3 164 3.32 -4.72 24.58 40.37 52.42 1659 -2.46 2.18 12.69 29.68 43.37 8198
conv3 165 15.73 -2.84 4.81 9.61 14.43 86 0.25 1.46 19.53 40.01 55.73 33258
conv3 166 8.90 3.74 14.82 30.78 45.99 2987 -1.24 7.01 14.17 31.79 44.33 5106
conv3 167 -4.76 10.74 7.60 21.61 34.88 1373 -1.55 -0.58 12.12 28.23 41.05 6467
conv3 168 33.17 -23.52 3.47 9.04 20.96 49 -2.08 6.28 16.79 35.76 50.91 17403
conv3 169 1.61 4.03 21.77 42.11 54.64 13930 4.76 3.36 11.11 26.42 45.49 5217
conv3 170 -5.22 -11.44 33.56 48.58 64.76 12069 0.50 3.77 12.43 29.05 44.01 12357
conv3 171 2.74 0.38 32.33 44.93 55.40 7463 -3.82 -7.79 12.10 28.11 41.63 9056
conv3 172 -10.89 -8.73 14.75 34.85 52.40 2433 7.69 6.15 12.69 30.37 45.20 7824
conv3 173 0.28 4.61 19.34 37.39 50.57 2600 2.77 0.11 14.57 34.58 50.33 4768
conv3 174 -0.51 -1.47 14.12 33.99 49.07 6159 10.82 3.93 13.84 29.37 41.36 7160
conv3 175 -0.32 24.28 14.07 16.62 20.06 5 -0.70 1.20 17.11 37.80 52.77 14438
conv3 176 37.00 -0.50 2.50 5.59 9.12 1 1.30 -1.20 18.00 39.70 55.21 15913
conv3 177 3.24 -8.90 18.10 37.46 51.02 3735 -1.61 6.99 12.12 29.98 46.89 5939
conv3 178 0.81 8.78 33.63 47.59 61.30 11440 -5.22 -6.10 13.19 30.48 43.74 10290
conv3 179 7.88 -8.27 18.13 38.09 55.25 7172 -1.74 6.85 11.84 27.33 40.05 4756
conv3 180 15.57 -0.76 5.22 12.16 18.59 91 -1.50 -0.21 18.65 39.68 54.46 27082
conv3 181 3.17 -0.62 7.26 35.81 49.91 676 2.60 2.76 16.97 35.57 52.71 7107
conv3 182 6.35 6.82 10.33 29.41 39.51 28 -2.11 -0.13 13.61 29.67 41.17 12613
conv3 183 -22.93 6.16 8.84 23.64 41.93 1919 0.80 -0.76 15.97 37.97 51.53 12183
conv3 184 -20.20 17.92 3.59 10.04 15.61 20 -2.39 3.62 15.31 35.83 51.17 13654
conv3 185 1.34 -17.48 10.89 20.11 29.76 36 -3.76 -0.65 13.51 32.40 47.87 12714
conv3 186 3.17 2.86 20.88 39.31 53.65 1163 -2.71 -9.33 15.30 33.93 49.47 5909
conv3 187 -9.02 -3.65 11.74 30.20 48.62 2185 -2.35 4.03 13.44 35.48 51.09 5528
conv3 188 -10.39 -5.79 16.85 35.11 49.15 2350 -1.05 8.86 12.32 28.68 41.58 2929
conv3 189 -0.42 -1.51 3.08 8.01 14.69 169 -0.85 -0.28 16.23 35.74 48.89 17381
conv3 190 2.05 -1.26 17.51 36.31 48.63 1199 -4.12 9.82 13.40 29.78 45.54 4637
conv3 191 4.25 28.39 7.11 16.27 27.95 2127 -6.43 -2.87 14.14 34.19 50.63 10021
conv3 192 -0.20 1.76 16.32 37.96 54.74 19207 6.65 -8.85 12.69 30.87 47.21 8203
conv3 193 12.32 10.04 15.57 21.29 43.44 27 -1.49 -0.78 15.81 35.37 52.14 13800
conv3 194 -2.61 -3.95 12.62 26.81 41.75 855 -0.34 -0.74 16.09 34.67 50.35 3617
conv3 195 -5.52 1.17 15.84 32.89 45.49 726 -4.42 2.78 13.23 29.54 42.85 4182
conv3 196 -3.05 -3.45 8.50 19.21 29.11 786 0.33 -1.75 16.21 35.89 49.07 11641
conv3 197 -4.01 -2.85 12.20 29.32 45.79 360 -4.34 0.39 15.84 33.45 47.88 7094
conv3 198 -0.68 -1.62 24.38 41.05 52.07 2920 -2.05 3.18 13.85 31.79 48.22 6421
conv3 199 4.86 -1.03 21.02 41.47 54.41 3399 -5.84 -3.39 13.00 28.47 41.11 4653
conv3 200 -0.82 -14.46 12.99 28.99 41.12 40 -0.36 0.69 15.89 36.45 50.76 18546
conv3 201 -50.50 -50.50 -1.00 -1.00 -1.00 0 0.72 -0.98 13.89 30.55 44.36 11521
conv3 202 -0.50 -19.00 4.72 11.01 17.92 5 -1.29 2.94 16.09 36.51 50.15 19564
conv3 203 -7.41 11.13 11.81 28.68 48.62 2104 6.39 -2.45 14.18 32.81 48.95 7155
conv3 204 0.49 -0.40 24.63 41.71 55.69 24867 -0.99 -1.24 15.14 34.38 50.31 3644
conv3 205 -10.45 -8.68 21.79 36.04 63.21 8559 0.44 -2.28 13.46 30.02 42.61 8514
conv3 206 -1.50 -0.73 27.30 42.46 56.47 18380 3.55 3.96 8.99 22.49 35.27 3940
conv3 207 3.52 21.14 14.41 29.28 48.92 752 -2.12 -6.51 14.42 31.15 47.07 10267
conv3 208 4.81 -20.18 16.33 32.80 48.33 2027 2.14 4.90 16.31 36.90 54.61 7291
conv3 209 4.17 -12.20 15.92 35.66 57.62 2497 -0.90 3.74 10.60 26.05 37.02 7407
conv3 210 4.07 -3.83 24.96 39.70 52.81 1699 -5.56 0.22 12.41 28.57 40.92 7147
conv3 211 9.92 -10.20 9.96 23.51 51.56 1276 3.79 -1.72 14.78 30.82 44.18 8796
conv3 212 -0.95 1.86 13.64 37.69 53.54 1753 -14.17 -5.99 13.58 29.60 43.81 2927
conv3 213 -3.78 1.52 4.77 10.99 16.45 747 0.20 2.05 13.74 32.78 46.77 10827
conv3 214 0.29 -11.63 13.74 30.76 45.90 419 -7.15 2.40 12.45 26.00 37.82 7661
conv3 215 -16.27 1.79 10.82 25.96 41.77 231 -2.07 0.77 16.98 36.89 50.66 10849
conv3 216 -50.50 -50.50 -1.00 -1.00 -1.00 0 0.16 -3.29 13.12 31.40 43.67 14187
conv3 217 4.12 -7.72 11.95 31.13 45.28 167 -8.60 1.85 15.00 33.57 46.47 12181
conv3 218 6.68 1.86 23.29 36.11 47.84 898 -1.96 7.41 12.55 29.48 41.35 6242
conv3 219 -0.50 -0.50 5.00 11.05 17.72 7 -1.33 0.04 15.48 37.57 54.40 31070
conv3 220 -2.67 16.10 12.03 29.22 49.04 504 2.62 -4.36 16.00 35.94 50.05 11568
conv3 221 -2.61 1.05 15.30 33.81 45.96 2334 -0.96 2.19 14.55 32.74 54.21 5427
conv3 222 17.04 -5.11 15.55 31.49 47.36 3628 -15.34 -2.73 13.90 32.45 47.56 12128
conv3 223 2.08 -2.82 8.43 18.97 39.27 2099 6.63 -3.59 16.12 35.41 50.49 10305
conv3 224 18.02 8.76 2.53 5.75 9.27 2 -0.53 -0.84 19.01 40.17 55.26 33576
conv3 225 3.37 -18.37 17.39 31.37 50.21 59 2.55 -3.56 14.84 32.80 51.01 10448
conv3 226 -0.03 18.32 6.20 16.21 29.39 342 -0.06 -0.32 18.09 38.73 53.28 22668
conv3 227 5.16 3.12 12.45 33.39 47.91 2035 -8.79 -3.29 12.23 29.39 44.99 5203
conv3 228 0.76 -0.84 16.52 31.06 46.90 1343 3.59 -0.48 12.17 28.53 41.22 4210
conv3 229 -8.40 4.01 18.92 34.51 49.15 1407 5.56 -8.19 14.54 33.68 49.21 7938
conv3 230 25.91 -6.86 9.49 23.64 40.42 25 0.92 1.89 18.47 37.02 52.44 24150
conv3 231 -8.11 0.23 15.30 34.08 47.64 666 -4.17 2.26 12.65 29.06 42.29 5076
conv3 232 2.02 0.18 21.52 41.98 56.18 21978 -2.16 1.28 14.84 33.65 54.72 5296
conv3 233 1.87 1.36 13.15 31.65 47.76 847 -8.04 -4.41 16.52 38.71 55.49 8386
conv3 234 20.63 13.27 7.34 18.42 30.25 1129 -1.96 -5.61 16.11 35.55 51.32 10270
conv3 235 -3.25 -23.25 8.41 19.29 29.25 127 -0.36 2.47 16.03 35.61 50.97 18101
conv3 236 -4.50 -25.25 8.97 20.00 29.89 526 2.71 5.34 17.35 38.09 56.70 21151
conv3 237 3.09 10.11 15.43 33.93 47.74 2563 0.92 -12.51 15.21 34.39 52.69 5342
conv3 238 -4.54 -3.86 14.68 37.31 53.77 9094 2.07 3.53 11.59 25.48 43.11 6230
conv3 239 -0.04 -1.21 4.40 10.72 15.86 244 -4.26 -0.30 13.78 30.85 44.24 9910
conv3 240 4.59 2.73 23.71 36.91 47.74 2520 -5.41 -7.84 12.79 27.59 41.79 6155
conv3 241 13.45 -19.86 25.32 33.06 53.95 4 -3.58 6.64 14.48 32.87 47.02 13427
conv3 242 -3.45 5.10 7.40 20.62 33.03 295 4.50 5.47 14.43 33.06 49.97 7632
conv3 243 23.68 6.70 9.96 24.65 43.77 2961 -3.67 -14.51 14.29 32.54 49.07 9004
conv3 244 -10.65 -10.60 14.05 31.17 47.40 1503 -1.34 3.98 16.72 34.13 48.22 7121
conv3 245 -0.64 -0.36 16.86 37.54 54.05 19619 -6.94 -1.23 9.83 23.06 37.23 8004
conv3 246 -1.14 13.23 14.22 32.31 47.81 1733 9.00 -7.06 15.17 35.37 49.98 7660
conv3 247 -1.64 -3.86 6.21 15.32 22.51 1402 -2.70 -4.19 14.20 33.97 49.89 14636
conv3 248 0.48 -4.79 22.10 41.02 56.29 14685 0.36 -2.56 15.58 35.50 53.69 5184
conv3 249 9.48 10.57 16.47 34.26 51.98 6670 -12.64 -15.32 12.47 27.59 41.55 8555
conv3 250 -0.31 12.93 19.18 37.22 52.34 3281 -1.21 -9.52 8.93 20.53 31.73 5129
conv3 251 4.14 9.33 20.82 36.09 50.35 2475 0.54 4.48 15.57 36.69 51.42 9769
conv3 252 3.95 -16.48 13.78 32.62 45.13 1707 9.55 0.23 15.30 34.88 48.03 7650
conv3 253 4.33 13.32 5.30 10.24 17.00 207 0.96 2.39 16.49 33.20 45.18 11898
conv3 254 20.14 4.56 16.92 34.17 48.49 11665 -17.95 -5.44 10.45 24.57 35.78 8198
conv3 255 12.00 14.86 16.49 32.71 40.97 77 -1.49 -8.15 16.15 35.44 51.26 9140
conv3 256 3.87 4.74 12.52 35.04 49.49 2530 0.21 -7.95 13.70 30.11 43.79 5138
conv3 257 5.59 -3.54 10.43 28.97 45.13 177 0.45 -0.66 17.63 39.22 54.24 20458
conv3 258 3.03 9.02 7.78 19.59 37.28 357 -5.75 -0.65 13.25 32.07 47.46 9946
conv3 259 2.86 -2.69 5.19 12.28 20.66 264 -2.23 1.00 16.60 36.65 51.46 15787
conv3 260 0.41 15.17 9.61 27.22 46.51 1256 -2.97 0.86 16.40 36.39 50.22 10751
conv3 261 7.07 -4.66 15.84 32.93 49.84 2346 8.68 13.47 14.07 29.64 42.90 5759
conv3 262 -3.34 -14.31 11.26 21.06 36.27 351 -4.62 5.25 16.78 35.24 49.80 11098
conv3 263 -2.94 -21.34 25.09 37.91 47.88 167 -5.87 7.69 14.97 32.50 48.21 8744
conv3 264 0.24 -4.13 11.97 27.06 39.07 3263 -3.59 0.40 13.98 37.49 53.95 9051
conv3 265 -0.07 1.05 26.67 41.96 55.64 6538 1.17 -1.75 12.42 25.65 36.82 10306
conv3 266 -0.16 -0.50 3.33 8.03 11.77 51 -1.28 -1.19 16.20 37.58 54.95 31156
conv3 267 2.55 3.87 17.15 37.43 51.19 3763 13.29 1.40 11.64 27.07 41.44 5473
conv3 268 -14.55 16.69 13.52 25.58 35.64 981 8.89 -2.84 12.93 28.95 41.69 6899
conv3 269 -2.57 1.19 19.72 40.58 55.83 9518 3.77 -2.16 12.29 30.98 47.32 4376
conv3 270 -0.54 -3.46 10.09 30.00 43.32 760 7.38 3.83 15.11 32.80 45.01 9308
conv3 271 -5.49 4.15 17.18 33.24 49.27 489 3.82 -5.11 14.98 34.71 52.70 6963
conv3 272 -1.68 -17.96 14.28 31.17 47.14 4222 4.87 5.66 12.22 27.79 40.01 7479
conv3 273 6.63 3.51 15.38 35.72 58.36 1523 -1.33 2.02 14.48 29.28 41.83 8049
conv3 274 -37.83 -16.28 8.79 12.08 14.78 4 -2.32 -0.97 13.74 32.49 46.82 14187
conv3 275 -2.14 2.36 29.86 43.08 52.06 742 3.61 3.53 15.12 35.19 51.69 8333
conv3 276 -4.75 -33.70 10.06 28.66 47.34 5284 -7.69 10.22 14.77 31.74 45.51 11539
conv3 277 -2.67 0.25 19.85 38.60 54.15 7219 13.32 4.14 10.47 24.83 37.38 4947
conv3 278 0.30 -7.33 16.61 37.39 51.54 1894 -0.13 -0.66 15.39 32.87 44.67 6934
conv3 279 -0.53 -16.54 13.64 33.98 50.66 255 2.12 -10.51 15.94 32.70 46.42 5981
conv3 280 1.51 -9.54 15.26 38.09 53.05 1517 -0.15 -3.24 12.64 27.09 42.02 5159
conv3 281 -0.68 -6.96 12.94 35.12 48.31 893 -1.41 -1.20 13.03 30.66 47.38 7099
conv3 282 -3.04 -3.49 23.98 42.89 56.44 14747 -1.12 1.13 12.92 29.41 42.26 9811
conv3 283 4.50 -1.54 19.43 40.61 53.93 4776 2.88 6.09 12.62 29.71 44.84 6148
conv3 284 0.14 -3.86 20.99 40.75 56.13 10723 3.48 4.36 15.47 33.90 49.02 5243
conv3 285 -8.43 -2.86 14.08 35.08 50.89 1269 4.06 2.43 16.04 35.71 51.81 10571
conv3 286 11.22 5.51 21.59 35.58 52.63 6002 -8.46 -6.93 14.47 30.79 43.66 6053
conv3 287 -5.31 -1.82 20.95 39.46 53.69 7155 5.95 4.65 12.23 28.84 46.36 3337
conv3 288 -50.50 -50.50 -1.00 -1.00 -1.00 0 -2.92 -0.67 13.46 30.74 44.30 14194
conv3 289 -3.46 9.40 14.45 36.33 55.41 1829 -0.34 -2.71 12.74 30.15 42.84 10437
conv3 290 21.85 1.28 10.00 29.49 46.45 465 1.57 -2.98 14.20 32.89 47.88 9520
conv3 291 27.64 0.52 9.35 23.48 37.08 1265 -12.80 1.33 14.83 31.96 47.14 9410
conv3 292 14.98 1.67 16.76 32.07 48.72 4995 -3.28 0.25 14.98 33.68 48.43 9467
conv3 293 -0.79 -4.32 7.39 21.36 43.09 53 -1.52 0.42 19.10 39.77 55.38 26595
conv3 294 -3.81 -1.19 18.22 35.96 49.30 1317 9.12 -0.32 15.21 31.54 45.64 10308
conv3 295 -0.31 -0.14 25.84 43.82 56.96 15285 -4.14 -0.29 9.72 25.10 37.57 5353
conv3 296 -13.21 -0.45 18.55 36.37 50.02 618 -0.06 -1.08 14.14 31.66 43.45 8113
conv3 297 1.78 -2.05 9.79 33.30 45.89 448 6.16 -6.90 13.22 30.34 45.55 6001
conv3 298 -2.05 -2.60 38.15 46.98 57.67 5048 1.42 -3.62 11.12 25.55 39.36 9003
conv3 299 17.74 -7.25 12.04 29.48 57.24 1156 -7.04 0.54 12.62 28.89 42.56 8575
conv3 300 -5.02 0.25 20.01 37.77 49.64 1318 1.66 -6.32 14.76 32.14 48.80 5971
conv3 301 9.62 0.20 13.31 30.45 44.88 6424 -0.77 -1.23 17.11 42.07 55.95 7752
conv3 302 -0.16 0.98 12.15 34.75 48.46 2333 -6.17 2.01 14.28 32.06 50.28 5087
conv3 303 -16.49 2.60 9.50 25.16 39.90 329 5.07 1.23 14.91 32.43 48.51 8103
conv3 304 0.03 1.61 16.92 36.66 49.94 4230 7.12 -4.61 12.34 27.99 42.45 4782
conv3 305 8.02 5.19 10.60 27.53 43.91 329 -0.25 0.26 14.94 35.62 53.60 2565
conv3 306 -0.63 1.39 24.85 40.29 52.72 6651 -0.34 -11.65 11.72 27.43 40.04 4789
conv3 307 -1.87 -0.13 12.11 28.66 45.46 4232 -1.72 -8.31 9.85 25.28 44.15 2624
conv3 308 -1.41 -6.54 23.04 41.13 54.79 9296 -0.09 6.24 12.10 26.19 38.50 6973
conv3 309 9.32 -30.59 10.57 25.87 40.05 5065 -1.94 6.26 14.83 32.52 46.81 12304
conv3 310 -3.63 24.31 9.93 26.03 44.96 2396 -2.60 -7.77 10.93 25.01 38.28 6535
conv3 311 -1.43 -8.78 10.27 23.99 36.46 281 -3.02 -11.30 13.28 30.63 42.69 4412
conv3 312 -0.80 -19.25 7.93 19.79 31.83 3056 2.59 8.68 12.98 33.32 50.35 8719
conv3 313 -9.15 9.59 8.65 20.96 42.12 438 -0.49 -0.51 18.37 40.81 56.06 29465
conv3 314 -0.50 -0.50 3.16 9.90 17.26 3 -1.89 1.22 16.92 37.35 51.76 18366
conv3 315 -9.04 0.75 13.73 31.25 47.16 179 -0.19 -4.47 14.46 31.07 44.51 12231
conv3 316 0.94 21.39 5.52 12.21 17.99 1486 -0.59 -6.27 13.04 32.43 47.33 12990
conv3 317 -6.31 -3.93 14.48 38.27 57.52 6536 0.95 -7.19 16.08 35.19 52.11 6288
conv3 318 0.84 -0.63 9.73 22.60 35.60 38 3.62 1.05 13.07 30.01 44.55 10462
conv3 319 -6.09 6.93 10.62 33.11 49.02 1022 2.70 -2.26 11.60 25.26 36.26 6558
conv3 320 4.61 -3.99 28.33 39.28 55.78 814 -7.30 -6.28 13.46 31.96 48.79 8671
conv3 321 4.29 2.85 20.98 41.30 54.15 410 -4.32 -2.28 12.00 28.27 41.54 7063
conv3 322 3.36 12.51 13.80 31.12 44.24 2709 -3.10 -1.31 12.99 32.13 46.06 5691
conv3 323 -7.36 29.62 5.18 14.39 25.37 12 3.16 -2.69 15.66 35.76 50.21 14411
conv3 324 -0.91 13.59 9.73 24.13 37.35 272 -0.62 -6.02 13.41 29.22 43.45 4010
conv3 325 9.00 0.84 22.45 37.77 50.80 2175 1.54 -6.81 11.81 26.62 45.49 5373
conv3 326 1.57 3.05 9.61 37.94 48.55 774 3.60 -2.18 14.23 31.07 45.02 9749
conv3 327 -15.43 13.60 12.47 29.02 44.29 5916 3.05 -10.19 13.50 31.72 44.83 11939
conv3 328 0.71 -10.34 20.90 35.66 47.33 870 3.36 4.28 15.22 32.73 51.38 9582
conv3 329 -50.50 -50.50 -1.00 -1.00 -1.00 0 -0.14 1.06 17.54 37.46 51.76 23376
conv3 330 5.03 -26.30 12.06 28.60 43.02 3019 0.27 9.58 15.93 32.60 45.86 13747
conv3 331 2.38 -19.27 5.82 11.88 19.16 574 -4.35 -3.09 14.44 32.35 46.54 13213
conv3 332 -4.21 20.79 13.40 29.32 44.08 5532 5.22 -3.97 15.21 36.65 50.15 7933
conv3 333 -13.87 1.08 17.14 33.30 48.65 8465 13.90 1.09 12.12 27.64 41.95 8090
conv3 334 -3.49 -2.79 8.04 27.17 53.04 401 -8.31 5.57 13.49 30.77 45.12 7546
conv3 335 -2.00 -5.09 27.38 42.23 56.98 547 4.71 -0.61 14.93 32.12 46.54 9052
conv3 336 -1.59 -8.71 13.37 32.71 47.73 1075 -0.86 1.40 17.09 38.50 54.88 20236
conv3 337 -3.45 24.22 12.65 29.92 45.06 6745 -6.77 -11.63 10.98 27.12 40.66 8728
conv3 338 0.14 0.73 27.77 43.83 57.52 17224 0.42 -1.59 11.11 25.90 38.10 5872
conv3 339 -27.73 0.23 7.30 15.27 24.37 2383 7.17 2.86 10.88 26.54 39.92 6985
conv3 340 9.92 -4.94 5.70 14.92 25.78 194 0.01 -0.38 18.63 40.45 56.19 31969
conv3 341 -50.50 -50.50 -1.00 -1.00 -1.00 0 -2.23 -0.54 15.80 37.00 52.22 17615
conv3 342 12.72 22.24 11.24 22.66 39.51 29 0.41 -2.68 17.39 37.12 52.21 19145
conv3 343 4.32 0.63 16.02 33.64 50.27 686 -2.14 1.91 15.75 36.32 51.36 15341
conv3 344 0.78 -5.30 13.79 30.84 44.80 5208 -9.28 0.21 14.84 32.48 48.60 2497
conv3 345 3.22 -3.32 15.83 37.43 49.25 1525 -1.84 0.62 15.94 37.84 54.55 20540
conv3 346 -6.30 -1.46 8.47 18.08 31.58 42 0.19 -3.96 15.35 35.36 51.39 13293
conv3 347 4.90 -14.92 15.93 31.60 42.55 674 -0.67 7.28 14.34 32.44 45.34 13228
conv3 348 -14.14 8.71 19.45 34.03 48.18 8590 12.11 -4.85 13.09 28.73 39.89 7845
conv3 349 -31.64 2.78 9.26 21.94 37.07 5272 13.21 1.79 13.55 30.46 44.54 12822
conv3 350 8.56 -1.96 10.50 25.36 38.92 169 -0.59 5.71 14.30 32.84 49.80 5171
conv3 351 -3.72 -1.60 23.04 39.21 55.21 810 -0.21 -0.48 15.37 33.78 53.10 4901
conv3 352 7.63 -8.65 12.04 28.81 43.00 1395 -0.04 0.33 18.63 40.61 56.06 23680
conv3 353 -1.71 5.76 22.31 38.78 53.58 5040 -2.21 0.15 12.09 30.70 44.21 7255
conv3 354 -5.19 0.97 20.45 38.79 52.58 7243 -5.17 6.42 13.73 30.32 48.70 6136
conv3 355 8.78 8.80 8.55 17.28 24.59 8 0.60 -1.15 18.01 39.60 55.63 33186
conv3 356 1.27 -2.23 25.87 38.10 49.12 3503 3.35 7.18 12.87 29.49 44.15 5559
conv3 357 -0.85 4.54 19.78 38.01 53.56 722 2.52 6.22 12.38 29.86 47.71 5545
conv3 358 -19.07 -0.48 2.44 9.61 16.96 4 0.01 1.41 17.04 37.90 54.75 29677
conv3 359 8.15 23.88 9.75 29.18 42.28 66 1.84 1.23 14.71 32.39 44.81 10978
conv3 360 7.83 9.36 11.65 25.33 38.55 2477 -2.66 -0.31 18.55 35.23 49.48 10151
conv3 361 2.05 -5.18 13.67 33.50 44.93 1303 -3.24 -0.37 10.38 25.74 38.61 3405
conv3 362 -0.53 -4.78 21.69 38.62 51.70 1007 2.26 0.92 16.14 35.54 50.56 8038
conv3 363 2.59 23.05 11.18 25.61 43.15 3221 0.89 -12.53 14.61 33.44 48.65 8367
conv3 364 3.76 -10.23 22.96 38.83 52.60 11145 3.83 3.65 6.92 16.76 24.75 3326
conv3 365 12.32 -11.36 8.87 17.83 26.78 12 0.42 -1.24 18.36 39.76 55.59 32316
conv3 366 -6.53 -16.39 6.69 15.52 26.96 545 -2.02 4.24 14.77 33.30 46.90 9461
conv3 367 3.98 7.28 28.33 43.05 56.58 8539 -4.49 -4.53 9.09 21.27 31.41 7007
conv3 368 -2.68 -7.91 7.93 20.27 38.01 73 0.41 1.72 11.38 25.97 37.24 7964
conv3 369 5.33 5.86 11.45 24.47 37.55 2072 -0.21 -2.26 17.08 39.83 55.18 15864
conv3 370 -28.36 -27.65 7.24 19.13 36.81 71 -2.20 0.03 18.05 38.04 52.48 20124
conv3 371 5.13 23.00 12.00 26.86 41.45 2550 -1.56 -8.93 13.56 30.28 43.93 11579
conv3 372 4.38 -15.64 16.93 32.67 47.69 4669 -8.37 10.84 11.95 29.18 40.46 6379
conv3 373 -16.66 -16.66 23.81 34.62 53.20 72 -2.80 -6.24 13.80 30.99 44.90 11808
conv3 374 24.15 13.54 11.59 26.10 48.23 472 -1.10 -4.97 13.60 31.32 46.25 8314
conv3 375 15.68 -5.36 15.13 33.83 52.78 5609 -14.66 14.27 12.56 27.27 38.61 11408
conv3 376 9.94 22.09 15.35 24.03 56.61 76 -5.32 -8.58 14.57 33.33 48.10 12484
conv3 377 5.20 -26.27 11.25 21.19 41.53 54 0.87 -1.96 16.85 36.46 51.80 15431
conv3 378 7.61 0.46 12.20 31.78 44.82 1580 -1.87 0.57 11.53 25.30 40.54 4521
conv3 379 0.08 -0.55 9.18 28.72 43.98 34 -1.75 -1.53 14.58 33.73 47.42 11781
conv3 380 0.26 9.80 12.39 29.33 44.45 1384 1.11 -4.32 14.95 38.60 55.50 25512
conv3 381 -0.67 0.64 9.79 23.71 36.45 828 -2.23 -1.55 17.46 37.53 52.77 19331
conv3 382 1.28 0.67 24.99 40.57 54.47 10441 -0.76 12.12 13.50 29.66 44.35 4168
conv3 383 0.15 -2.60 6.07 17.43 41.25 1033 -1.30 -3.91 17.57 33.44 48.07 7985
conv4 0 4.01 0.36 24.53 48.41 68.60 1756 -6.39 -0.87 21.21 50.20 71.86 8456
conv4 1 6.96 15.43 7.53 19.40 31.83 375 -2.86 -0.65 24.39 50.99 70.78 32568
conv4 2 -4.62 39.99 11.69 28.13 45.96 8 1.58 -1.67 19.27 48.70 70.84 20993
conv4 3 -11.04 1.88 21.17 45.51 67.30 1526 -3.15 0.99 17.54 38.75 54.46 6199
conv4 4 6.21 -8.21 9.59 21.60 37.44 195 -0.90 2.11 22.06 51.53 72.41 24795
conv4 5 -17.86 4.77 19.04 45.16 65.93 2504 2.42 -1.59 20.14 48.54 67.95 8619
conv4 6 14.88 12.10 10.71 30.81 50.96 1126 -2.20 -3.35 23.44 48.58 67.87 13539
conv4 7 6.56 8.99 10.59 30.58 58.54 276 -1.52 4.19 22.99 50.69 73.08 17064
conv4 8 9.62 -3.48 25.60 55.10 67.31 3129 -14.53 -1.80 15.76 38.98 54.45 8467
conv4 9 7.04 -2.68 17.88 39.52 56.82 8345 -13.25 10.60 13.12 29.74 52.48 568
conv4 10 4.87 7.83 5.38 13.53 22.35 260 0.66 1.51 22.79 51.31 72.36 32426
conv4 11 10.50 -11.44 6.00 13.62 22.58 84 3.35 -0.78 26.23 52.14 71.89 32747
conv4 12 -6.46 -15.43 17.28 40.29 61.36 1770 -2.10 1.90 21.32 46.71 72.01 17749
conv4 13 6.31 13.02 9.31 41.43 56.56 208 6.47 0.12 20.99 45.60 72.21 15744
conv4 14 -19.01 25.63 10.17 28.75 46.51 1402 -4.18 -1.07 22.85 53.57 74.03 27624
conv4 15 -0.37 -23.67 21.81 33.84 48.32 332 1.07 2.12 23.58 51.35 71.61 32514
conv4 16 -22.49 -0.15 14.72 35.61 63.39 1587 6.77 2.41 20.90 44.88 66.95 11829
conv4 17 -1.23 -13.16 5.62 15.11 25.97 73 0.83 0.81 22.79 52.59 72.21 33470
conv4 18 -8.60 15.80 21.78 44.41 62.68 2782 1.97 1.41 18.68 43.38 67.52 2287
conv4 19 2.77 15.32 13.27 30.05 46.56 888 -2.34 -1.64 21.16 46.84 64.68 10146
conv4 20 3.43 15.80 10.99 25.33 37.80 2922 -1.77 2.86 23.35 50.13 70.30 12276
conv4 21 3.46 8.40 20.05 47.48 65.43 588 -6.17 9.18 20.36 45.72 67.34 12867
conv4 22 4.69 -31.15 23.65 40.86 62.15 20 5.14 0.40 23.77 52.42 70.92 19390
conv4 23 -0.51 -12.80 2.11 6.44 11.33 1 0.23 -1.01 22.84 50.79 73.33 25398
conv4 24 10.14 -27.21 14.29 26.63 42.79 656 4.80 -1.71 22.22 48.81 67.41 9934
conv4 25 -6.68 -17.77 12.49 31.71 53.44 278 0.59 3.47 24.28 50.98 73.04 31770
conv4 26 -66.50 -66.50 -1.00 -1.00 -1.00 0 -0.82 -1.70 23.42 51.46 72.25 27992
conv4 27 19.17 -8.29 15.25 32.13 45.75 137 -1.10 2.86 24.99 51.94 72.14 27019
conv4 28 -7.29 -3.64 21.22 38.90 53.25 301 7.23 7.54 19.54 43.22 67.16 6714
conv4 29 -10.92 -17.28 16.52 36.72 54.39 460 2.80 5.42 24.27 50.58 71.79 14352
conv4 30 -16.45 -2.72 17.51 37.49 53.24 170 3.48 3.85 22.75 50.02 71.57 19652
conv4 31 -0.50 -0.50 2.00 4.12 6.32 1 -0.02 -0.67 24.75 53.18 71.93 33947
conv4 32 3.19 -3.60 6.68 15.56 27.61 152 -0.67 1.78 22.79 53.37 73.73 25384
conv4 33 -4.76 -8.84 11.67 34.71 57.01 201 1.69 8.59 22.59 47.03 65.21 13653
conv4 34 -19.58 -5.78 22.77 38.31 58.18 180 2.08 2.79 17.84 46.04 67.52 13294
conv4 35 -7.73 -11.37 12.48 30.18 52.16 427 0.08 -2.33 24.64 51.83 72.98 22827
conv4 36 2.07 -15.37 28.60 45.92 61.62 47 1.87 -2.14 24.77 54.09 74.33 30922
conv4 37 4.51 -1.40 13.25 28.35 40.67 2396 -1.44 -1.67 25.78 52.18 72.32 27879
conv4 38 -3.19 -6.36 15.72 37.89 58.38 80 -1.81 0.76 26.00 54.22 72.86 33414
conv4 39 0.55 4.47 9.20 22.18 42.58 275 -1.80 3.28 22.28 52.11 72.65 29314
conv4 40 -9.76 -16.18 14.84 44.21 68.37 862 -0.39 -4.90 18.59 40.82 56.51 8782
conv4 41 0.03 12.67 13.74 27.84 44.35 1662 -0.41 -1.42 21.38 52.09 73.00 20547
conv4 42 1.25 3.90 22.25 43.77 60.92 692 -1.11 1.70 21.43 51.35 71.84 17168
conv4 43 0.45 -6.51 16.33 37.67 57.24 877 -2.89 -0.71 24.43 52.40 72.03 26737
conv4 44 5.52 10.54 17.73 53.21 69.46 128 -1.28 1.21 20.76 46.05 64.77 12349
conv4 45 4.99 3.79 15.55 28.82 48.35 41 -0.12 -5.31 18.39 41.45 58.98 8988
conv4 46 -7.81 5.39 18.67 49.52 69.92 820 4.95 -1.91 18.93 40.99 57.29 9363
conv4 47 -0.71 -3.25 18.87 48.94 66.16 4907 -4.68 1.29 14.84 33.36 55.63 4639
conv4 48 -4.89 -1.78 25.33 53.37 69.66 4786 -1.29 12.21 21.11 42.94 62.51 5602
conv4 49 14.27 4.52 5.86 12.97 18.76 392 -0.49 1.32 25.80 52.57 72.82 31691
conv4 50 -0.90 0.07 20.46 49.57 70.20 15340 -2.75 7.31 14.21 34.29 53.19 3809
conv4 51 -0.50 19.05 7.02 16.19 27.22 10 3.09 -1.81 23.94 49.66 70.79 24301
conv4 52 -5.11 -4.18 28.68 54.35 72.75 12366 6.31 -15.61 14.54 32.89 47.75 5348
conv4 53 0.20 -27.70 19.49 34.09 49.64 423 2.13 -2.40 20.96 48.72 66.49 14066
conv4 54 19.00 5.70 19.81 42.30 75.16 144 -3.41 -4.20 18.47 37.38 53.75 6264
conv4 55 11.28 6.05 20.89 45.34 65.59 1364 -6.37 -0.70 20.21 45.49 63.28 10602
conv4 56 -66.50 -66.50 -1.00 -1.00 -1.00 0 0.12 -2.39 20.86 44.57 63.27 16757
conv4 57 -6.18 3.80 21.22 49.02 67.73 2215 -5.46 0.03 20.72 46.55 72.68 12355
conv4 58 -9.91 -1.93 44.08 58.93 74.17 3082 -1.97 -4.28 19.19 41.27 59.19 7958
conv4 59 3.54 -12.94 41.84 57.57 70.47 1473 1.51 -9.33 17.17 40.14 56.70 7304
conv4 60 -7.96 3.17 12.03 34.97 54.95 117 1.42 3.33 22.19 47.97 72.21 17696
conv4 61 -12.24 -14.70 18.58 41.65 57.67 1763 5.40 -0.31 14.35 36.09 55.71 5260
conv4 62 25.69 -21.11 22.82 39.30 82.05 99 3.51 -0.88 19.28 43.36 60.32 10668
conv4 63 1.94 10.85 12.45 40.79 58.07 132 3.44 -2.43 21.64 45.23 63.98 10553
conv4 64 4.86 10.71 12.29 34.22 52.98 389 -3.97 -4.37 23.76 52.48 72.47 30029
conv4 65 -4.53 -12.28 30.40 53.52 70.89 952 0.48 7.32 15.67 35.31 50.82 8563
conv4 66 -10.77 13.61 15.73 37.99 53.02 3484 0.98 -12.95 19.26 46.82 66.63 7558
conv4 67 -6.52 0.04 21.55 53.14 73.91 6278 0.33 6.88 17.62 40.67 58.86 6096
conv4 68 -8.71 9.69 2.92 8.58 13.24 81 1.83 -1.24 23.27 50.90 71.52 22866
conv4 69 -10.26 6.22 23.36 46.35 67.06 1294 1.37 5.59 17.38 42.81 60.58 5174
conv4 70 26.28 16.11 22.23 45.55 74.61 846 -11.24 0.58 20.26 45.23 65.96 10138
conv4 71 -4.82 -4.88 20.71 50.45 70.35 12558 0.59 3.27 14.63 37.12 58.82 5395
conv4 72 -8.28 -5.69 8.22 20.44 36.10 44 0.45 3.00 23.30 51.45 70.78 23648
conv4 73 -5.19 -11.54 35.32 51.68 69.41 1418 -2.21 2.96 17.18 36.74 54.29 10856
conv4 74 -0.50 10.83 9.18 17.39 27.40 17 2.20 -1.85 25.32 51.44 70.99 33411
conv4 75 11.35 -4.57 46.07 61.77 76.17 508 1.62 -2.56 17.86 39.50 55.94 11276
conv4 76 -3.87 12.23 6.02 14.92 28.77 205 3.20 -2.30 17.74 42.93 64.09 10733
conv4 77 -6.34 -7.46 21.30 51.99 69.95 2014 0.91 -0.75 14.45 36.25 54.52 5164
conv4 78 -24.91 16.56 15.21 29.61 56.17 216 0.26 -3.51 23.84 51.50 69.48 10459
conv4 79 3.50 14.48 10.00 24.31 37.02 2190 5.68 -6.53 20.42 46.15 66.13 5322
conv4 80 -6.59 -0.51 5.18 8.91 13.81 55 -0.59 -0.78 19.21 43.65 59.69 12526
conv4 81 -4.74 1.69 20.76 51.61 69.27 15168 18.10 8.76 18.07 41.69 61.40 3865
conv4 82 -16.50 0.41 6.67 20.70 32.15 112 -1.28 2.31 23.10 52.90 74.26 33127
conv4 83 -5.33 4.93 15.34 34.53 49.84 345 -1.46 4.50 22.60 51.58 71.56 20826
conv4 84 -9.76 -1.34 15.74 41.18 61.91 1863 5.66 3.67 20.48 44.06 61.96 8224
conv4 85 1.22 5.53 31.05 50.55 66.21 194 3.10 6.11 18.95 42.63 63.21 11249
conv4 86 -2.14 -0.15 10.70 29.50 53.06 19 -2.45 0.23 23.22 51.16 72.13 24137
conv4 87 5.44 4.06 14.02 34.94 58.12 115 2.04 -3.79 21.11 45.82 65.41 14606
conv4 88 -0.50 -0.50 4.12 13.00 22.80 88 -0.85 -1.89 23.49 51.56 72.91 33025
conv4 89 -9.83 22.98 14.41 34.82 58.57 449 -0.36 -1.51 25.08 48.70 69.35 14366
conv4 90 -0.08 -4.59 7.06 22.35 43.22 525 -4.97 1.52 23.34 47.82 65.94 12839
conv4 91 -2.17 3.40 17.49 44.03 62.40 3600 5.14 -0.37 15.14 34.33 53.24 2394
conv4 92 -12.13 3.76 13.65 30.98 51.59 583 1.69 1.07 23.03 45.73 63.56 11158
conv4 93 14.56 -1.25 18.84 38.16 66.27 30 0.78 1.80 22.73 50.83 70.86 24084
conv4 94 -1.79 -6.67 18.32 47.93 66.87 5790 4.80 9.70 17.00 37.05 57.87 6018
conv4 95 -66.50 -66.50 -1.00 -1.00 -1.00 0 -0.36 0.21 25.08 53.21 73.89 33893
conv4 96 -0.07 10.26 27.47 50.76 71.47 9509 -2.68 -7.61 16.64 37.22 56.20 7051
conv4 97 -19.68 -11.58 17.12 39.08 58.44 1481 -4.78 -1.87 22.45 49.92 68.57 9413
conv4 98 -2.38 -6.44 15.59 37.53 59.10 3074 -2.99 -4.13 26.23 47.94 67.10 4784
conv4 99 -7.03 28.31 10.16 26.50 50.97 32 0.30 1.50 24.21 51.88 72.03 22915
conv4 100 -0.50 -0.50 8.06 25.50 44.94 65 2.15 -0.56 24.44 51.86 72.82 33444
conv4 101 1.79 1.03 4.74 12.53 18.74 230 0.77 1.03 24.31 49.19 71.26 33279
conv4 102 -8.59 -1.78 21.18 39.69 58.13 6084 -8.44 -8.76 15.67 45.18 62.81 2140
conv4 103 -3.04 -0.96 24.60 47.58 64.30 8240 0.47 -2.09 14.22 36.54 60.46 3121
conv4 104 -4.47 -6.84 17.80 40.08 57.06 3454 1.87 -5.85 22.11 51.94 72.91 13273
conv4 105 1.96 -2.96 3.54 7.02 11.33 76 0.88 0.32 23.20 52.11 73.18 33400
conv4 106 3.14 11.37 16.41 32.74 46.20 2178 -1.52 -3.71 22.15 51.27 67.40 5723
conv4 107 17.90 29.83 9.35 25.90 41.31 164 -2.23 2.73 21.80 52.10 73.22 32484
conv4 108 -3.60 -10.71 16.99 51.51 70.41 2402 14.57 -2.99 20.97 46.10 66.23 7473
conv4 109 -6.13 2.00 15.02 42.45 57.17 907 -6.56 2.29 17.94 40.21 58.15 5051
conv4 110 -5.29 -34.68 10.30 23.11 34.22 121 1.32 2.10 19.13 48.07 69.72 29144
conv4 111 -0.50 -0.50 3.16 7.28 11.70 4 -2.26 -1.22 23.76 51.89 72.90 23280
conv4 112 35.32 -0.64 8.27 20.97 35.84 205 1.00 1.27 19.29 45.48 62.86 10543
conv4 113 4.20 5.11 37.41 56.50 74.67 7541 -6.57 -2.26 14.80 33.17 48.40 5653
conv4 114 -35.17 15.98 16.86 30.95 65.25 279 6.60 5.74 19.44 42.78 65.45 12105
conv4 115 -0.50 -0.50 4.12 13.00 22.80 51 -1.36 1.16 22.84 51.30 71.21 33492
conv4 116 27.78 22.90 29.03 39.57 79.04 286 -2.59 -4.55 20.52 43.84 60.01 13448
conv4 117 3.92 3.31 22.79 47.82 63.16 1035 -8.18 -18.73 18.85 43.12 61.94 5241
conv4 118 -0.50 -0.50 6.32 14.56 23.60 19 0.27 -3.26 25.53 51.87 72.17 33799
conv4 119 -1.52 -1.40 21.17 51.35 69.54 8666 0.41 8.24 14.59 34.57 58.81 5602
conv4 120 4.29 -5.49 13.94 47.77 63.82 112 2.34 0.19 20.33 44.94 63.42 11658
conv4 121 -6.04 4.41 5.30 19.39 26.57 47 0.36 -0.23 23.59 51.01 71.04 33430
conv4 122 1.08 11.88 13.14 29.13 42.87 2665 -1.72 -3.91 23.71 51.17 72.39 22510
conv4 123 1.90 4.80 14.92 32.43 47.86 3126 -4.87 -3.10 21.42 50.31 70.07 4879
conv4 124 -8.79 6.17 8.16 21.33 31.47 311 2.93 -4.43 20.18 47.61 67.28 16916
conv4 125 -1.87 1.90 24.63 54.26 73.50 23275 1.00 -2.17 15.93 37.73 58.13 2223
conv4 126 -26.05 25.75 23.83 31.78 38.71 27 -0.95 -4.63 22.45 47.71 65.46 15147
conv4 127 -3.54 -10.93 9.11 27.65 37.23 168 -3.22 -2.93 20.80 46.50 64.77 12403
conv4 128 3.48 6.46 5.42 12.15 21.28 159 -0.15 -5.15 23.28 51.68 73.90 24743
conv4 129 0.29 7.76 17.08 38.24 54.32 2523 -10.42 3.89 20.40 45.32 66.84 6989
conv4 130 -0.47 -9.60 11.76 29.51 47.96 136 0.65 2.58 23.44 52.47 71.69 19414
conv4 131 -1.67 -5.14 28.36 53.15 71.36 5741 -10.70 5.52 14.86 36.60 54.43 4684
conv4 132 25.61 17.51 26.17 41.54 64.82 827 -4.12 -7.26 18.46 41.99 57.81 10197
conv4 133 -0.50 -0.50 6.32 14.32 23.19 15 0.68 1.51 24.22 50.26 70.88 32687
conv4 134 -11.34 -26.89 12.94 31.67 54.10 495 0.70 4.69 17.21 41.47 58.81 9258
conv4 135 5.66 -0.37 2.16 5.76 9.95 72 -2.05 -0.17 23.12 51.89 73.00 33237
conv4 136 3.55 -5.87 16.76 37.37 53.11 1499 -6.91 -4.82 16.81 36.55 53.13 1905
conv4 137 -4.78 9.10 12.65 29.19 45.60 1096 1.71 -0.63 28.28 53.44 72.68 29285
conv4 138 -11.80 3.88 17.50 49.20 65.28 411 -11.60 1.29 18.35 40.49 58.50 6988
conv4 139 -0.32 2.59 27.70 55.13 72.38 15056 -2.67 -0.24 13.57 28.83 42.64 3682
conv4 140 -0.27 -7.34 9.84 23.25 36.62 1514 -1.16 -1.58 22.91 52.44 72.58 24619
conv4 141 -25.00 -0.50 6.26 14.53 23.69 16 2.13 -1.03 22.42 50.27 71.44 31658
conv4 142 -4.28 15.16 13.22 33.20 51.03 267 0.60 4.23 26.20 52.38 73.71 23305
conv4 143 -2.02 1.56 4.66 13.03 18.64 452 1.01 -0.58 25.25 51.78 73.20 29096
conv4 144 -6.98 -6.64 18.86 49.01 67.97 639 -5.38 -6.10 18.18 39.23 58.30 8653
conv4 145 -6.64 3.52 35.59 50.13 67.93 864 5.94 -1.74 17.58 38.19 53.33 7455
conv4 146 3.18 0.37 23.60 49.77 64.28 1037 -1.87 1.02 17.69 41.31 59.37 10237
conv4 147 0.05 4.27 6.78 15.46 39.81 1014 -0.48 -9.53 22.53 49.06 67.85 8248
conv4 148 -0.50 -0.50 4.12 12.81 22.80 25 -2.17 1.46 23.00 52.52 72.63 28143
conv4 149 0.80 5.24 8.90 22.34 38.98 569 -1.43 -0.54 21.18 52.27 73.85 28021
conv4 150 25.32 2.88 22.66 38.01 57.52 144 2.35 -9.31 18.11 40.22 64.64 9076
conv4 151 4.89 -6.63 11.59 33.07 66.87 1774 1.03 2.03 24.52 49.02 64.55 11379
conv4 152 -0.33 5.06 4.19 10.44 15.93 226 -2.49 -1.24 24.28 51.48 72.62 30072
conv4 153 0.51 -8.40 21.87 53.11 75.94 1358 7.16 -2.04 19.44 40.60 56.45 11583
conv4 154 2.95 -22.40 10.44 23.48 35.70 928 3.10 -7.54 20.35 47.98 66.86 9219
conv4 155 -6.16 -7.30 14.84 33.84 53.28 1841 0.82 1.22 22.03 50.94 71.90 23390
conv4 156 -12.17 -17.87 17.34 38.64 60.97 510 1.43 3.23 17.28 43.01 63.08 4704
conv4 157 -13.11 3.35 17.97 54.32 67.75 656 3.11 -0.44 19.03 41.36 58.11 11576
conv4 158 -5.86 17.73 18.02 42.73 61.98 2453 2.61 -4.91 20.53 43.74 59.46 5826
conv4 159 -24.77 -1.40 18.50 37.80 55.07 564 1.98 7.38 22.34 48.69 67.14 12202
conv4 160 4.23 -1.35 30.50 56.86 73.84 6425 8.46 6.13 20.74 45.29 64.23 6770
conv4 161 -5.31 15.74 19.03 40.13 56.34 1130 2.71 -9.92 21.21 47.98 73.14 20044
conv4 162 -3.63 -8.34 19.05 36.97 53.31 2672 0.01 6.03 18.75 45.36 62.69 3918
conv4 163 -1.10 6.95 23.27 51.74 72.73 12086 -0.39 -11.49 16.59 33.79 54.23 2908
conv4 164 -11.02 -14.85 11.07 28.58 47.54 126 3.48 3.08 20.03 45.52 64.41 11177
conv4 165 -22.92 1.57 12.58 27.14 39.85 72 0.39 -2.53 24.28 53.46 74.02 29158
conv4 166 1.84 -0.07 29.13 52.65 66.31 1254 -6.28 2.07 18.99 42.03 60.46 8931
conv4 167 -0.97 -29.84 17.21 39.70 61.80 299 0.45 -1.88 22.71 50.95 72.03 25779
conv4 168 4.91 1.46 22.71 48.47 65.61 236 2.65 -5.02 18.86 42.21 60.66 8448
conv4 169 3.88 21.01 13.52 34.06 55.96 67 3.35 1.08 21.90 50.08 70.00 24748
conv4 170 -2.76 1.12 23.45 53.47 73.36 17145 9.07 -13.41 18.05 40.27 59.20 5557
conv4 171 -0.15 -6.53 14.50 35.65 51.90 126 -1.22 -1.63 22.35 49.87 71.54 28296
conv4 172 -2.75 16.99 13.71 28.75 43.24 1900 -0.35 -7.67 22.42 45.35 63.78 5167
conv4 173 -16.83 33.08 13.32 28.97 45.16 83 0.13 0.10 20.06 43.17 62.46 12045
conv4 174 -4.29 0.05 3.83 10.75 17.78 142 1.24 1.43 24.77 52.75 72.95 31828
conv4 175 -6.10 10.08 31.11 49.74 66.90 4033 8.36 -2.41 15.27 33.62 48.99 4473
conv4 176 -11.55 -20.49 18.05 33.27 55.99 142 10.84 -8.83 20.27 43.58 62.20 9392
conv4 177 0.22 -1.41 26.19 56.27 75.55 21665 -1.25 -14.51 18.30 40.94 59.80 4076
conv4 178 0.20 -16.69 21.32 55.16 68.75 341 -4.43 -4.15 17.93 37.77 56.06 8628
conv4 179 8.46 -0.50 4.27 12.24 26.21 51 0.35 -2.64 23.03 51.17 72.92 25271
conv4 180 -2.70 -2.76 17.40 42.95 66.06 1536 2.22 1.05 18.93 42.27 60.49 7751
conv4 181 -2.06 3.23 3.46 8.29 12.15 403 0.94 -0.14 27.47 53.92 73.84 28220
conv4 182 12.93 -18.55 13.91 29.52 48.30 457 -2.50 0.83 22.68 50.13 72.26 29425
conv4 183 -13.64 -8.02 13.53 32.60 47.11 1712 -0.06 -1.25 24.90 53.26 72.63 20714
conv4 184 -29.02 1.79 20.37 34.13 54.35 61 -5.56 7.16 20.57 44.84 62.00 14728
conv4 185 13.73 -12.88 10.41 22.63 48.02 72 1.04 0.01 25.03 53.75 72.86 25188
conv4 186 -10.48 6.11 5.41 12.01 36.52 334 -0.82 0.98 25.36 52.73 72.52 32550
conv4 187 -22.41 5.31 24.08 38.76 58.01 960 6.31 -6.99 18.92 39.76 57.23 10527
conv4 188 -5.63 15.49 12.14 28.52 42.01 1645 -1.47 -5.59 26.35 54.00 73.15 29741
conv4 189 -7.09 4.38 18.68 44.24 67.43 969 -1.53 -3.61 18.23 43.35 61.02 9530
conv4 190 -2.05 14.65 12.08 31.78 50.99 527 -1.78 1.85 21.55 50.54 70.00 20776
conv4 191 0.99 -1.57 22.56 47.81 66.80 3884 -0.49 6.42 14.33 34.55 51.89 3558
conv4 192 17.17 -1.43 11.98 32.50 47.79 78 -0.72 -3.40 22.23 50.30 72.28 27173
conv4 193 -0.50 8.17 3.89 9.30 13.21 96 1.81 0.54 25.39 52.50 72.73 33599
conv4 194 -0.50 4.36 6.97 16.10 24.47 66 -2.13 2.48 21.25 49.97 71.15 26708
conv4 195 2.11 4.51 10.23 37.14 49.44 110 1.33 2.07 22.46 48.61 69.05 17047
conv4 196 -0.50 -0.50 3.00 12.37 22.36 2 -1.58 0.36 23.32 49.31 69.32 29016
conv4 197 7.08 -3.51 26.10 50.90 67.28 1377 -8.13 10.14 17.73 44.51 65.36 7522
conv4 198 2.68 -28.24 5.57 10.02 14.74 4 1.01 1.37 23.52 50.93 70.98 29128
conv4 199 4.76 -35.88 8.42 19.46 37.95 9 2.71 3.24 21.97 47.03 67.92 16004
conv4 200 -13.85 6.47 18.69 29.66 43.75 73 1.29 3.02 22.49 49.21 65.28 12738
conv4 201 -8.76 16.71 32.61 54.11 75.77 10585 -2.85 -2.25 20.01 43.19 66.42 9224
conv4 202 -9.95 8.37 20.21 44.96 64.68 438 7.40 10.15 20.51 45.12 64.87 8458
conv4 203 -66.50 -66.50 -1.00 -1.00 -1.00 0 -0.18 1.06 22.21 49.03 70.40 32959
conv4 204 1.28 -3.00 36.95 59.97 76.89 22055 -11.06 -4.55 19.71 41.86 63.60 6464
conv4 205 -2.33 14.93 9.95 24.78 62.84 34 -2.07 2.35 24.42 52.27 72.52 31545
conv4 206 -17.52 -20.16 17.18 40.89 64.60 234 1.99 0.25 20.29 49.76 68.24 12825
conv4 207 18.91 -6.72 12.37 30.99 48.04 1038 0.04 2.93 16.28 40.73 57.42 4174
conv4 208 -66.50 -66.50 -1.00 -1.00 -1.00 0 -0.51 2.07 22.67 51.43 71.73 33901
conv4 209 -66.50 -66.50 -1.00 -1.00 -1.00 0 3.04 -2.64 22.60 48.69 66.73 17389
conv4 210 -7.15 9.90 12.92 27.73 41.60 1649 1.89 -0.06 17.23 40.18 57.33 4486
conv4 211 13.23 -1.90 21.66 47.60 69.27 3705 0.57 -6.72 18.53 43.75 60.73 7334
conv4 212 26.61 36.22 10.46 23.51 39.87 159 -2.59 -0.52 23.09 51.50 72.92 19155
conv4 213 -0.15 -9.76 21.72 43.38 66.42 2170 6.19 -3.29 18.44 45.62 61.05 5810
conv4 214 -2.45 19.56 12.03 33.08 61.11 153 0.65 7.14 21.93 44.91 65.81 14433
conv4 215 -5.22 -0.36 22.36 56.87 73.21 9764 1.06 12.75 20.30 42.50 60.03 5573
conv4 216 0.97 0.69 12.47 26.52 37.30 1483 -1.02 1.47 23.54 51.48 70.93 24712
conv4 217 4.07 18.88 16.83 43.39 65.39 78 13.07 7.79 17.71 40.91 56.86 8712
conv4 218 -5.86 -8.78 14.32 27.56 41.40 80 -7.65 10.74 16.90 38.24 63.22 4851
conv4 219 0.82 8.52 17.00 46.15 59.09 726 -5.74 -4.44 17.12 37.73 54.22 8185
conv4 220 -2.44 1.98 36.52 60.22 77.20 7377 -2.03 3.03 18.40 40.55 59.53 7102
conv4 221 -2.35 -8.22 5.29 12.27 17.00 902 2.06 1.55 26.68 53.46 72.12 32314
conv4 222 2.91 1.45 24.79 55.80 76.00 17660 3.82 -2.16 20.19 41.38 60.82 7791
conv4 223 -14.17 -6.63 8.42 22.83 36.47 74 0.35 2.19 21.97 50.35 70.61 29609
conv4 224 0.89 -2.57 15.15 50.71 67.86 1296 2.28 -6.03 19.22 40.15 64.71 6418
conv4 225 -4.79 -7.58 19.35 44.12 64.06 988 -0.15 2.88 19.84 43.18 64.68 7843
conv4 226 -5.56 6.51 7.78 19.16 35.88 664 -3.73 1.83 21.40 51.99 72.37 30753
conv4 227 -3.94 -10.97 25.68 48.95 67.37 7231 5.48 12.23 15.15 34.63 53.73 3823
conv4 228 -1.47 -1.08 25.08 54.23 72.97 23207 -6.26 -14.56 13.36 32.79 53.32 2620
conv4 229 -14.23 -8.70 9.55 29.39 51.60 274 -0.63 1.48 23.72 51.17 70.56 24861
conv4 230 -0.21 -3.79 36.50 59.40 75.11 8596 -11.74 -12.23 18.93 41.28 57.18 4571
conv4 231 9.81 -8.49 27.71 48.04 67.15 2944 -4.00 0.28 20.65 45.78 61.37 7472
conv4 232 -1.18 -4.00 26.58 54.79 72.81 12857 1.93 5.37 12.14 29.25 44.72 3408
conv4 233 2.90 1.24 18.14 33.81 47.85 754 -2.46 5.06 22.93 52.78 74.05 28808
conv4 234 -5.70 -0.50 10.00 31.57 48.06 43 2.29 1.79 23.94 50.01 68.25 24992
conv4 235 -9.95 -8.12 5.95 15.17 23.91 171 -1.07 -0.89 26.36 53.44 72.85 33095
conv4 236 -2.21 4.51 8.33 20.39 30.86 1686 2.74 1.98 26.16 51.80 70.26 20230
conv4 237 0.09 13.77 14.68 44.74 62.32 622 5.30 -5.83 21.77 47.93 70.56 14770
conv4 238 -4.55 2.22 6.18 15.56 22.53 19 2.07 0.45 24.57 51.82 72.59 30079
conv4 239 -6.66 6.49 4.61 11.12 19.25 109 -3.29 -1.04 23.76 52.56 72.91 29601
conv4 240 -7.82 -0.05 13.88 41.64 59.35 1068 -5.00 -6.49 22.42 48.43 72.58 16885
conv4 241 -1.87 1.62 16.62 47.99 69.42 2903 -3.65 12.29 19.18 42.45 63.68 6075
conv4 242 11.20 -6.22 18.28 39.86 59.88 1570 7.31 2.31 20.19 46.87 69.50 5756
conv4 243 8.77 8.03 22.16 47.02 67.38 4927 8.98 -5.24 16.20 40.70 60.66 3319
conv4 244 -1.61 3.32 27.00 56.60 75.66 22785 -2.50 6.57 14.31 33.89 51.06 3892
conv4 245 12.77 6.08 10.05 29.79 50.03 1171 -2.28 -5.57 19.93 44.22 60.21 9584
conv4 246 4.46 12.17 15.47 28.54 46.53 230 -0.12 0.75 21.37 46.98 67.90 12851
conv4 247 -3.12 -6.53 8.59 25.62 45.00 19 0.65 0.82 23.62 52.47 72.45 20277
conv4 248 4.67 -3.15 17.19 43.20 58.63 3341 3.91 -8.20 22.25 48.83 69.58 5855
conv4 249 -18.51 10.83 16.08 33.86 48.95 248 0.55 4.31 24.84 52.19 73.53 18846
conv4 250 4.75 7.75 37.26 55.04 69.25 2312 1.96 -2.24 13.90 35.35 58.34 7707
conv4 251 -5.59 2.58 4.52 10.50 15.13 597 -0.11 1.37 27.90 53.31 72.23 32565
conv4 252 -1.88 16.11 12.66 32.37 48.98 145 -4.75 2.43 23.78 50.12 70.28 28359
conv4 253 -1.17 0.67 32.74 56.91 75.17 28197 -1.32 -4.62 12.55 25.65 45.89 2698
conv4 254 2.08 12.09 15.55 33.35 51.51 1516 -2.50 -6.53 21.93 47.51 66.37 9582
conv4 255 -1.00 27.03 9.21 23.90 41.22 64 6.80 -3.50 19.88 44.25 62.43 12186
conv5 0 3.08 12.20 20.14 30.52 39.28 85 0.86 -0.24 30.90 66.96 91.42 33376
conv5 1 -0.50 -0.50 8.00 18.03 29.15 10 -1.43 2.74 30.72 67.92 92.97 33948
conv5 2 31.84 8.17 14.34 32.43 51.93 173 -1.52 0.29 31.19 67.59 91.99 33416
conv5 3 6.98 -43.39 5.91 21.25 37.79 2 -1.68 4.30 27.94 66.66 92.21 32645
conv5 4 5.46 42.08 12.82 28.70 42.52 25 -1.28 1.22 31.01 67.33 90.72 33879
conv5 5 2.32 -5.50 21.21 41.18 65.67 323 -2.24 2.42 28.61 66.29 90.07 30479
conv5 6 23.90 0.85 8.42 19.86 42.64 30 -1.31 2.41 27.97 59.77 80.81 19081
conv5 7 -0.51 30.06 7.85 18.10 29.33 4 -5.66 2.32 30.24 66.64 91.26 33123
conv5 8 0.69 4.34 6.61 17.56 23.18 217 -1.19 3.17 30.50 65.62 90.07 32525
conv5 9 1.20 3.91 11.43 22.86 32.80 1198 -1.01 -1.66 28.51 64.71 90.05 30343
conv5 10 -0.50 30.06 4.08 9.51 15.16 2 -1.29 1.83 30.59 65.33 91.13 33795
conv5 11 7.90 -11.58 12.65 26.06 37.51 424 -1.20 0.54 30.22 66.57 91.64 29811
conv5 12 0.92 -11.25 12.62 28.81 49.86 961 -1.59 1.57 31.11 67.19 91.21 23923
conv5 13 7.13 30.08 2.09 4.71 7.74 6 -3.69 0.34 30.70 65.75 90.91 33246
conv5 14 1.52 28.49 8.06 19.13 31.33 29 4.41 0.77 30.34 62.91 86.52 20499
conv5 15 -19.68 22.30 9.25 14.23 18.94 8 0.63 -0.09 28.88 65.81 91.16 33266
conv5 16 -0.50 30.00 7.83 18.12 29.42 5 -1.07 3.03 29.68 66.42 90.65 33849
conv5 17 -1.57 56.38 7.21 16.36 25.77 1 1.21 1.52 29.32 66.00 91.04 33478
conv5 18 -1.68 0.68 8.03 28.56 55.09 19 2.70 0.01 28.42 60.08 81.46 18637
conv5 19 5.20 -5.36 4.56 11.27 24.29 22 -1.87 0.77 32.04 66.17 91.81 33121
conv5 20 -18.68 26.92 4.50 11.25 18.71 24 -1.64 -1.53 29.87 65.71 89.91 32348
conv5 21 -82.50 -82.50 -1.00 -1.00 -1.00 0 -2.47 0.79 33.02 67.45 91.64 33937
conv5 22 1.92 -1.45 27.28 64.42 89.25 16709 2.25 17.02 25.06 57.05 80.53 2281
conv5 23 -1.67 -1.87 9.41 22.19 35.88 782 -1.56 -1.13 30.16 66.91 90.82 28784
conv5 24 12.53 18.05 22.33 43.88 63.19 695 -1.31 1.59 28.97 66.63 89.79 23784
conv5 25 3.42 21.03 15.21 41.33 63.12 32 -1.84 -3.28 24.87 52.28 76.76 9981
conv5 26 0.73 -3.51 6.60 13.79 20.39 32 -3.50 0.03 29.75 66.09 90.43 32718
conv5 27 -15.77 14.79 4.00 9.25 14.88 15 -1.81 -0.64 31.74 66.71 90.51 33521
conv5 28 -2.87 1.60 12.38 30.65 50.26 748 7.56 0.20 25.20 56.45 80.15 6510
conv5 29 5.57 -1.93 6.12 10.55 15.24 7 -1.66 2.10 29.65 66.78 91.69 33787
conv5 30 -4.91 11.80 24.75 65.20 96.98 235 -4.69 8.09 26.78 57.26 79.23 8169
conv5 31 -30.69 1.71 17.12 39.00 67.38 27 -3.56 -3.96 31.57 66.15 91.67 33787
conv5 32 23.78 2.64 8.85 21.31 33.47 17 -0.98 3.13 31.67 67.78 91.98 33861
conv5 33 -2.93 8.77 12.09 27.98 40.88 651 -0.82 -0.53 27.22 64.64 90.25 23116
conv5 34 46.75 9.97 9.71 24.92 35.85 2 -0.40 2.30 30.74 66.57 91.48 31145
conv5 35 4.19 4.74 11.02 27.22 38.03 433 -3.18 2.27 28.79 65.47 88.64 12606
conv5 36 -4.49 16.16 14.99 37.32 55.11 975 -2.81 7.12 30.69 65.99 90.33 29235
conv5 37 -5.61 -12.20 9.70 31.51 48.25 21 -0.39 2.59 27.77 64.12 90.24 33854
conv5 38 -0.50 -0.50 5.00 16.03 28.16 6 -2.71 -2.47 30.86 67.83 91.90 33824
conv5 39 -9.76 5.31 28.47 56.31 79.77 7361 -9.99 -0.29 26.53 61.26 85.36 2895
conv5 40 19.46 -20.82 18.67 45.85 70.77 733 1.22 3.14 30.11 65.36 90.70 30860
conv5 41 -7.17 -28.61 16.31 43.93 67.89 824 5.51 -0.49 24.70 58.01 82.01 6697
conv5 42 6.36 -13.59 19.36 46.25 74.80 4486 -9.50 21.58 22.90 48.92 80.79 3673
conv5 43 0.63 -2.74 5.12 13.02 25.14 25 2.94 -0.78 25.81 58.63 81.03 14837
conv5 44 2.42 4.38 9.08 22.61 37.88 33 -5.04 -3.37 26.02 55.09 75.52 14286
conv5 45 13.19 1.04 17.56 35.03 52.71 183 1.05 1.82 28.07 63.74 89.55 23137
conv5 46 -8.05 -2.04 8.47 19.10 28.21 116 -2.08 2.43 31.19 64.86 90.39 33247
conv5 47 -0.50 -31.00 7.83 18.12 29.42 2 -2.06 3.46 31.07 66.50 91.28 33738
conv5 48 0.52 -34.00 18.44 45.79 70.11 111 -2.69 3.68 26.24 64.57 91.75 32606
conv5 49 28.41 29.68 14.72 36.85 63.97 55 -0.74 2.12 29.56 66.82 91.83 25201
conv5 50 -1.44 2.81 21.35 36.32 55.33 70 0.52 1.44 31.40 68.27 92.69 32162
conv5 51 -0.50 45.50 4.12 9.22 14.87 1 1.47 -1.62 30.59 65.10 91.49 26675
conv5 52 2.53 -32.31 20.43 45.72 70.06 81 -1.70 2.88 28.98 64.84 91.38 25010
conv5 53 -2.23 -28.77 19.12 44.05 70.27 506 -1.15 6.92 26.69 62.29 87.31 12083
conv5 54 10.92 -17.89 24.86 51.51 80.26 928 -16.62 -8.29 29.81 62.45 90.12 8480
conv5 55 -11.92 -15.10 15.39 37.49 66.93 722 2.06 -3.03 32.38 66.43 89.93 28561
conv5 56 -3.63 5.76 8.87 21.75 32.47 141 0.51 1.60 32.52 66.47 91.96 33356
conv5 57 -0.51 6.54 26.95 54.80 82.39 20 -4.12 5.42 29.44 64.20 88.82 31156
conv5 58 30.04 -0.42 2.58 8.09 14.29 3 -1.91 1.63 29.24 65.96 91.60 33625
conv5 59 7.23 -23.39 1.14 3.89 7.32 2 0.08 -1.05 30.43 65.07 89.99 31464
conv5 60 0.01 4.70 21.16 46.40 73.96 3281 5.81 1.99 25.32 59.87 82.48 3478
conv5 61 -4.00 -11.54 23.55 53.14 81.99 1295 -0.71 -0.65 29.92 68.91 91.98 26355
conv5 62 19.27 2.37 20.32 45.38 67.00 1887 -1.49 1.58 28.94 67.18 91.75 22104
conv5 63 -82.50 -82.50 -1.00 -1.00 -1.00 0 -2.81 -0.95 29.61 66.65 91.90 33977
conv5 64 -0.50 14.80 4.04 9.21 14.84 2 -0.71 -0.29 30.45 66.58 91.33 33925
conv5 65 13.27 1.75 14.86 46.80 78.50 1744 -0.35 4.34 33.82 65.43 91.06 29360
conv5 66 -82.50 -82.50 -1.00 -1.00 -1.00 0 -3.97 1.06 30.07 64.77 86.93 24810
conv5 67 0.87 4.67 12.70 29.05 43.00 975 -2.31 2.26 27.39 63.88 84.40 7379
conv5 68 0.17 12.00 13.64 28.09 42.75 1269 -1.45 1.44 28.25 64.91 88.91 29272
conv5 69 3.82 -5.72 10.05 23.00 33.44 1279 -1.84 3.21 30.79 66.57 89.97 29983
conv5 70 -11.87 2.38 10.43 21.08 31.64 17 -0.93 1.91 30.75 66.77 90.85 33800
conv5 71 4.37 3.02 12.38 26.76 40.20 1295 -2.39 2.93 27.89 66.35 90.95 30772
conv5 72 -5.45 6.53 9.26 20.56 29.16 91 -4.23 3.84 34.64 66.51 91.56 33690
conv5 73 7.66 -35.49 21.55 47.83 67.37 696 -2.10 4.42 30.27 65.56 90.89 31034
conv5 74 -4.07 -0.33 16.87 39.89 59.76 398 5.26 0.05 24.54 57.34 81.61 7400
conv5 75 42.08 5.46 12.82 28.70 42.52 1 -0.92 2.38 29.58 64.41 89.55 33954
conv5 76 -12.04 -5.43 7.54 21.66 41.32 132 -0.33 1.26 29.49 68.72 92.73 32943
conv5 77 5.90 -4.67 10.40 25.07 39.41 46 -0.53 2.23 30.33 62.61 87.69 33229
conv5 78 -10.47 -8.66 10.71 26.37 45.45 59 -2.04 2.89 30.62 66.65 91.01 33086
conv5 79 3.56 -3.76 18.35 38.66 67.03 3610 -0.69 -8.20 26.27 62.08 82.72 7446
conv5 80 4.07 7.89 11.79 29.64 51.11 100 -0.48 3.69 29.18 65.00 90.43 33481
conv5 81 -3.31 -6.69 18.61 36.97 59.93 444 -2.18 1.69 28.46 67.99 91.19 31353
conv5 82 8.21 -18.62 16.29 35.74 57.32 815 1.52 -1.69 29.58 66.70 90.38 29751
conv5 83 -1.19 -0.95 36.61 67.68 93.33 25125 -13.28 6.35 9.88 23.77 36.76 1628
conv5 84 -6.01 4.11 11.82 26.60 41.79 309 0.21 4.67 24.32 53.69 75.34 9625
conv5 85 30.00 -0.50 7.83 18.12 29.42 2 -3.32 -2.11 29.50 66.65 89.90 33872
conv5 86 -0.50 -0.50 8.00 18.03 29.21 6 -0.98 1.16 29.54 66.02 90.05 33778
conv5 87 -0.50 20.11 14.92 37.89 60.91 92 -0.46 3.53 29.73 66.89 91.30 25057
conv5 88 -8.50 -12.14 8.89 25.72 43.79 248 -3.28 1.54 31.17 66.53 90.89 29131
conv5 89 -1.10 -61.21 5.14 15.71 27.61 42 -3.46 10.68 27.20 58.70 78.86 15758
conv5 90 -0.50 -0.50 10.00 31.78 56.08 11 1.77 -5.13 31.96 66.41 90.14 25280
conv5 91 -4.62 3.87 25.02 50.30 72.21 1520 2.47 9.61 21.63 60.87 90.20 4549
conv5 92 -4.20 9.01 7.91 19.43 26.53 64 -0.10 -0.12 29.62 67.21 92.01 33126
conv5 93 -82.50 -82.50 -1.00 -1.00 -1.00 0 -0.82 0.39 30.42 67.23 91.00 33719
conv5 94 6.60 32.82 18.70 43.82 70.04 112 -2.04 0.23 28.94 66.69 91.50 30483
conv5 95 3.08 -58.70 7.60 26.42 51.53 16 -1.01 3.88 30.99 64.46 88.43 32379
conv5 96 4.11 7.13 7.40 15.25 23.89 52 -3.06 1.36 31.05 67.05 91.25 33602
conv5 97 -0.51 30.07 7.85 18.13 29.42 26 -0.87 0.73 30.09 67.86 92.58 33657
conv5 98 -0.34 4.66 11.22 22.75 33.24 134 -1.05 -0.95 31.19 67.56 91.10 33067
conv5 99 -0.50 -0.50 7.21 31.06 55.33 1 1.08 -2.55 29.73 65.66 90.16 33360
conv5 100 26.39 -0.25 20.52 47.23 72.24 940 -2.27 -4.39 31.10 67.99 91.84 26764
conv5 101 14.80 -38.70 5.36 9.40 18.39 2 0.50 -0.36 30.10 64.80 88.99 32891
conv5 102 -20.84 31.78 12.99 37.28 59.98 730 -1.70 -6.78 32.22 68.44 91.60 21161
conv5 103 15.00 -9.97 17.70 53.33 79.44 279 5.79 12.66 28.62 58.14 83.76 6542
conv5 104 13.97 -9.02 17.07 30.67 42.39 59 0.80 2.48 29.32 65.87 90.35 32832
conv5 105 -0.69 5.28 16.21 35.83 53.31 362 2.06 -1.97 25.04 58.05 82.17 13532
conv5 106 -5.05 1.36 40.19 70.21 93.05 29626 3.55 5.08 10.50 27.91 46.52 2180
conv5 107 -36.69 -1.58 20.56 45.40 67.61 173 5.52 15.01 24.50 56.43 80.72 8185
conv5 108 -36.44 3.14 19.40 42.42 63.90 38 -0.36 2.62 28.96 66.14 91.01 25570
conv5 109 -82.50 -82.50 -1.00 -1.00 -1.00 0 -3.31 2.02 31.68 64.85 90.95 32787
conv5 110 -1.86 -15.43 21.84 43.14 63.52 2731 0.86 13.53 26.08 59.46 92.70 20880
conv5 111 -10.06 -1.39 25.50 55.92 82.12 3696 0.95 1.81 27.47 64.62 84.80 4502
conv5 112 -0.74 17.05 9.90 20.65 29.62 1173 -0.05 1.08 32.42 65.60 89.79 30868
conv5 113 -3.75 10.59 22.10 51.47 79.93 145 -3.78 2.72 29.25 66.50 91.86 24914
conv5 114 2.63 -2.32 12.32 25.27 39.08 306 0.96 3.79 30.85 65.55 90.26 29574
conv5 115 27.88 -14.73 14.11 20.98 35.25 11 -3.57 0.64 31.20 68.56 92.57 33146
conv5 116 5.30 5.31 8.49 17.21 27.57 35 -1.89 1.25 31.49 65.61 90.55 33855
conv5 117 -34.90 2.62 26.26 56.00 77.91 60 1.11 1.19 28.65 66.79 90.06 32512
conv5 118 -0.50 -0.50 8.00 18.03 29.21 15 -2.45 3.18 29.37 60.95 82.45 21834
conv5 119 -82.50 -82.50 -1.00 -1.00 -1.00 0 -1.04 0.43 32.73 67.55 91.83 33980
conv5 120 -7.67 -2.12 11.18 25.61 38.61 33 -1.40 0.82 29.45 64.56 89.14 32081
conv5 121 -5.53 -32.65 9.78 27.57 51.87 14 -0.30 1.14 31.37 66.01 90.60 33584
conv5 122 1.61 -0.80 14.00 33.92 47.91 1696 -12.03 4.41 29.64 60.97 86.03 4142
conv5 123 -13.23 1.95 12.89 29.36 45.18 851 -1.72 3.90 32.12 64.78 89.45 27347
conv5 124 -27.69 4.55 8.32 21.08 36.50 6 -4.13 7.15 29.74 64.91 89.35 30377
conv5 125 -0.50 -17.18 23.74 52.83 88.29 10322 1.61 18.24 17.44 42.14 64.56 1831
conv5 126 2.12 -5.09 21.87 42.99 59.38 8797 -2.24 17.99 26.06 58.38 85.57 1362
conv5 127 -25.92 1.00 8.46 19.86 35.74 9 -3.01 0.13 28.05 65.01 90.94 33676
conv5 128 30.02 -23.00 4.53 12.99 30.60 4 -1.97 2.38 30.34 66.12 90.93 29514
conv5 129 -0.50 -0.50 15.62 36.01 58.22 5 -1.32 0.16 32.26 66.44 91.26 33870
conv5 130 -5.10 14.78 4.92 11.53 17.04 18 -2.89 -3.87 30.24 67.28 91.80 33908
conv5 131 -5.59 4.55 9.12 20.60 33.48 3 -3.29 2.49 32.83 67.51 91.38 33915
conv5 132 12.15 9.90 22.14 67.21 96.36 2925 -5.29 -6.02 25.61 55.93 79.79 13486
conv5 133 -1.35 -0.21 9.34 21.58 31.94 772 -2.50 -0.19 30.27 66.25 91.32 31692
conv5 134 -0.50 -13.69 30.14 56.75 81.77 140 -2.43 -3.31 33.53 66.23 91.16 33088
conv5 135 -0.50 -0.50 3.61 15.65 27.86 3 -1.09 1.11 30.30 67.74 90.70 28556
conv5 136 6.86 5.43 14.02 31.87 52.16 2068 -3.28 -3.50 31.28 66.73 91.27 26399
conv5 137 -4.21 6.47 10.52 25.29 39.98 1049 -0.16 -0.67 28.75 65.55 89.92 31260
conv5 138 -10.07 -30.71 23.24 45.67 65.63 961 -3.25 4.68 21.17 51.02 72.75 2855
conv5 139 -11.31 9.55 18.17 23.87 30.47 9 -2.65 3.80 29.88 67.24 92.07 25673
conv5 140 -82.50 -82.50 -1.00 -1.00 -1.00 0 -0.24 -0.33 29.10 67.29 90.83 25072
conv5 141 37.55 20.18 10.95 39.79 66.44 345 -8.32 -4.08 26.75 59.75 82.93 7239
conv5 142 1.52 11.89 8.36 19.53 29.55 149 -2.04 2.60 32.77 67.68 91.92 32409
conv5 143 -12.83 -5.04 30.28 60.11 85.22 13695 17.41 16.12 20.38 50.19 68.78 2053
conv5 144 0.07 3.19 6.57 15.41 27.34 183 -1.92 2.26 31.09 67.28 91.98 32809
conv5 145 1.41 4.94 13.72 30.09 44.12 2429 2.36 2.48 28.02 60.86 82.47 6990
conv5 146 3.32 -8.48 10.37 25.54 41.20 316 -2.93 3.46 29.40 65.12 89.20 29814
conv5 147 -82.50 -82.50 -1.00 -1.00 -1.00 0 -0.84 2.69 30.16 65.82 90.28 33885
conv5 148 -0.50 10.38 11.60 20.00 32.68 81 1.48 -0.77 31.19 65.85 91.60 33685
conv5 149 -6.12 -5.93 25.52 49.98 72.72 3264 -6.99 5.70 20.61 52.83 76.87 1580
conv5 150 0.39 -2.71 14.16 23.90 34.52 102 -1.16 0.25 28.60 65.71 91.70 32868
conv5 151 -8.77 4.16 6.64 21.31 40.67 67 -0.52 2.12 29.90 64.62 88.45 27515
conv5 152 -2.80 -22.69 16.32 40.01 60.68 177 1.95 3.33 32.50 69.45 92.31 26348
conv5 153 1.03 28.53 8.28 18.83 29.16 81 -1.56 2.16 31.56 66.39 91.56 33655
conv5 154 -82.50 -82.50 -1.00 -1.00 -1.00 0 -1.19 5.46 28.01 63.11 88.89 19185
conv5 155 -1.78 7.34 9.80 25.40 36.60 603 -2.05 4.24 33.74 68.28 92.77 31374
conv5 156 -31.65 -15.61 14.46 37.62 62.19 157 -1.04 5.57 29.44 64.83 86.88 22461
conv5 157 4.98 6.70 9.81 23.49 38.02 774 3.07 1.66 27.94 64.38 90.43 30782
conv5 158 0.91 6.67 33.85 68.91 94.57 24719 0.07 -3.63 15.33 35.91 53.06 3527
conv5 159 1.16 -4.99 22.89 28.42 36.06 43 -1.30 0.08 32.52 65.98 88.85 26833
conv5 160 18.70 2.48 9.10 24.23 40.25 18 -1.81 0.48 31.74 66.91 90.42 33639
conv5 161 -1.91 -0.14 26.60 65.11 90.89 5990 6.92 10.24 23.46 51.22 79.57 4251
conv5 162 -2.94 -1.23 27.73 55.29 78.41 5536 -14.93 -14.86 24.55 55.14 78.13 1657
conv5 163 -82.50 -82.50 -1.00 -1.00 -1.00 0 1.10 -0.88 30.35 65.97 90.68 29957
conv5 164 0.64 1.62 28.42 54.89 78.54 2137 3.65 7.51 19.86 48.29 70.60 2921
conv5 165 15.13 -6.33 13.93 38.07 67.89 302 -3.71 14.16 22.26 49.75 71.90 4380
conv5 166 1.34 -4.73 15.88 26.23 35.74 767 -0.79 0.61 33.16 68.51 92.09 30425
conv5 167 2.69 11.44 18.84 43.37 68.54 305 -1.72 2.29 27.20 59.83 88.31 9179
conv5 168 3.88 3.77 12.60 26.97 39.34 2386 -1.71 2.84 31.42 66.00 91.22 19616
conv5 169 -0.50 -35.88 13.23 29.60 47.17 9 -1.34 3.97 32.54 65.70 89.26 33734
conv5 170 -0.50 -0.50 8.00 18.03 29.21 11 -1.75 1.58 27.04 66.24 91.43 33778
conv5 171 -82.50 -82.50 -1.00 -1.00 -1.00 0 -3.57 6.47 31.00 65.14 90.00 25541
conv5 172 -6.47 -29.78 8.79 22.48 33.27 19 -1.22 2.16 29.76 66.10 90.62 33340
conv5 173 -82.50 -82.50 -1.00 -1.00 -1.00 0 -0.06 2.56 31.13 66.08 90.95 33926
conv5 174 -3.90 20.93 6.76 15.99 32.11 19 -1.84 1.63 30.08 66.85 90.91 29375
conv5 175 0.03 22.49 6.17 18.18 34.02 31 -1.23 2.78 28.46 66.46 91.29 33794
conv5 176 33.48 8.97 12.52 32.48 50.51 6 -2.49 0.46 31.26 66.22 90.31 33769
conv5 177 -9.41 -7.69 6.59 16.01 29.15 32 -0.32 0.34 29.64 65.26 90.19 32742
conv5 178 -2.79 12.10 5.41 12.52 17.22 4 -2.35 2.87 30.76 66.91 91.06 33814
conv5 179 -12.61 4.21 31.88 58.65 77.17 980 3.98 1.57 22.88 51.65 70.90 10093
conv5 180 17.78 9.52 6.19 17.73 31.45 65 -2.75 1.91 30.16 65.69 90.60 33482
conv5 181 -0.50 40.00 12.54 28.20 41.00 13 -1.29 1.29 29.75 66.47 91.29 33879
conv5 182 3.77 -1.38 13.77 28.07 39.35 2273 -0.82 2.57 26.47 63.93 88.67 28410
conv5 183 -2.90 -39.70 14.78 36.60 55.89 205 -0.33 1.02 29.56 66.85 91.52 20477
conv5 184 -0.48 -31.08 5.03 15.92 28.10 1 -1.68 2.12 30.54 66.72 91.00 33799
conv5 185 -3.29 -9.06 16.05 42.14 60.69 113 -2.36 2.02 26.97 62.56 87.01 11399
conv5 186 -31.07 -0.51 2.05 4.69 7.55 6 -2.08 2.91 28.62 67.08 91.27 33701
conv5 187 -9.21 -26.20 30.75 51.49 77.83 523 13.00 5.05 24.55 55.83 83.47 7804
conv5 188 25.69 31.38 10.42 33.75 54.51 132 -2.82 -1.45 30.94 69.32 92.97 33230
conv5 189 8.85 -23.96 18.33 37.37 56.26 538 -0.41 2.99 31.29 66.71 92.02 29217
conv5 190 -24.14 -1.60 7.91 19.94 39.30 24 0.92 -0.57 31.51 67.42 91.37 33790
conv5 191 5.81 18.37 11.37 28.91 46.62 217 0.65 -4.76 30.50 66.04 89.90 28065
conv5 192 -2.24 8.84 26.77 55.66 80.46 123 -0.82 -1.94 28.20 65.63 91.02 31468
conv5 193 -4.02 5.35 8.75 18.86 24.71 3 -3.65 -0.23 30.60 66.18 91.10 33876
conv5 194 0.55 6.59 15.33 32.96 46.50 5108 -10.23 4.13 30.66 61.29 83.41 2823
conv5 195 -5.10 -22.76 25.65 43.13 63.68 32 -1.21 -0.05 29.85 65.13 88.33 23571
conv5 196 -82.50 -82.50 -1.00 -1.00 -1.00 0 -1.13 2.49 32.24 67.12 91.43 33893
conv5 197 25.98 27.01 10.13 41.50 68.18 66 -0.27 1.87 29.77 67.32 92.37 30789
conv5 198 7.00 -6.31 11.92 32.72 63.26 20 -2.06 3.78 28.31 65.86 91.06 28916
conv5 199 -43.32 -7.79 8.21 22.20 38.33 4 -0.84 0.38 30.49 66.77 91.42 31252
conv5 200 -0.98 -0.90 7.05 15.41 22.94 99 -4.28 1.02 31.91 67.79 91.84 31282
conv5 201 -5.11 -31.64 14.33 33.65 57.77 301 -2.85 2.39 29.12 65.35 91.15 20802
conv5 202 -26.00 -0.50 10.55 29.52 51.18 10 -2.40 0.58 30.05 63.67 85.58 22881
conv5 203 -41.87 -5.58 13.02 29.11 43.67 4 -2.19 5.07 30.21 65.54 91.54 32340
conv5 204 0.42 0.07 13.45 31.09 46.35 3824 1.87 1.39 38.54 69.74 92.48 25916
conv5 205 2.65 -1.74 9.23 29.43 53.55 142 -3.69 1.06 30.11 66.21 92.09 33149
conv5 206 1.83 6.67 11.41 25.20 37.95 1301 0.01 1.90 29.46 66.83 89.65 30542
conv5 207 17.55 -16.97 5.41 15.77 27.96 15 -2.79 -2.95 30.99 65.60 89.89 26131
conv5 208 1.04 1.03 8.46 18.78 29.12 41 -3.20 2.17 29.89 65.26 90.20 33686
conv5 209 -23.68 0.39 15.96 39.39 61.26 25 -0.03 0.34 31.50 67.04 92.28 33166
conv5 210 4.40 -1.95 39.06 70.98 93.67 16276 15.09 0.04 18.96 45.28 65.15 3367
conv5 211 -1.76 0.79 7.74 18.31 29.19 172 0.21 2.68 29.40 66.02 90.68 32790
conv5 212 31.77 -32.05 18.63 41.50 75.76 282 -3.97 3.31 26.59 56.34 75.81 13272
conv5 213 0.59 0.17 8.74 20.75 31.23 232 0.01 2.84 29.95 66.45 91.57 31735
conv5 214 2.83 -7.79 13.44 29.93 45.52 1086 -2.96 -2.72 33.80 66.68 89.88 30198
conv5 215 12.31 -14.08 8.21 17.56 29.29 40 -6.69 1.49 27.03 59.67 83.76 10836
conv5 216 10.14 -5.58 18.89 70.25 91.94 652 0.13 -1.41 29.70 62.75 87.55 10133
conv5 217 -82.50 -82.50 -1.00 -1.00 -1.00 0 -0.41 1.35 31.36 65.69 90.35 26675
conv5 218 -0.18 -1.13 26.45 45.59 66.24 1549 -2.61 10.13 19.62 51.32 73.51 2707
conv5 219 -1.48 0.48 8.08 19.01 29.07 23 -0.45 -1.02 32.26 66.63 90.97 33093
conv5 220 -0.50 -0.50 10.00 31.76 55.90 5 -1.26 2.37 29.53 66.54 90.72 25821
conv5 221 0.46 39.38 12.84 28.55 41.82 13 2.14 -2.64 29.11 64.59 88.02 22799
conv5 222 0.53 -0.15 18.76 34.41 50.26 84 -4.51 -1.92 30.00 66.88 91.43 32763
conv5 223 -0.50 3.24 10.80 31.71 55.14 25 -1.83 5.35 28.77 65.14 91.60 19191
conv5 224 -0.48 30.03 4.01 9.18 14.79 1 1.62 1.88 28.37 65.26 90.82 33836
conv5 225 -0.47 -0.35 13.79 33.10 53.47 29 -0.84 3.63 29.36 66.23 91.26 33152
conv5 226 7.21 -7.62 11.75 25.65 39.20 465 -4.14 4.67 31.65 65.97 92.32 30120
conv5 227 1.82 -1.12 12.59 27.15 37.69 2414 -1.09 0.63 31.08 63.97 90.45 26871
conv5 228 -2.14 -5.31 10.82 22.28 38.89 56 -1.02 2.52 29.50 66.24 91.33 31637
conv5 229 -6.56 -13.74 8.24 17.36 27.39 127 0.23 1.59 26.10 64.83 90.83 29053
conv5 230 -10.14 32.04 28.85 54.37 80.76 548 -4.58 3.51 28.88 65.16 87.76 12375
conv5 231 8.53 2.44 4.43 12.01 27.79 11 -2.99 -0.18 31.80 65.80 91.25 25947
conv5 232 -0.82 10.32 12.04 25.20 34.90 750 -0.78 -2.78 29.07 65.53 90.10 27855
conv5 233 -5.93 -37.94 13.51 30.46 49.19 39 -0.50 2.98 33.59 65.67 90.80 33866
conv5 234 17.24 9.93 16.22 43.30 65.27 68 0.23 2.93 30.45 65.89 89.84 26506
conv5 235 -82.50 -82.50 -1.00 -1.00 -1.00 0 -0.47 1.05 30.18 66.79 90.93 33877
conv5 236 8.74 -3.43 14.81 32.98 50.58 421 0.33 -1.80 27.44 61.63 83.09 14392
conv5 237 6.59 3.67 10.91 27.14 40.40 885 -1.02 -0.15 31.03 65.56 89.36 31821
conv5 238 -0.50 40.23 17.65 43.57 65.90 11 -1.09 0.01 28.70 64.12 90.15 33907
conv5 239 2.20 4.88 6.60 16.74 26.90 258 -1.26 0.95 30.79 67.12 91.84 33052
conv5 240 20.72 2.45 17.68 42.95 71.13 27 1.99 10.20 28.22 61.55 84.21 16493
conv5 241 -31.58 -32.31 14.33 36.68 59.91 57 1.30 -0.47 30.04 66.63 90.66 24135
conv5 242 -82.50 -82.50 -1.00 -1.00 -1.00 0 -3.07 -0.26 29.61 65.63 91.78 33891
conv5 243 -2.89 0.48 10.39 25.04 38.46 135 0.14 1.79 33.22 68.14 91.90 33417
conv5 244 -0.60 15.08 17.99 43.52 65.60 626 -2.67 -1.02 30.90 67.01 92.21 20046
conv5 245 0.25 -2.64 12.87 22.60 32.08 277 -4.72 1.33 30.13 65.67 90.77 32669
conv5 246 -0.50 14.98 12.40 20.15 35.43 10 0.39 1.69 31.11 66.74 90.77 33853
conv5 247 10.33 16.96 5.28 17.07 28.08 48 -1.66 1.59 31.41 66.44 90.36 33230
conv5 248 -4.86 -12.50 9.02 22.60 36.05 156 -9.94 -7.26 27.10 61.07 82.50 7839
conv5 249 -2.46 -9.36 12.98 27.26 49.19 265 -1.99 -0.89 32.92 66.63 90.33 32907
conv5 250 -5.34 22.23 9.83 26.93 41.81 246 -1.11 -0.73 28.63 66.26 91.64 32693
conv5 251 -8.82 -15.07 14.25 35.70 63.14 50 -1.62 -0.01 30.40 68.82 92.61 25138
conv5 252 4.66 3.08 22.50 51.57 78.18 17 2.91 0.67 31.12 64.20 86.21 22114
conv5 253 -0.06 -0.43 21.34 52.42 77.69 149 0.73 3.01 20.07 47.14 74.09 5688
conv5 254 0.68 2.16 12.66 28.51 39.86 2450 -2.50 -1.71 32.27 65.91 91.07 22367
conv5 255 -0.47 4.12 5.01 11.50 17.11 34 -2.51 -0.31 31.53 66.85 91.22 31258
