conv1 0 1.06 1.98 1.41 1.59 13.11 260.945 18.996 0.9593 244
conv1 1 9.22 0.33 0.14 0.73 78.30 87.939 50.801 0.0000 13578
conv1 2 0.70 0.37 2.48 3.66 23.63 14.990 0.834 0.8140 401
conv1 3 -0.34 -0.97 2.15 2.71 173.86 440.921 15.849 0.9575 2185
conv1 4 -4.37 0.35 2.51 1.69 88.98 3.903 1.481 0.6257 103
conv1 5 3.46 -0.14 2.42 0.99 92.57 161.033 109.517 0.3830 627
conv1 6 0.12 -0.48 3.01 3.22 7.69 268.891 30.953 0.8787 433
conv1 7 -0.06 -0.70 3.70 2.78 103.27 72.062 3.107 0.8350 147
conv1 8 -3.35 -0.42 2.87 0.98 90.18 49.748 1100.113 0.0714 36189
conv1 9 0.42 0.45 2.60 2.56 3.91 284.737 15.187 0.8064 2553
conv1 10 -0.47 -2.47 1.82 2.54 167.72 397.208 46.104 0.9369 1038
conv1 11 0.19 -0.21 3.08 2.69 77.90 288.610 34.057 0.8968 462
conv1 12 -2.23 -0.15 2.74 1.98 94.03 439.861 26.359 0.9473 1119
conv1 13 0.02 0.11 2.04 2.88 3.67 433.349 20.438 0.9577 866
conv1 14 -0.93 0.03 1.98 2.79 15.24 348.711 46.560 0.9108 613
conv1 15 -4.25 -0.12 3.35 2.02 64.74 7.991 0.591 0.8443 23
conv1 16 0.34 -0.82 3.86 2.59 65.68 467.598 1.078 0.8756 2868
conv1 17 -0.51 3.42 1.07 2.51 1.89 158.290 85.857 0.5523 568
conv1 18 0.18 -0.05 2.45 1.97 105.26 488.370 15.430 0.9751 1195
conv1 19 1.46 -2.58 1.88 2.64 36.63 18.368 0.961 0.8998 34
conv1 20 2.47 1.75 1.25 1.47 83.47 39.297 16.867 0.5332 290
conv1 21 -6.50 -6.50 1.00 1.00 89.00 -1.000 -1.000 0.0011 17941
conv1 22 0.05 0.77 1.90 2.40 167.77 318.085 65.670 0.8357 2338
conv1 23 -0.17 -0.29 3.56 3.03 79.58 290.350 9.132 0.8883 493
conv1 24 -0.61 -0.41 2.71 1.52 90.33 433.618 21.279 0.9491 619
conv1 25 -2.06 0.84 2.20 1.92 80.20 467.179 2.658 0.8833 1358
conv1 26 -2.59 -1.88 2.43 2.01 138.93 102.345 17.554 0.9279 117
conv1 27 0.35 0.14 3.05 3.43 164.62 337.008 -26.926 0.8362 3138
conv1 28 -1.23 -0.34 3.30 2.44 107.05 342.867 10.649 0.9154 1557
conv1 29 -2.60 -0.82 3.16 1.48 86.42 169.158 56.120 0.8140 839
conv1 30 -0.71 -0.36 2.95 2.01 92.69 350.204 13.011 0.9618 891
conv1 31 -2.47 0.21 1.46 1.44 71.61 315.721 13.796 0.9609 153
conv1 32 -1.98 -1.07 2.69 2.03 62.92 304.142 55.910 0.9075 936
conv1 33 1.49 0.77 2.81 1.90 93.23 479.841 15.292 0.9595 2035
conv1 34 1.08 0.14 2.76 1.79 103.10 472.907 24.601 0.9593 1842
conv1 35 1.54 1.66 1.98 2.29 19.10 20.121 6.120 0.8108 256
conv1 36 -2.00 -4.36 1.86 8.49 0.95 73.306 98.969 0.2664 15710
conv1 37 -0.53 -0.47 291.08 294.66 158.96 139469.564 -139008.237 0.3296 36217
conv1 38 -2.72 -3.26 1.86 1.07 54.99 94.601 50.097 0.5599 448
conv1 39 0.82 -2.25 1.52 1.45 15.56 393.291 19.789 0.9589 160
conv1 40 -2.46 -0.72 1.41 2.09 145.43 172.381 96.098 0.7777 16239
conv1 41 0.24 0.55 2.33 2.13 28.49 504.750 19.506 0.9675 1070
conv1 42 -0.59 4.36 8.60 2.80 81.09 73.561 6.942 0.7402 337
conv1 43 -0.62 -1.54 3.85 4.63 123.16 244.262 -19.733 0.8734 499
conv1 44 1.16 0.82 2.37 3.71 22.70 100.871 3.276 0.9346 270
conv1 45 -0.62 0.02 1.91 1.71 73.11 311.822 15.459 0.9579 189
conv1 46 -4.71 -0.86 1.74 1.46 95.65 247.556 6.357 0.9678 253
conv1 47 3.24 -1.72 2.04 1.07 98.11 161.537 108.229 0.3815 639
conv1 48 -0.18 2.36 3.13 2.06 153.65 342.824 6.880 0.9639 1206
conv1 49 -0.82 0.44 4.32 2.77 128.61 11.008 0.911 0.6755 545
conv1 50 -0.48 -0.65 2.85 2.51 113.74 303.638 51.982 0.8840 412
conv1 51 -6.50 -6.50 1.00 1.00 89.00 -1.000 -1.000 0.0000 17567
conv1 52 -0.53 -4.03 1.49 3.50 175.36 55.189 109.950 0.4072 17744
conv1 53 -6.50 -6.50 1.00 1.00 89.00 -1.000 -1.000 -0.0001 18095
conv1 54 -0.76 0.04 1.01 2.45 174.21 346.641 31.012 0.8593 1004
conv1 55 -1.12 -1.95 1.98 3.05 23.43 449.338 23.212 0.9511 1386
conv1 56 -3.81 -2.68 1.13 1.82 64.52 115.524 77.092 0.3796 537
conv1 57 -0.45 -0.50 1.97 2.67 159.10 409.863 46.220 0.9420 578
conv1 58 -0.74 -4.68 0.44 2.75 179.72 80.916 19.974 0.7421 1496
conv1 59 1.92 -2.97 1.30 1.49 0.20 88.465 50.884 0.4240 443
conv1 60 0.56 -0.84 2.75 2.35 150.44 248.509 6.549 0.9116 3132
conv1 61 0.81 2.39 1.57 3.27 8.82 192.773 18.896 0.9353 893
conv1 62 -0.79 -4.91 1.42 2.16 172.32 121.521 92.396 0.3199 639
conv1 63 -1.51 1.50 2.02 2.88 160.73 472.785 34.226 0.9532 3505
conv2 0 0.81 -0.64 5.35 4.72 134.31 3108.805 24.142 0.9803 2557
conv2 1 0.20 0.28 10.99 4.97 108.95 436.223 32.524 0.8818 191
conv2 2 -19.41 -5.72 6.72 4.88 92.32 2767.956 27.410 0.9864 2378
conv2 3 5.39 -11.71 10.55 6.89 101.53 174.714 10.204 0.8791 602
conv2 4 -11.57 -15.40 6.58 9.59 171.55 949.862 31.744 0.9347 2548
conv2 5 7.56 11.35 20.79 13.91 39.30 438.010 66.176 0.7985 14518
conv2 6 -25.50 -25.50 12.75 10.20 90.00 0.000 0.000 nan 0
conv2 7 8.27 -16.03 6.08 5.61 135.12 252.336 29.854 0.5312 3264
conv2 8 -2.47 -3.21 14.17 17.43 170.86 307.492 -24.251 0.8069 549
conv2 9 -0.98 -6.84 9.14 9.70 16.81 161.413 11.143 0.9272 594
conv2 10 8.43 -9.53 7.24 10.73 175.05 605.689 17.390 0.9075 2913
conv2 11 -0.53 -5.30 5.84 5.06 100.99 70.408 2.025 0.9280 718
conv2 12 -0.40 -1.45 13.79 2.00 90.06 355.797 30.148 0.7974 288
conv2 13 0.13 -3.18 9.59 7.17 41.87 295.000 43.768 0.7928 6469
conv2 14 -10.87 -14.94 10.57 8.51 31.68 1042.126 16.404 0.9700 5113
conv2 15 17.39 -10.60 15.42 4.18 128.73 592.182 145.704 0.4872 6433
conv2 16 2.29 -11.93 11.98 7.64 131.54 269.868 47.378 0.7941 1425
conv2 17 14.81 -18.72 10.91 5.50 143.36 1142.374 89.104 0.8765 10467
conv2 18 -26.50 -26.50 1.00 1.00 89.00 -1.000 -1.000 -0.0000 11818
conv2 19 -10.24 -10.46 12.70 4.07 34.62 998.491 197.901 0.5485 9817
conv2 20 -26.50 -26.50 1.00 1.00 89.00 -1.000 -1.000 -0.0000 28332
conv2 21 15.81 -1.15 8.06 5.90 77.16 2380.862 12.448 0.9782 4814
conv2 22 -1.73 8.83 6.95 10.40 23.34 111.309 15.069 0.8486 2965
conv2 23 -3.32 -5.33 14.06 11.57 95.00 236.821 3.316 0.8727 2715
conv2 24 -6.33 18.26 5.09 8.86 168.34 2622.559 25.868 0.9863 3613
conv2 25 13.34 -4.19 20.23 35.84 178.12 337.341 -93.027 0.7335 4837
conv2 26 -19.30 -18.67 5.01 3.58 54.81 143.474 10.072 0.5437 3921
conv2 27 2.46 4.45 21.41 15.15 62.49 307.987 -31.674 0.7047 2145
conv2 28 17.55 3.66 15.35 5.76 79.33 38.284 1.218 0.7634 134
conv2 29 1.03 -10.76 6.17 6.88 18.34 756.719 22.661 0.9757 2283
conv2 30 -0.21 11.03 7.99 6.66 82.84 269.496 13.404 0.9565 501
conv2 31 -3.51 -2.86 15.03 11.30 85.78 273.016 13.746 0.7091 1232
conv2 32 7.99 12.45 15.77 4.60 152.25 89.615 17.426 0.6760 1766
conv2 33 3.51 -3.78 7.69 9.08 25.57 113.417 4.894 0.8770 81
conv2 34 4.89 -21.04 3.19 17.55 0.07 262.963 62.759 0.6426 4163
conv2 35 -0.05 -4.44 13.68 11.59 48.25 240.207 8.523 0.8508 309
conv2 36 -16.61 -1.36 5.37 4.17 84.21 176.173 6.587 0.8878 630
conv2 37 5.31 -2.67 8.47 9.40 157.80 278.407 21.030 0.8561 452
conv2 38 3.08 13.15 19.52 7.37 13.47 977.973 13.824 0.9645 10694
conv2 39 6.21 -11.94 8.68 5.28 140.79 739.394 21.378 0.9525 1585
conv2 40 1.99 15.46 5.56 7.16 30.13 1520.489 24.274 0.9712 1420
conv2 41 -3.03 18.31 4.35 20.70 0.21 191.576 117.666 0.3125 15578
conv2 42 5.64 -3.14 10.88 5.32 136.12 448.437 37.009 0.9292 3610
conv2 43 -0.00 -18.57 6.60 10.91 7.49 311.154 11.912 0.9630 498
conv2 44 1.43 -8.72 4.53 5.98 9.06 976.750 3.834 0.9734 2075
conv2 45 -26.50 -26.50 1.00 1.00 89.00 -1.000 -1.000 -0.0000 22036
conv2 46 19.18 -0.08 9.50 3.98 82.75 1474.586 34.801 0.9733 1952
conv2 47 0.44 6.86 14.37 9.67 73.32 365.785 15.677 0.9131 2682
conv2 48 17.11 0.90 6.61 5.84 73.52 2104.582 29.268 0.9763 1455
conv2 49 2.42 -3.02 8.13 6.64 116.81 527.806 43.696 0.9011 1107
conv2 50 5.46 9.49 7.60 4.93 35.08 1078.061 36.424 0.9448 1282
conv2 51 -18.60 -6.39 16.41 5.29 78.30 488.075 125.275 0.6654 10666
conv2 52 -4.80 -6.73 5.83 4.95 57.21 1764.176 43.962 0.9358 1113
conv2 53 16.55 2.00 14.46 6.41 84.21 1306.788 1.801 0.9785 6123
conv2 54 -11.86 -3.95 12.02 7.92 100.44 90.208 12.189 0.7127 1288
conv2 55 -2.58 -0.49 5.55 10.83 12.37 760.548 328.129 0.7157 15347
conv2 56 -4.43 -4.00 11.25 9.79 65.79 285.306 8.509 0.9437 518
conv2 57 17.45 13.87 8.89 34.94 173.46 483.966 -13.316 0.8109 3497
conv2 58 -14.57 -6.51 7.51 5.16 57.47 182.005 40.869 0.7337 1808
conv2 59 -16.88 -15.08 11.89 7.04 46.98 857.107 74.385 0.8414 18068
conv2 60 -1.06 -10.67 4.00 7.97 22.45 1388.932 92.243 0.9301 2351
conv2 61 1.18 0.43 14.21 19.31 139.62 130.445 -4.968 0.6024 351
conv2 62 -7.29 1.60 13.25 10.91 70.19 1320.929 20.431 0.9418 8604
conv2 63 15.80 15.39 15.76 7.35 71.30 1119.872 30.627 0.8975 10778
conv2 64 7.73 -15.25 7.52 24.27 153.85 766.344 48.016 0.7962 8847
conv2 65 0.34 -5.94 12.71 12.28 135.19 242.770 0.985 0.9354 1174
conv2 66 -1.22 -0.31 6.50 12.22 178.92 142.790 32.185 0.7481 687
conv2 67 -2911.43 -642.88 1276.53 5.94 167.91 3620.987 100.871 0.3572 16865
conv2 68 0.59 17.02 5.12 8.80 19.63 579.738 131.336 0.8118 5749
conv2 69 -8.89 -0.67 8.93 5.83 96.13 656.040 65.952 0.8804 1749
conv2 70 16.12 -4.59 8.81 4.28 110.78 357.714 85.751 0.6699 9266
conv2 71 -6.27 -19.06 4.58 7.59 5.18 2241.815 52.981 0.9774 2721
conv2 72 -1.59 -3.92 15.63 17.85 5.20 326.654 -45.894 0.8609 1473
conv2 73 -16.46 -13.64 16.73 6.71 64.03 1231.223 18.132 0.9554 8966
conv2 74 1.04 -0.54 12.09 7.77 23.64 158.335 5.801 0.9234 179
conv2 75 -12.73 12.85 9.69 6.23 131.88 1131.632 17.537 0.9760 3603
conv2 76 12.17 -1.52 7.55 3.74 102.64 1610.536 234.967 0.6939 5173
conv2 77 3.00 1.23 6.10 4.22 82.28 419.914 63.282 0.7154 2339
conv2 78 -18.12 -1.19 7.98 5.66 50.32 964.868 52.170 0.9018 4079
conv2 79 -12.40 10.22 8.90 5.81 145.38 1759.795 66.287 0.9006 8604
conv2 80 -1.56 -16.97 7.18 9.88 4.98 999.406 21.208 0.9774 3773
conv2 81 3.01 6.64 8.13 9.47 44.16 134.647 6.109 0.9367 298
conv2 82 12.22 -0.21 13.41 4.88 27.61 1093.432 56.050 0.8984 5776
conv2 83 -15.96 -1.04 7.68 4.09 88.65 1397.296 145.054 0.8601 3322
conv2 84 -4.63 -2.08 13.87 9.88 111.67 211.567 10.084 0.7945 283
conv2 85 -19.88 3.38 11.60 7.27 94.40 224.337 17.699 0.9241 151
conv2 86 -7.01 8.62 13.68 3.83 140.63 800.365 189.587 0.5547 6991
conv2 87 1.28 -14.99 5.58 9.35 172.16 816.611 13.725 0.9458 5777
conv2 88 -14.28 1.57 6.85 6.53 149.50 1238.436 28.374 0.9686 2278
conv2 89 2.03 17.70 6.44 13.62 6.57 673.930 24.753 0.9225 3361
conv2 90 18.71 0.48 11.13 8.27 79.73 179.442 17.637 0.8888 141
conv2 91 8.02 -7.24 18.27 9.28 134.49 177.257 25.092 0.7712 1098
conv2 92 -10.13 -10.34 4.51 15.45 8.00 543.712 141.892 0.4872 10419
conv2 93 -8.57 3.46 5.04 3.62 81.54 11.783 1.366 0.4975 172
conv2 94 7.06 8.14 4.93 4.56 102.65 2815.367 23.203 0.9792 1900
conv2 95 13.46 2.31 9.73 4.23 94.31 1184.688 29.733 0.9358 2078
conv2 96 -14.89 4.81 10.33 5.30 129.91 1041.124 42.195 0.9237 1896
conv2 97 1.11 6.36 11.44 14.46 160.99 220.605 14.574 0.7536 416
conv2 98 0.46 9.32 6.95 8.13 30.35 787.598 39.188 0.9250 1161
conv2 99 -15.95 3.77 10.74 4.69 125.49 963.275 24.261 0.9269 3080
conv2 100 8.59 9.75 11.85 5.10 49.54 620.416 32.812 0.9218 1614
conv2 101 -1.68 0.47 4.33 5.22 166.32 549.667 8.432 0.9786 1005
conv2 102 -1.21 1.39 5.90 4.84 99.69 1480.748 54.057 0.9462 1000
conv2 103 9.17 -15.82 6.16 10.88 165.41 1136.463 35.683 0.9651 3864
conv2 104 -2.43 -0.06 15.35 15.09 8.29 480.530 -25.609 0.9033 745
conv2 105 -12.38 5.82 11.29 7.08 106.51 942.268 -2.721 0.9576 7968
conv2 106 -10.99 5.68 8.85 6.57 111.78 404.348 21.488 0.9252 1211
conv2 107 1.80 -2.57 4.61 4.40 62.45 2466.100 36.288 0.9764 1761
conv2 108 3.47 1.75 10.46 8.63 69.84 274.811 4.213 0.9313 453
conv2 109 -1.47 16.55 4.03 3.70 56.24 288.096 53.843 0.3035 3114
conv2 110 -0.64 5.19 11.63 3.75 90.74 32.597 0.129 0.9461 29
conv2 111 1.61 -1.62 3.19 15.02 178.84 271.892 39.256 0.7101 602
conv2 112 -3.34 -4.64 3.85 6.42 0.71 81.737 5.532 0.8552 642
conv2 113 3.26 9.26 23.13 11.41 69.94 232.461 12.185 0.6917 1497
conv2 114 -26.50 -26.50 1.00 1.00 89.00 -1.000 -1.000 0.0000 4827
conv2 115 -26.50 -26.50 1.00 1.00 89.00 -1.000 -1.000 0.0000 9026
conv2 116 2.12 -0.47 5.53 11.91 20.76 429.004 33.869 0.8994 342
conv2 117 -2.30 -3.57 5.35 5.71 175.64 1027.250 20.917 0.9691 924
conv2 118 9.51 11.73 8.03 5.29 38.51 658.146 14.188 0.9421 2024
conv2 119 -3.03 3.90 9.60 6.42 137.25 523.700 41.449 0.9024 1147
conv2 120 8.48 -6.49 9.22 28.21 10.76 158.680 14.019 0.7121 928
conv2 121 17.61 19.06 6.07 18.49 45.91 320.925 58.843 0.6314 19274
conv2 122 -9.02 -9.75 6.55 7.11 34.42 299.189 5.207 0.9443 812
conv2 123 4289.34 145.10 1719.00 5.55 178.31 7715.303 125.915 0.4502 22247
conv2 124 17.73 5.73 7.44 4.85 72.05 1622.256 32.541 0.9747 2761
conv2 125 0.13 -2.07 7.44 5.57 95.65 527.565 108.425 0.8282 9811
conv2 126 9.31 8.39 9.34 4.84 43.66 174.816 9.143 0.8651 1659
conv2 127 -7.66 -4.74 8.25 5.97 43.23 897.263 32.251 0.9334 1074
conv2 128 2.10 -4.40 12.04 8.80 128.57 880.615 11.684 0.9576 3712
conv2 129 7.62 -7.69 1442.70 1704.84 26.19 628285.979 -628060.631 0.4419 6726
conv2 130 -1.57 3.03 9.68 6.04 70.30 340.667 79.706 0.6974 18669
conv2 131 1.74 11.75 4.56 11.27 170.65 1230.200 21.412 0.9450 2577
conv2 132 -12.41 -2.43 19.05 9.38 79.99 646.062 -20.551 0.8532 5155
conv2 133 8.97 -7.86 10.13 8.83 115.84 647.167 -0.553 0.8633 2447
conv2 134 -15.31 -14.45 13.74 10.27 33.76 963.069 134.556 0.9576 18796
conv2 135 8.36 -11.14 6.56 5.34 131.92 1770.623 24.131 0.9624 1276
conv2 136 -0.54 12.52 8.04 7.05 42.15 321.815 12.881 0.9420 2067
conv2 137 -7.71 -2.88 7.40 5.77 12.09 215.677 80.244 0.4967 1634
conv2 138 -26.50 -26.50 1.00 1.00 89.00 -1.000 -1.000 0.0000 12438
conv2 139 14.62 -19.25 9.23 7.94 145.00 986.112 27.484 0.9500 10720
conv2 140 2.76 0.49 13.77 14.39 20.50 221.284 -7.178 0.8239 333
conv2 141 7.79 -1.93 6.09 5.70 30.94 952.051 40.639 0.9248 2056
conv2 142 -13.87 9.38 12.86 9.11 107.84 1219.621 -5.199 0.9196 8171
conv2 143 -10.75 4.25 11.98 5.39 88.55 411.506 23.657 0.8467 887
conv2 144 0.43 -11.66 8.27 7.49 94.36 1198.426 15.759 0.9525 3985
conv2 145 -13.97 -3.04 11.35 7.37 83.03 434.433 36.870 0.7672 7618
conv2 146 -6.22 7.59 9.15 8.58 35.47 41.507 2.360 0.8941 162
conv2 147 -1.61 15.86 5.19 8.89 163.66 1040.703 71.823 0.9289 3078
conv2 148 -20.53 4.05 32.54 4.93 92.30 217.070 11.200 0.8761 2005
conv2 149 3.26 -5.45 9.92 5.55 162.15 172.728 13.531 0.8320 2257
conv2 150 5.20 -10.22 7.32 6.80 131.56 1121.475 31.955 0.9483 2680
conv2 151 -17.01 15.96 9.55 5.94 155.77 281.743 45.838 0.7447 6119
conv2 152 -0.43 6.38 5.84 10.98 20.31 388.708 105.363 0.7268 1281
conv2 153 2.24 1.17 14.26 8.73 131.05 376.104 19.656 0.8723 986
conv2 154 0.06 -1.79 9.22 8.61 152.96 1346.774 68.011 0.9796 6572
conv2 155 -1.30 2.10 13.98 8.26 139.02 610.721 29.965 0.9089 2089
conv2 156 -3.80 3.41 12.21 7.52 53.18 881.262 170.976 0.7501 23068
conv2 157 -15.70 3.18 12.15 6.58 122.55 731.133 19.425 0.9468 2674
conv2 158 0.10 14.93 7.34 13.77 9.71 186.510 11.795 0.8920 5185
conv2 159 -2.67 -4.55 11.21 6.76 63.66 378.527 35.264 0.8583 497
conv2 160 31.19 16.64 4.90 42.45 9.90 741.086 157.727 0.4566 18132
conv2 161 -0.83 -0.03 8.98 8.45 35.24 487.352 32.411 0.9685 1431
conv2 162 12.61 6.38 12.87 6.10 43.30 431.767 79.365 0.7195 7275
conv2 163 -2.61 -13.47 3.99 6.70 176.87 2510.061 49.907 0.9621 2783
conv2 164 360.48 -36.52 8.56 191.27 8.85 2235.547 93.134 0.7876 18089
conv2 165 -16.59 6.46 24.90 7.39 96.09 676.607 70.826 0.8484 11404
conv2 166 1690.96 1376.67 8.20 553.35 140.32 805838.341 112.545 0.5792 8062
conv2 167 -3.77 3.60 8.69 13.48 162.34 458.062 28.297 0.8948 1572
conv2 168 -3.33 5.18 5.45 4.64 82.38 1282.126 40.718 0.9586 1716
conv2 169 7.64 -3.79 12.03 6.05 161.73 386.713 33.154 0.8724 989
conv2 170 -1.05 -7.18 16.84 11.34 88.81 345.860 -4.469 0.8594 2461
conv2 171 10.46 8.34 12.30 10.34 80.79 1195.518 85.658 0.7791 19592
conv2 172 -2.34 -3.14 6.21 8.03 26.70 534.617 59.552 0.8966 3844
conv2 173 18.60 18.13 10.20 5.07 33.43 375.720 80.892 0.5041 12329
conv2 174 -15.66 -14.24 5.26 3.20 54.20 41.254 2.897 0.5805 386
conv2 175 -18.53 -11.75 11.13 5.85 83.81 632.424 77.426 0.7281 13621
conv2 176 -1.92 10.11 10.60 5.40 76.13 167.026 15.834 0.8839 2046
conv2 177 -4.52 14.15 5.25 14.44 170.34 805.321 30.888 0.9216 4456
conv2 178 5.87 -16.99 9.20 5.66 145.30 1582.142 22.317 0.9682 3759
conv2 179 -15.46 15.52 10.65 6.18 142.76 2117.238 20.709 0.9662 4977
conv2 180 -0.41 -0.51 4.86 5.39 153.94 157.468 5.270 0.9580 750
conv2 181 2.26 -6.41 15.00 9.01 60.53 172.262 24.358 0.8499 1100
conv2 182 -16.89 2.33 8.95 5.49 80.40 1150.045 53.899 0.9454 2916
conv2 183 -0.22 1.35 8.29 5.97 165.99 496.194 96.346 0.7170 7735
conv2 184 5.49 6.18 5.37 8.85 37.57 181.433 16.715 0.8975 2407
conv2 185 -5.95 -12.35 8.62 6.72 60.16 1604.892 15.565 0.9629 5754
conv2 186 5.75 -12.12 5.06 9.85 156.29 447.895 19.668 0.9379 2501
conv2 187 -1.84 -18.72 4.87 16.71 1.43 658.315 28.970 0.9233 4512
conv2 188 -12.16 -5.95 10.47 4.56 68.75 1898.799 62.823 0.9302 4333
conv2 189 15.27 -6.88 6.32 6.96 144.38 2130.186 6.972 0.9819 2820
conv2 190 -13.85 4.98 10.34 6.07 111.92 371.113 43.891 0.7719 4261
conv2 191 -19.77 19.27 8.86 4.56 130.35 326.636 26.911 0.5764 7870
conv3 0 -2.02 11.36 14.15 9.31 94.09 470.039 21.273 0.8720 1130
conv3 1 8.65 -31.54 8.47 23.89 175.39 144.115 1.311 0.7608 913
conv3 2 5.42 10.50 9.95 6.45 42.15 221.478 2.746 0.9548 549
conv3 3 8.88 36.82 21.53 64.02 24.49 580.092 46.588 0.7382 12121
conv3 4 -0.43 -0.77 14.99 8.31 75.92 73.597 2.749 0.7521 40
conv3 5 4.10 -2.47 17.82 14.44 75.30 249.741 1.228 0.8506 438
conv3 6 -17.71 25.99 9.07 30.36 170.74 37.734 0.141 0.7049 327
conv3 7 -41.44 21.93 13.43 4.98 94.89 163.736 15.351 0.4674 2046
conv3 8 -6.12 -0.98 4.27 7.39 178.41 390.186 0.888 0.8968 317
conv3 9 -0.31 4.91 16.25 9.81 83.05 28.131 1.501 0.7915 177
conv3 10 3.33 15.18 3.17 4.83 100.82 13.656 0.916 0.3814 199
conv3 11 -34.13 -4.90 13.39 9.30 73.85 247.115 37.125 0.6761 1441
conv3 12 -2.75 2.21 7.75 20.24 15.61 49.395 1.805 0.8587 27
conv3 13 26.74 -15.62 25.89 9.80 112.24 224.037 9.804 0.8323 1814
conv3 14 0.20 0.20 14.84 10.91 136.77 389.554 21.955 0.9097 400
conv3 15 8.78 0.01 36.87 19.80 3.06 34.568 0.970 0.4696 627
conv3 16 15.32 20.70 6.86 4.97 23.79 135.940 13.052 0.2886 2084
conv3 17 -0.43 1.86 12.06 4.89 89.93 122.530 5.739 0.7420 233
conv3 18 -1.82 26.24 12.05 5.46 3.58 44.598 6.080 0.6963 339
conv3 19 1.96 -29.48 9.19 16.98 179.58 607.760 31.800 0.9221 2444
conv3 20 18.24 12.76 13.93 7.97 54.30 1464.275 281.197 0.7460 11582
conv3 21 -3.03 21.14 15.61 16.06 16.36 2422.133 7.790 0.9198 6359
conv3 22 -0.94 9.64 14.42 25.50 14.46 265.641 13.257 0.8044 469
conv3 23 -40.84 -0.33 42.86 27.99 162.61 46.067 -3.942 0.6751 303
conv3 24 18.54 -31.99 43.18 12.10 158.04 336.851 89.037 0.6708 8621
conv3 25 -34.68 -28.11 15.86 7.93 65.15 347.706 56.547 0.5363 3979
conv3 26 -7.15 -6.00 32.41 12.24 21.46 710.368 173.152 0.6191 11196
conv3 27 37.51 -11.06 9.38 6.14 91.02 203.474 52.514 0.4047 1040
conv3 28 -3487.24 -2270.67 20.73 1042.05 146.21 760018.667 12.836 0.6202 10901
conv3 29 -9.79 40.80 24.60 7.30 172.74 230.532 6.261 0.9125 2414
conv3 30 5.75 -11.98 25.51 13.62 85.98 171.668 9.103 0.7509 573
conv3 31 -8.76 -35.70 12.64 36.47 21.72 721.686 31.513 0.8179 8031
conv3 32 -0.26 -0.83 12.74 3.68 93.25 120.650 0.448 0.9241 62
conv3 33 32.66 -1.53 10.05 9.09 137.20 7.846 0.042 0.9230 49
conv3 34 3.54 -2.73 31.60 12.32 94.76 282.565 12.014 0.8734 481
conv3 35 -29.15 -7.03 22.02 12.86 76.37 1972.910 -8.629 0.9547 6750
conv3 36 13.02 24.84 39.28 10.92 1.60 234.778 65.801 0.5229 6981
conv3 37 40.82 -6.86 17.54 7.74 96.29 258.915 43.255 0.6741 8504
conv3 38 -0.16 -33.55 11.31 9.33 169.66 22.994 1.118 0.8531 140
conv3 39 26.78 1.80 21.21 15.52 65.09 283.878 1.495 0.9252 1799
conv3 40 -0.52 -0.58 3.81 22.57 19.02 0.206 0.004 0.7001 3
conv3 41 0.20 0.59 8.54 18.45 161.93 72.525 7.786 0.7557 40
conv3 42 -5.92 -18.78 16.39 18.13 8.90 77.996 0.190 0.8605 140
conv3 43 -22.12 4.40 9.23 6.50 84.00 377.543 0.898 0.9635 520
conv3 44 -2.51 1.32 18.78 18.22 38.94 707.404 29.526 0.9215 530
conv3 45 26.87 5.49 9.21 6.89 60.40 435.950 22.246 0.7793 1594
conv3 46 -31.87 -20.79 10.67 6.71 61.26 87.249 6.468 0.6628 1294
conv3 47 -11.61 30.62 7.24 9.75 21.39 9.930 0.154 0.7544 50
conv3 48 -12.31 24.32 10.61 6.39 162.19 64.256 5.093 0.7081 473
conv3 49 -0.83 -11.51 12.95 9.04 95.62 965.886 105.919 0.8203 4312
conv3 50 29.04 4.51 14.72 10.72 80.33 131.531 4.893 0.9242 1054
conv3 51 -8.11 10.11 25.61 7.66 56.29 85.177 4.475 0.7547 1406
conv3 52 1.75 3.81 9.88 9.24 129.85 2375.409 5.924 0.9857 1758
conv3 53 -15.39 -17.38 13.58 8.31 58.80 747.513 24.629 0.9640 1884
conv3 54 -2.15 0.55 6.70 11.55 30.33 822.906 15.706 0.9387 691
conv3 55 4.74 -11.42 24.49 10.39 60.68 8.808 1.421 0.3769 303
conv3 56 -28.95 5.41 12.46 8.87 82.38 154.391 2.755 0.9234 879
conv3 57 -1.75 -6.21 9.02 8.13 73.55 260.752 2.821 0.9434 441
conv3 58 30.70 -38.70 17.73 6.95 142.25 192.613 23.745 0.6350 803
conv3 59 -50.50 -50.50 1.00 1.00 89.00 -1.000 -1.000 0.0000 10601
conv3 60 -33.88 -23.24 16.74 12.86 119.32 426.229 7.782 0.9121 2817
conv3 61 5.14 -2.86 11.54 9.74 122.29 2087.612 55.867 0.9696 2561
conv3 62 41.40 -28.75 12.44 6.08 116.18 36.924 0.965 0.8923 288
conv3 63 0.35 -6.15 31.09 14.32 86.12 1.234 0.113 0.6050 13
conv3 64 -28.02 -2.53 15.86 6.58 82.37 1129.146 260.917 0.4932 6879
conv3 65 2.54 7.36 4.94 6.84 179.10 51.245 -0.014 0.8857 70
conv3 66 24.15 4.45 16.37 8.56 61.49 538.138 25.043 0.9256 2291
conv3 67 -2.16 -2.00 8.94 9.83 35.52 349.537 0.752 0.9763 131
conv3 68 -15.42 13.96 24.40 18.27 169.92 77.639 0.993 0.7514 1045
conv3 69 1.06 1.07 15.82 28.98 109.82 11.031 -0.387 0.7565 22
conv3 70 -26.74 -4.22 9.26 6.18 93.03 111.305 2.310 0.8617 425
conv3 71 -14.46 -35.59 11.59 32.44 13.57 1436.952 62.259 0.8829 6544
conv3 72 -6.02 39.56 5.95 27.74 174.09 157.879 6.601 0.7411 1919
conv3 73 2.10 5.63 24.92 70.55 1.84 58.590 6.263 0.4291 751
conv3 74 -19.34 14.69 21.60 15.18 64.74 259.024 17.469 0.7955 740
conv3 75 40.27 23.03 14.57 6.42 74.85 187.255 11.219 0.8579 2454
conv3 76 33.91 -27.49 11.41 9.21 90.22 293.260 5.128 0.8723 2640
conv3 77 28.11 95.73 78.85 11.17 121.40 70.127 20.270 0.1273 1373
conv3 78 -30.73 16.04 8.72 22.12 104.01 883.423 267.470 0.4850 21802
conv3 79 -0.30 -11.79 7.03 9.07 178.16 987.082 12.278 0.9720 1314
conv3 80 -3.06 -6.87 26.58 19.98 153.34 39.493 -1.895 0.8151 50
conv3 81 -14.58 12.79 7.36 11.13 18.11 67.439 0.976 0.7893 326
conv3 82 -6.15 -0.74 9.95 8.44 66.56 788.797 23.949 0.9491 1089
conv3 83 -37.09 -32.04 14.83 8.39 58.00 271.190 97.841 0.2507 11195
conv3 84 -31.76 -10.08 29.09 11.23 81.70 858.743 5.115 0.9738 5889
conv3 85 -50.50 -50.50 1.00 1.00 89.00 -1.000 -1.000 -0.0052 2
conv3 86 4.86 -37.65 2.60 13.75 179.99 52.455 0.692 0.8889 181
conv3 87 -29.60 -9.67 30.80 13.00 79.39 1071.593 34.908 0.9198 11768
conv3 88 8.43 5.74 5.76 5.28 155.11 233.765 -0.098 0.9028 166
conv3 89 6.62 -27.20 11.72 27.82 170.15 832.265 14.578 0.8563 7669
conv3 90 8.97 33.06 34.10 19.68 102.91 220.576 15.935 0.8917 1164
conv3 91 -3.10 -28.96 11.31 9.62 98.52 463.592 7.894 0.9483 1594
conv3 92 -16.21 -1.08 5.44 5.85 120.49 649.743 85.861 0.2053 3273
conv3 93 -26.47 25.85 6.24 5.97 169.50 28.709 0.986 0.5450 140
conv3 94 -1.97 -32.11 11.36 17.07 2.32 2268.212 32.897 0.9754 4498
conv3 95 19.92 -5.56 26.74 20.63 115.11 575.833 93.572 0.7419 2424
conv3 96 -1.10 38.84 28.24 9.08 173.30 793.365 70.195 0.8281 5313
conv3 97 0.99 1.12 19.64 24.96 173.26 25.867 -0.627 0.8926 44
conv3 98 -49.50 -49.50 24.75 19.80 90.00 0.000 0.000 nan 0
conv3 99 -13.95 0.47 7.83 9.30 7.06 309.209 3.333 0.9517 382
conv3 100 22.25 -15.00 15.87 13.28 140.96 879.524 24.653 0.9625 2716
conv3 101 6.79 -31.55 33.37 67.36 2.75 11.260 -0.556 0.2121 840
conv3 102 -10.20 -3.90 13.62 8.40 41.29 245.899 14.040 0.8191 538
conv3 103 6.81 -19.60 10.14 15.40 136.83 852.332 157.165 0.6427 11335
conv3 104 0.12 12.78 19.74 11.09 97.39 114.344 2.597 0.8884 79
conv3 105 35.25 4.70 23.61 9.45 91.25 577.353 5.023 0.9714 3104
conv3 106 29.92 6.91 10.26 14.24 52.14 468.412 52.435 0.8331 2013
conv3 107 -35.64 -2.21 16.27 11.39 96.66 2110.947 9.908 0.9751 4517
conv3 108 3.64 -25.22 8.63 10.19 116.77 490.506 5.132 0.9699 933
conv3 109 27.71 -27.51 7.13 9.60 154.25 355.040 22.164 0.5137 1877
conv3 110 13.94 -0.10 11.22 21.93 3.10 365.341 6.798 0.8972 571
conv3 111 -1.57 0.80 9.41 6.66 94.42 279.068 7.862 0.9346 161
conv3 112 6.79 -33.23 6.25 18.10 166.93 92.607 10.863 0.7613 590
conv3 113 7.81 -23.18 18.65 11.79 30.89 380.328 0.685 0.9187 1543
conv3 114 -38.23 -5.11 13.25 3.24 89.60 128.506 5.441 0.8152 318
conv3 115 13.44 -2.15 11.17 23.80 170.04 222.297 5.074 0.9114 248
conv3 116 32.15 17.09 25.08 12.99 58.78 324.349 25.895 0.8538 4608
conv3 117 39.46 -19.24 16.43 6.94 105.72 246.444 39.657 0.4272 6591
conv3 118 0.46 -0.75 127.03 120.07 66.91 10636.261 -9367.769 0.5255 10254
conv3 119 -6.07 9.43 21.83 15.41 141.92 268.050 8.037 0.8528 296
conv3 120 1.37 -2.06 10.85 7.04 1.50 489.294 35.327 0.7701 1576
conv3 121 -5.18 -37.59 3.53 0.94 67.99 0.369 -0.000 0.7834 1
conv3 122 -35.77 -30.78 11.88 7.83 55.81 472.820 273.359 0.1630 25194
conv3 123 4.84 -21.49 13.03 10.29 70.88 1972.748 21.571 0.9747 3371
conv3 124 -1.28 -27.23 19.20 14.88 84.88 76.927 0.018 0.8827 171
conv3 125 -1.89 3.43 7.48 6.87 166.87 297.511 0.219 0.9782 348
conv3 126 -15.21 8.68 18.74 37.07 65.47 53.755 3.337 0.3514 477
conv3 127 9.15 20.82 17.22 14.28 74.08 94.948 3.241 0.8355 267
conv3 128 -1.25 0.88 10.91 10.66 64.59 1619.144 29.206 0.9521 575
conv3 129 -4.01 -17.21 31.14 26.32 27.60 71.204 -4.404 0.6755 316
conv3 130 -35.84 34.58 20.71 9.98 126.59 388.880 49.570 0.6254 14062
conv3 131 -37.68 -8.05 9.93 3.15 89.87 24.672 0.503 0.5031 213
conv3 132 -4.94 -31.73 5.69 8.39 10.14 204.632 3.399 0.9099 427
conv3 133 -11.99 -23.07 20.76 14.47 148.39 5.572 0.220 0.4159 49
conv3 134 -8.35 25.50 12.01 18.08 179.58 819.546 7.056 0.9600 4657
conv3 135 20.05 15.91 35.98 10.52 33.36 138.391 8.071 0.7184 1899
conv3 136 -0.98 -30.04 8.08 11.55 172.96 276.782 15.336 0.7419 2893
conv3 137 -49.50 -49.50 24.75 19.80 90.00 0.000 0.000 nan 0
conv3 138 10.18 11.20 7.28 8.64 42.16 1109.283 4.406 0.9889 1024
conv3 139 20.63 5.20 20.93 7.66 75.85 185.487 37.195 0.6180 586
conv3 140 2.19 -4.09 14.70 11.62 87.36 614.124 24.773 0.9209 960
conv3 141 7.71 -33.51 27.76 8.70 178.76 187.724 5.215 0.8188 1325
conv3 142 -9.43 -42.49 15.40 10.35 10.81 261.941 9.318 0.9639 2718
conv3 143 -2.78 -12.55 7.76 6.98 144.04 1093.275 2.790 0.9831 1129
conv3 144 -45.11 -17.51 21.30 24.07 28.60 88.488 8.099 0.7673 3224
conv3 145 1.36 5.23 25.22 22.65 63.71 427.251 3.433 0.9373 366
conv3 146 -10.66 9.48 5.70 11.45 43.85 141.270 3.722 0.8437 257
conv3 147 34.01 -6.81 29.33 10.41 87.07 765.753 105.388 0.6210 13019
conv3 148 -5.86 -3.79 28.52 20.53 135.64 270.242 5.637 0.8560 1165
conv3 149 17.25 1.64 17.86 14.84 31.72 709.730 10.999 0.9481 3136
conv3 150 -2.45 15.07 14.94 12.09 79.65 607.583 16.133 0.8672 1055
conv3 151 -0.90 0.48 12.91 7.13 90.45 582.017 22.618 0.9457 344
conv3 152 5.06 -8.77 12.72 9.21 140.08 439.644 4.902 0.9679 1304
conv3 153 -14.17 -15.73 21.40 10.17 28.06 43.094 2.581 0.7951 233
conv3 154 -0.50 -0.50 13.69 7.01 112.30 3.685 -0.031 0.7779 1
conv3 155 -39.21 11.81 27.92 7.25 90.82 131.394 5.457 0.8220 811
conv3 156 -30.93 21.33 26.56 12.98 116.37 89.414 31.691 0.4816 1520
conv3 157 -1.07 37.11 5.40 17.85 178.05 249.832 80.645 0.4099 7383
conv3 158 0.36 -5.46 9.24 11.44 176.90 204.523 29.542 0.5309 821
conv3 159 1.47 2.05 9.66 8.51 93.52 133.656 2.501 0.9466 88
conv3 160 19.80 -6.16 7.13 5.00 104.44 26.847 1.802 0.5953 228
conv3 161 -0.55 5.03 11.21 9.03 21.19 772.352 0.451 0.9803 1496
conv3 162 -3.29 -1.16 17.79 16.81 104.63 862.261 28.372 0.9290 469
conv3 163 3.67 20.84 11.23 9.59 55.67 1710.813 23.004 0.9654 2213
conv3 164 22.88 14.86 9.71 9.43 10.64 167.192 34.815 0.4819 1659
conv3 165 13.55 -3.93 7.82 4.92 155.57 36.760 -0.059 0.8940 86
conv3 166 5.36 24.91 7.41 16.28 172.04 686.262 12.661 0.9478 2987
conv3 167 2.82 0.14 10.53 8.98 49.22 777.160 3.587 0.9734 1373
conv3 168 36.95 -18.54 10.47 3.43 91.66 10.390 0.040 0.9095 49
conv3 169 38.46 7.46 51.41 11.32 62.58 408.571 145.437 0.4798 13930
conv3 170 -41.83 -35.88 25.36 8.80 42.34 502.146 43.508 0.5447 12069
conv3 171 23.62 -35.10 36.00 8.80 153.60 279.287 33.651 0.6949 7463
conv3 172 -21.69 -27.70 12.99 10.42 25.42 713.204 15.639 0.9557 2433
conv3 173 -10.94 -35.88 31.74 12.90 31.30 214.925 35.919 0.6517 2600
conv3 174 -33.18 -22.74 33.38 10.97 61.50 419.223 31.980 0.8927 6159
conv3 175 -5.44 8.74 3.81 2.11 44.22 1.508 0.007 0.4849 5
conv3 176 37.00 -0.50 6.80 3.58 90.00 0.467 -0.001 0.7919 1
conv3 177 30.43 33.39 18.04 9.69 42.67 443.233 52.508 0.7271 3735
conv3 178 1577.59 1366.59 1049.52 9.58 140.59 1871.222 25.226 0.5377 11440
conv3 179 12.31 -34.69 12.77 26.13 174.21 377.158 36.133 0.7973 7172
conv3 180 14.09 -2.06 11.60 6.35 162.33 131.275 0.386 0.9266 91
conv3 181 3.15 -3.93 5.92 8.02 109.79 370.507 2.667 0.9545 676
conv3 182 -0.15 -0.46 8.05 22.79 2.73 34.879 1.732 0.8045 28
conv3 183 -28.90 -0.51 13.81 11.13 88.98 502.080 8.842 0.9600 1919
conv3 184 -16.59 15.65 6.28 1.58 34.74 5.560 0.034 0.5314 20
conv3 185 5.04 -0.11 6.00 3.46 84.87 26.934 0.037 0.8989 36
conv3 186 -37.88 -24.78 11.02 7.74 77.91 123.563 27.183 0.4395 1163
conv3 187 -25.55 -11.84 20.72 11.83 41.92 419.664 40.356 0.8254 2185
conv3 188 -1.05 5.11 7.73 10.25 127.38 452.645 53.920 0.5904 2350
conv3 189 0.40 -0.26 7.80 7.25 83.37 585.264 3.275 0.9695 169
conv3 190 -21.83 6.15 14.14 6.99 26.18 167.589 23.029 0.6442 1199
conv3 191 4.14 29.67 9.60 14.97 20.28 805.414 12.159 0.9641 2127
conv3 192 -50.50 -50.50 1.00 1.00 89.00 -1.000 -1.000 -0.0000 19207
conv3 193 -0.48 -33.87 9.95 4.87 76.16 19.275 0.286 0.8914 27
conv3 194 -0.97 -4.14 25.41 26.69 179.50 225.365 -12.032 0.7444 855
conv3 195 -2.69 -165.66 235.34 14.72 90.70 249.267 24.181 0.6325 726
conv3 196 -6.79 5.15 12.54 7.99 64.66 231.026 4.083 0.8839 786
conv3 197 -7.32 -1.28 89.20 11.57 5.15 64.184 4.678 0.7166 360
conv3 198 -7.03 -34.30 9.31 37.48 176.31 109.044 12.744 0.7245 2920
conv3 199 -0.90 -39.11 27.36 10.34 19.15 171.694 9.933 0.8853 3399
conv3 200 -5.72 12.36 16.35 18.31 1.25 19.028 1.687 0.6407 40
conv3 201 -49.50 -49.50 24.75 19.80 90.00 0.000 0.000 nan 0
conv3 202 0.51 -25.02 18.86 10.73 94.16 27.552 -0.204 0.8877 5
conv3 203 -17.94 -9.40 14.51 10.23 9.32 758.802 34.499 0.8762 2104
conv3 204 35.40 -12.23 39.67 10.78 100.16 674.009 306.005 0.5263 24867
conv3 205 -40.79 -34.42 69.48 10.18 47.18 282.500 28.438 0.6069 8559
conv3 206 -34.27 -72.29 111.58 11.44 88.61 395.257 151.999 0.6307 18380
conv3 207 -18.83 36.12 17.59 7.93 152.08 63.840 1.474 0.8593 752
conv3 208 28.09 -31.47 8.36 9.76 141.24 344.568 11.122 0.8082 2027
conv3 209 16.35 -6.07 27.57 8.10 54.67 389.559 10.996 0.7047 2497
conv3 210 -3.69 -38.02 17.08 6.41 14.68 53.662 9.141 0.3238 1699
conv3 211 4.38 -16.57 10.15 11.05 129.48 718.165 14.591 0.9313 1276
conv3 212 14.93 -3.98 36.32 19.17 134.97 267.204 2.675 0.5902 1753
conv3 213 -6.25 3.00 7.46 6.81 66.20 1294.679 -0.426 0.9830 747
conv3 214 -8.23 -24.45 41.66 14.16 42.39 21.504 9.241 0.2952 419
conv3 215 14.98 1.71 9.20 11.10 11.80 586.861 12.684 0.9452 231
conv3 216 -49.50 -49.50 24.75 19.80 90.00 0.000 0.000 nan 0
conv3 217 -1.00 -14.09 21.08 17.22 106.76 167.367 17.071 0.8191 167
conv3 218 -4.64 30.31 9.26 17.89 168.12 187.963 23.069 0.8155 898
conv3 219 -0.81 -1.38 15.25 10.32 111.73 4.012 0.032 0.8903 7
conv3 220 -16.00 9.62 12.34 14.48 129.26 497.637 7.452 0.9052 504
conv3 221 7.94 15.85 23.50 21.72 92.33 573.897 21.283 0.8264 2334
conv3 222 30.98 -11.39 21.75 11.94 114.90 763.239 7.272 0.9508 3628
conv3 223 5.74 0.48 9.51 8.50 98.57 2233.535 40.623 0.9698 2099
conv3 224 18.07 9.47 7.65 3.49 100.24 1.312 0.000 0.8145 2
conv3 225 2.95 -33.73 5.70 21.58 18.08 3.350 0.291 0.3192 59
conv3 226 0.33 11.33 12.80 9.18 92.59 734.637 7.637 0.9757 342
conv3 227 33.04 4.99 17.46 12.28 78.68 222.355 8.225 0.8831 2035
conv3 228 20.17 -8.16 27.15 10.78 112.59 239.551 14.752 0.7618 1343
conv3 229 -50.50 -50.50 1.00 1.00 89.00 -1.000 -1.000 0.0000 1407
conv3 230 -1.28 -11.00 15.53 6.09 89.21 34.217 2.178 0.8036 25
conv3 231 -5.91 9.14 108.68 69.32 91.92 210.458 -151.673 0.3576 666
conv3 232 -50.50 -50.50 1.00 1.00 89.00 -1.000 -1.000 -0.0000 21978
conv3 233 -0.61 -13.76 53.19 35.59 104.49 126.911 -33.754 0.5970 847
conv3 234 19.35 14.14 19.35 9.26 44.69 270.018 1.729 0.8593 1129
conv3 235 -27.73 -22.53 6.55 9.34 30.81 21.596 1.188 0.6565 127
conv3 236 -6.52 -23.14 19.44 25.63 126.21 132.014 -2.893 0.8159 526
conv3 237 16.01 18.94 34.66 14.20 42.90 358.581 13.834 0.8420 2563
conv3 238 24.08 -34.65 11.46 25.01 164.91 690.222 53.472 0.8667 9094
conv3 239 1.08 -2.21 8.23 6.73 134.33 464.383 -1.048 0.9745 244
conv3 240 31.92 12.25 18.75 8.82 81.12 480.116 11.706 0.9596 2520
conv3 241 2520.50 12566.26 911.36 41573.72 101.39 -3.109 2.964 0.0201 4
conv3 242 -2.45 4.72 13.29 11.27 103.49 585.149 17.147 0.8723 295
conv3 243 27.79 18.95 17.96 11.83 52.97 1081.224 5.286 0.9635 2961
conv3 244 -0.45 14.37 8.57 7.25 171.59 208.493 20.925 0.6793 1503
conv3 245 28.21 -70.13 115.88 9.51 99.36 700.102 168.432 0.5885 19619
conv3 246 -29.28 -1.83 11.88 10.06 78.11 348.590 27.164 0.8490 1733
conv3 247 -0.03 -7.10 9.40 10.95 150.38 1847.355 44.757 0.9631 1402
conv3 248 10.11 34.18 10.66 54.15 5.77 351.195 61.881 0.8393 14685
conv3 249 8.97 30.56 10.99 23.98 8.39 984.166 35.968 0.9245 6670
conv3 250 37.69 6.58 65.66 13.78 40.98 369.457 19.187 0.7583 3281
conv3 251 0.50 -32.81 9.48 13.34 9.04 538.407 9.968 0.9605 2475
conv3 252 -50.50 -50.50 1.00 1.00 89.00 -1.000 -1.000 0.0000 1707
conv3 253 6.70 13.10 5.52 10.11 35.97 161.728 0.356 0.9635 207
conv3 254 36.52 8.60 37.58 15.08 80.36 1655.489 59.287 0.8605 11665
conv3 255 27.87 26.85 9.30 5.26 67.38 16.397 0.916 0.4760 77
conv3 256 -0.84 0.87 11.65 9.70 103.02 1022.932 23.656 0.9546 2530
conv3 257 -27.16 6.05 7.10 8.58 63.60 52.447 4.594 0.6672 177
conv3 258 0.33 2.19 9.86 7.70 63.51 123.707 0.810 0.9082 357
conv3 259 3.78 -2.39 8.98 7.30 167.36 152.575 2.527 0.8651 264
conv3 260 -12.99 19.82 9.47 13.30 168.05 942.689 20.518 0.9338 1256
conv3 261 0.97 -29.52 14.57 22.71 0.55 845.138 48.504 0.9298 2346
conv3 262 9.21 -17.42 20.80 7.13 125.83 67.607 0.532 0.7437 351
conv3 263 -2758.74 -1851.81 984.50 11.28 146.85 3087.101 1.528 0.4610 167
conv3 264 18.11 12.85 10.27 16.28 37.31 1224.358 28.125 0.9641 3263
conv3 265 40.56 -39.10 6.18 8.63 130.27 188.769 81.610 0.2183 6538
conv3 266 1.07 -2.84 6.63 5.04 87.51 102.712 0.026 0.9372 51
conv3 267 -35.33 24.76 30.54 12.01 122.23 450.181 23.230 0.8931 3763
conv3 268 -3.73 -1.49 8.78 11.63 148.35 873.471 13.930 0.9504 981
conv3 269 -41.49 -32.43 19.39 7.13 58.09 160.498 89.818 0.2396 9518
conv3 270 -31.29 -14.00 19.53 7.29 83.01 82.628 22.082 0.4777 760
conv3 271 -21.16 19.37 15.95 9.77 135.98 217.835 10.938 0.8732 489
conv3 272 -10.14 -38.71 9.82 18.94 12.73 738.163 28.742 0.9505 4222
conv3 273 -5.02 2.78 8.90 5.67 94.60 647.882 17.530 0.8964 1523
conv3 274 -38.16 -28.10 3.29 2.26 14.52 0.693 0.001 0.7454 4
conv3 275 -50.50 -50.50 1.00 1.00 89.00 -1.000 -1.000 0.0000 742
conv3 276 -4.07 -40.87 7.96 24.22 2.51 505.456 3.432 0.9496 5284
conv3 277 -31.24 -23.80 24.81 13.93 69.81 862.225 33.521 0.9476 7219
conv3 278 8.20 -15.85 9.76 15.81 150.00 942.084 31.472 0.9278 1894
conv3 279 -0.61 -20.42 16.48 18.66 12.48 226.029 8.938 0.8352 255
conv3 280 0.75 2.46 10.44 8.32 82.06 444.876 28.857 0.7946 1517
conv3 281 -37.33 1.27 17.07 4.88 91.93 126.168 22.952 0.4398 893
conv3 282 -30.75 -41.63 9.15 32.43 44.81 337.656 66.640 0.4221 14747
conv3 283 29.45 28.08 26.03 7.70 26.17 175.894 47.409 0.4287 4776
conv3 284 34.66 9.17 17.93 7.02 75.28 177.807 49.677 0.4209 10723
conv3 285 -18.67 -20.86 22.35 15.18 40.92 176.924 9.344 0.7890 1269
conv3 286 -2.93 41.19 9.67 39.82 21.91 405.927 32.420 0.7940 6002
conv3 287 -36.73 25.36 17.21 9.98 98.12 467.834 78.755 0.5799 7155
conv3 288 -49.50 -49.50 24.75 19.80 90.00 0.000 0.000 nan 0
conv3 289 -19.92 61.36 45.88 34.16 47.72 284.593 6.928 0.7048 1829
conv3 290 24.87 -2.71 14.51 5.55 101.89 58.823 0.682 0.8552 465
conv3 291 35.04 4.63 20.02 9.64 82.44 304.373 3.563 0.9076 1265
conv3 292 36.86 -12.88 22.93 13.49 116.37 1113.992 15.594 0.9282 4995
conv3 293 -0.90 -0.14 7.39 10.65 0.95 183.405 1.799 0.9586 53
conv3 294 -41.97 -9.71 21.21 6.63 86.71 252.007 20.873 0.6834 1317
conv3 295 -50.50 -50.50 1.00 1.00 89.00 -1.000 -1.000 0.0000 15285
conv3 296 -9.57 1.01 7.77 4.60 90.45 25.395 1.666 0.5859 618
conv3 297 -9.63 -17.20 20.69 7.73 117.55 18.254 4.868 0.3126 448
conv3 298 -28.79 -39.88 12.02 7.54 26.38 239.417 18.542 0.6514 5048
conv3 299 35.18 -22.68 9.03 12.32 170.37 119.153 0.631 0.8871 1156
conv3 300 -21.38 7.06 19.52 8.42 112.68 392.898 35.672 0.8268 1318
conv3 301 -4.19 -1.31 28.95 25.79 48.59 868.064 -60.639 0.8847 6424
conv3 302 25.87 -22.36 12.01 6.22 100.46 414.587 52.534 0.6264 2333
conv3 303 -22.75 -5.68 25.79 19.32 105.37 120.496 1.922 0.7423 329
conv3 304 -29.79 17.05 15.46 10.12 110.50 370.101 44.200 0.8104 4230
conv3 305 0.57 -1.51 16.06 23.50 162.91 421.712 10.942 0.8717 329
conv3 306 7.05 31.91 9.85 22.62 2.07 651.558 68.776 0.8422 6651
conv3 307 -18.85 14.43 23.54 11.19 146.64 611.623 168.001 0.6066 4232
conv3 308 78.41 -29.73 172.79 12.98 170.39 453.916 12.611 0.8461 9296
conv3 309 16.41 -39.83 32.70 10.32 157.90 682.132 5.651 0.9512 5065
conv3 310 -3.33 28.19 13.98 9.70 92.34 727.225 9.227 0.9370 2396
conv3 311 0.14 -0.45 18.06 13.91 165.13 415.185 14.996 0.8652 281
conv3 312 1.71 -18.41 14.12 8.37 132.72 1313.132 9.351 0.9638 3056
conv3 313 -3.81 8.02 14.66 13.46 104.28 162.664 3.709 0.9419 438
conv3 314 -0.50 -0.50 13.64 2.31 157.45 5.202 -0.010 0.8504 3
conv3 315 -17.18 25.75 25.83 18.33 139.15 73.712 9.743 0.8084 179
conv3 316 -1.35 23.84 10.78 9.05 141.01 1587.381 23.663 0.9692 1486
conv3 317 41.91 31.27 14.02 7.05 62.28 89.987 21.428 0.4661 6536
conv3 318 6.37 -5.59 24.97 14.41 58.42 63.040 2.268 0.7297 38
conv3 319 -1.86 29.15 14.56 14.02 130.65 301.753 10.510 0.9414 1022
conv3 320 35.65 -21.25 14.87 6.72 99.09 118.555 2.676 0.8110 814
conv3 321 12.18 -34.55 22.84 9.12 161.30 46.148 5.208 0.7150 410
conv3 322 -13.67 4.48 10.14 14.41 43.88 634.832 68.226 0.8164 2709
conv3 323 -15.08 24.55 23.69 6.37 140.61 4.184 0.018 0.8372 12
conv3 324 -1.50 13.55 21.36 10.63 84.02 513.676 24.510 0.8600 272
conv3 325 12.90 -26.89 12.05 6.99 161.67 490.386 71.925 0.6218 2175
conv3 326 0.97 -6.21 6.97 5.88 14.45 231.893 2.401 0.8539 774
conv3 327 -28.00 18.63 20.39 14.44 122.69 1053.653 23.688 0.9465 5916
conv3 328 -27.92 -22.21 8.73 6.23 121.31 202.570 3.433 0.8460 870
conv3 329 -49.50 -49.50 24.75 19.80 90.00 0.000 0.000 nan 0
conv3 330 -13.69 -37.02 22.59 9.34 14.91 404.918 24.086 0.7412 3019
conv3 331 1.05 -17.34 9.48 5.72 33.01 495.079 -0.629 0.9735 574
conv3 332 -5.18 25.76 15.52 22.12 150.04 623.887 3.997 0.9055 5532
conv3 333 -34.73 3.91 50.38 18.58 90.92 684.133 20.254 0.8287 8465
conv3 334 -0.77 -3.10 8.74 6.01 88.70 511.739 8.371 0.9332 401
conv3 335 -50.50 -50.50 1.00 1.00 89.00 -1.000 -1.000 0.0000 547
conv3 336 1.46 11.39 8.57 9.93 10.22 470.591 7.688 0.9461 1075
conv3 337 -3.58 32.63 11.08 26.07 4.39 1045.083 8.965 0.9414 6745
conv3 338 -29.75 39.05 8.71 198.35 174.28 229.689 64.648 0.5403 17224
conv3 339 -25.06 -0.25 11.82 10.43 79.69 2498.842 31.264 0.9641 2383
conv3 340 3.96 -4.72 9.22 8.48 132.24 352.078 4.376 0.9491 194
conv3 341 -49.50 -49.50 24.75 19.80 90.00 0.000 0.000 nan 0
conv3 342 -1.71 33.02 12.53 22.72 27.16 13.722 0.387 0.7136 29
conv3 343 -27.58 3.20 11.45 8.07 128.73 154.472 7.321 0.7979 686
conv3 344 -16.42 7.63 17.86 10.49 146.40 1064.922 72.354 0.8766 5208
conv3 345 -3.86 -12.70 26.31 70.67 173.98 100.635 -11.065 0.4088 1525
conv3 346 1.38 2.07 10.34 7.61 84.52 76.006 0.799 0.9022 42
conv3 347 -0.32 -20.94 35.20 18.98 69.36 103.847 3.414 0.6452 674
conv3 348 -37.49 5.92 31.10 10.86 92.44 966.403 37.177 0.8512 8590
conv3 349 -37.57 7.99 21.01 11.77 94.71 1173.292 15.977 0.9717 5272
conv3 350 19.24 -2.54 8.27 20.28 173.01 351.435 19.052 0.8075 169
conv3 351 0.57 -22.86 14.70 7.04 171.43 140.037 10.969 0.7980 810
conv3 352 16.17 5.80 16.68 11.82 152.03 406.998 37.677 0.8099 1395
conv3 353 -42.87 12.60 7.73 14.41 120.00 137.952 21.567 0.4052 5040
conv3 354 4.33 35.27 13.25 24.06 9.83 563.416 89.683 0.8092 7243
conv3 355 -0.35 -0.41 11.91 9.20 51.14 39.380 0.027 0.9248 8
conv3 356 -19.20 -22.16 17.73 7.26 52.95 318.271 63.379 0.3933 3503
conv3 357 33.83 -8.14 6.84 5.85 158.11 186.002 34.516 0.2773 722
conv3 358 -19.08 -0.53 10.57 1.65 68.25 2.421 0.001 0.7996 4
conv3 359 -0.91 6.33 11.34 6.69 91.16 137.581 0.715 0.8810 66
conv3 360 5.68 -4.28 9.65 10.66 28.97 979.364 40.485 0.9157 2477
conv3 361 0.78 8.41 19.82 11.66 92.74 659.911 36.081 0.8545 1303
conv3 362 -4.47 -26.77 6.39 11.47 6.79 653.100 31.687 0.8791 1007
conv3 363 14.42 23.46 20.57 9.85 33.41 801.950 14.388 0.9114 3221
conv3 364 -0.10 -33.26 12.53 30.77 14.35 1186.882 126.638 0.7194 11145
conv3 365 -1.36 -3.34 11.34 6.98 117.22 6.264 0.008 0.8640 12
conv3 366 -3.53 -14.93 13.60 9.22 82.92 734.062 15.577 0.9159 545
conv3 367 37.13 13.50 25.34 9.08 71.81 871.325 69.049 0.7947 8539
conv3 368 -0.72 -1.67 20.15 6.41 75.58 104.372 1.763 0.8149 73
conv3 369 -5.16 1.93 16.31 11.68 41.21 344.472 -0.198 0.9529 2072
conv3 370 -4.62 1.94 4.67 6.03 13.37 97.849 0.079 0.9352 71
conv3 371 9.71 39.11 7.80 27.11 7.18 534.442 13.519 0.9102 2550
conv3 372 15.24 -35.01 20.28 10.83 164.62 777.222 24.641 0.9397 4669
conv3 373 -17.52 -40.80 12.97 4.31 13.80 4.003 0.147 0.5353 72
conv3 374 -0.06 -20.98 7.45 9.91 80.00 800.546 9.514 0.9666 472
conv3 375 7.91 -26.94 36.06 10.75 164.86 562.913 42.198 0.6452 5609
conv3 376 -2.72 25.23 3.85 6.35 15.89 12.051 0.226 0.7134 76
conv3 377 16.83 -36.40 26.70 7.98 167.84 25.427 0.324 0.8259 54
conv3 378 0.43 -0.52 10.68 8.39 31.35 620.103 8.823 0.9613 1580
conv3 379 -0.58 -0.05 14.87 7.92 119.33 52.070 4.056 0.7757 34
conv3 380 -6.15 12.81 20.57 9.25 68.71 204.063 4.545 0.7294 1384
conv3 381 -3.41 -6.86 12.21 8.69 83.71 1024.059 26.956 0.9459 828
conv3 382 26.88 -23.88 35.58 13.21 98.87 628.133 125.893 0.6926 10441
conv3 383 0.54 -11.95 9.39 8.82 105.49 1390.692 23.356 0.9650 1033
conv4 0 -9.21 -29.88 14.54 19.72 54.42 366.638 39.360 0.8621 1756
conv4 1 0.58 4.85 12.23 13.54 178.20 467.314 12.395 0.9121 375
conv4 2 -1.12 56.05 48.55 30.98 103.60 2.465 -0.188 0.4511 8
conv4 3 -22.50 36.64 5.76 9.89 152.86 49.843 9.861 0.1951 1526
conv4 4 -1.91 -3.54 11.72 9.60 65.20 67.379 0.575 0.9138 195
conv4 5 -23.64 -8.81 27.81 12.43 65.33 125.853 16.860 0.7411 2504
conv4 6 3.44 7.93 9.91 11.55 107.20 415.018 5.650 0.9542 1126
conv4 7 0.12 14.39 17.02 5.57 88.59 215.877 1.188 0.9309 276
conv4 8 56.85 -5.42 34.56 8.18 109.58 177.987 35.248 0.4366 3129
conv4 9 -1.66 -19.09 18.77 34.18 178.55 1035.216 66.571 0.8031 8345
conv4 10 2.76 8.14 7.94 13.42 172.00 228.949 1.583 0.9469 260
conv4 11 0.27 -9.90 15.92 11.41 89.24 81.088 1.094 0.9493 84
conv4 12 -21.18 -9.22 15.54 25.07 144.35 232.497 19.115 0.8747 1770
conv4 13 -47.14 4.48 6.69 13.24 111.13 33.558 0.218 0.8893 208
conv4 14 -0.41 24.21 14.82 11.97 96.35 709.385 9.005 0.9672 1402
conv4 15 1.46 11.60 9.25 8.24 127.45 191.498 0.783 0.9742 332
conv4 16 -47.74 10.94 16.32 8.68 97.90 157.481 1.080 0.9593 1587
conv4 17 -1.41 -2.45 11.60 5.33 141.86 62.012 0.749 0.9017 73
conv4 18 -26.30 2.87 7.57 14.37 133.43 282.819 29.105 0.5846 2782
conv4 19 1.00 25.04 29.55 13.81 80.49 94.328 1.455 0.8210 888
conv4 20 4.47 4.51 17.63 10.57 26.01 1181.729 13.323 0.9402 2922
conv4 21 4.87 -46.29 11.21 33.28 1.43 59.751 2.359 0.9023 588
conv4 22 -6.50 -27.29 54.13 17.95 100.65 3.953 0.206 0.7211 20
conv4 23 -0.51 -12.79 9.04 2.04 157.46 0.513 -0.000 0.7912 1
conv4 24 8.34 -31.29 16.01 29.06 144.89 26.995 -0.229 0.4304 656
conv4 25 -4.12 -13.56 19.31 12.34 85.00 196.413 2.884 0.9390 278
conv4 26 -65.50 -65.50 32.75 26.20 90.00 0.000 0.000 nan 0
conv4 27 -1.78 -0.15 14.63 13.65 26.47 151.304 4.857 0.9386 137
conv4 28 -0.91 20.10 15.47 13.49 80.81 582.342 11.332 0.9379 301
conv4 29 -18.12 -21.99 20.90 39.72 12.36 78.429 2.561 0.7236 460
conv4 30 -11.73 13.57 14.55 22.81 162.47 89.264 3.688 0.8972 170
conv4 31 -0.50 -0.50 4.74 2.51 114.10 0.164 -0.000 0.7856 1
conv4 32 -0.74 -1.07 8.92 11.95 178.85 318.815 6.430 0.8703 152
conv4 33 -4.38 -1.35 16.20 16.84 127.38 172.247 2.981 0.9580 201
conv4 34 2.36 -50.16 8.16 5.49 169.80 17.667 0.465 0.6395 180
conv4 35 -13.72 -10.70 25.37 20.26 124.26 63.674 0.284 0.7626 427
conv4 36 24.83 13.13 14.76 8.08 109.94 11.609 1.222 0.5506 47
conv4 37 0.34 -1.83 18.47 19.96 16.76 246.194 6.587 0.8839 2396
conv4 38 2.16 10.87 22.09 21.81 143.86 50.441 3.142 0.8582 80
conv4 39 4.98 17.90 8.99 10.39 14.54 170.718 2.048 0.8975 275
conv4 40 14.47 -16.46 5.53 14.71 24.07 46.523 5.603 0.3910 862
conv4 41 17.05 1.96 11.18 16.10 148.28 314.300 15.762 0.8477 1662
conv4 42 41.26 10.56 13.22 8.88 83.33 32.808 3.484 0.4924 692
conv4 43 7.41 7.28 23.04 19.59 131.41 476.586 20.484 0.9212 877
conv4 44 -15.18 16.27 26.27 21.47 32.31 35.418 4.200 0.7363 128
conv4 45 -1.11 20.91 9.73 5.17 122.67 4.024 0.056 0.6243 41
conv4 46 14.61 35.78 15.91 12.95 3.13 90.904 9.666 0.6136 820
conv4 47 6.03 -39.56 19.56 28.37 1.26 161.330 62.654 0.6278 4907
conv4 48 -36.16 39.47 8.41 20.93 4.94 142.035 52.295 0.2210 4786
conv4 49 7.26 5.76 11.08 9.62 102.35 596.144 7.864 0.9520 392
conv4 50 -49.46 -2.33 13.08 92.62 88.50 181.136 140.443 0.3783 15340
conv4 51 3.27 22.20 16.06 14.46 65.54 6.430 0.050 0.8492 10
conv4 52 -41.21 38.26 46.73 16.47 110.30 327.805 113.296 0.5918 12366
conv4 53 5.45 0.56 5.80 18.58 178.51 175.197 1.895 0.8981 423
conv4 54 -0.43 6.51 26.38 11.69 94.14 86.042 5.108 0.8390 144
conv4 55 14.34 29.60 30.72 72.08 77.74 73.742 1.769 0.6752 1364
conv4 56 -65.50 -65.50 32.75 26.20 90.00 0.000 0.000 nan 0
conv4 57 46.77 9.62 16.50 7.19 91.34 178.681 40.273 0.5043 2215
conv4 58 -24.89 -51.78 23.29 8.16 24.15 78.642 11.191 0.4472 3082
conv4 59 57.43 -23.33 6.24 21.04 103.58 57.883 4.577 0.5029 1473
conv4 60 -0.33 16.76 23.11 6.88 89.58 104.912 1.613 0.8215 117
conv4 61 -34.52 -164.37 107.15 18.22 100.17 268.682 -0.371 0.5245 1763
conv4 62 -23.17 41.30 15.85 6.39 178.04 7.319 0.271 0.7357 99
conv4 63 0.39 1.41 22.61 21.23 137.96 66.812 1.541 0.9009 132
conv4 64 -6.04 -15.57 22.31 18.16 112.70 153.390 9.252 0.8941 389
conv4 65 9.82 -51.13 34.35 9.50 176.88 37.031 0.913 0.6819 952
conv4 66 -13.54 28.54 18.19 33.57 178.87 356.846 27.676 0.7674 3484
conv4 67 1098.21 788.62 8.05 454.91 141.33 11399.086 55.443 0.3125 6278
conv4 68 -8.94 7.06 7.34 4.92 87.56 46.486 -0.015 0.9530 81
conv4 69 4.31 -19.95 21.50 16.13 129.49 330.974 27.266 0.8718 1294
conv4 70 46.68 3.16 24.69 7.30 87.86 22.921 0.310 0.8284 846
conv4 71 -1.77 -44.38 14.46 30.00 174.36 662.541 104.633 0.6652 12558
conv4 72 1.40 -0.92 10.39 15.50 38.59 70.792 0.839 0.9337 44
conv4 73 -55.26 12.48 17.00 8.51 75.52 65.064 4.721 0.6057 1418
conv4 74 1.58 5.98 17.08 10.47 112.65 11.518 0.009 0.7543 17
conv4 75 58.94 -6.14 14.58 5.77 88.23 27.393 0.496 0.8415 508
conv4 76 -3.21 0.49 7.06 8.27 15.81 196.418 3.527 0.8730 205
conv4 77 58.86 -4.56 12.38 6.41 95.71 104.508 9.125 0.3903 2014
conv4 78 -42.58 -3.37 10.57 8.14 90.78 13.361 1.214 0.4892 216
conv4 79 -0.55 -2.32 15.33 9.77 86.09 553.032 2.479 0.9522 2190
conv4 80 -0.53 -0.25 8.57 4.90 144.01 58.334 0.521 0.8979 55
conv4 81 -51.12 6.66 33.35 10.97 94.98 386.638 163.049 0.4154 15168
conv4 82 -14.08 1.45 9.50 12.84 163.90 64.459 0.352 0.9199 112
conv4 83 -15.91 24.95 25.03 17.68 114.23 170.707 5.344 0.9416 345
conv4 84 -27.86 4.37 22.96 18.15 97.92 129.276 3.342 0.7750 1863
conv4 85 28.55 -43.33 6.38 5.75 35.70 27.303 1.705 0.4231 194
conv4 86 -2.40 4.84 22.96 8.13 65.68 4.526 0.093 0.6193 19
conv4 87 -2.11 -7.83 42.44 21.12 108.69 14.659 1.113 0.7203 115
conv4 88 -0.30 0.20 10.12 13.25 37.26 203.087 5.531 0.8898 88
conv4 89 -0.27 0.53 17.37 7.25 98.89 106.391 5.183 0.8224 449
conv4 90 -0.07 4.30 11.25 5.29 92.72 837.177 7.594 0.9645 525
conv4 91 6.71 12.92 26.19 20.56 81.00 335.658 77.547 0.7289 3600
conv4 92 0.22 -10.31 10.69 8.19 94.50 482.268 5.255 0.9461 583
conv4 93 -49.73 -1.70 3.79 15.47 67.92 7.615 0.408 0.3435 30
conv4 94 -6.68 -49.84 32.52 11.88 0.58 299.039 54.684 0.7854 5790
conv4 95 -65.50 -65.50 32.75 26.20 90.00 0.000 0.000 nan 0
conv4 96 -49.37 35.37 12.08 31.38 119.74 290.502 45.485 0.4904 9509
conv4 97 -2.90 27.01 10.77 19.10 2.17 435.170 25.689 0.9126 1481
conv4 98 11.75 -13.35 15.81 13.90 107.78 1349.112 43.499 0.9597 3074
conv4 99 -3.91 13.24 26.93 12.70 69.04 14.193 0.111 0.8234 32
conv4 100 -0.67 -0.60 10.69 14.99 19.32 232.527 7.910 0.8781 65
conv4 101 1.69 -2.36 12.11 10.31 169.46 336.341 7.797 0.9107 230
conv4 102 -2.61 -25.11 11.96 30.50 175.14 844.538 142.774 0.5519 6084
conv4 103 -8.66 -37.94 18.22 35.08 18.24 492.096 65.706 0.6943 8240
conv4 104 -15.42 16.63 23.17 14.50 128.64 496.367 17.668 0.8635 3454
conv4 105 -1.07 -7.69 9.39 4.78 108.87 56.632 0.016 0.9365 76
conv4 106 -4.25 5.71 40.18 29.69 124.71 214.647 -8.123 0.5300 2178
conv4 107 3.98 -0.40 6.87 9.44 5.70 222.423 0.826 0.9548 164
conv4 108 28.57 -39.39 13.97 10.60 19.72 50.768 12.814 0.2872 2402
conv4 109 -0.86 -14.06 14.15 9.10 7.91 45.228 3.205 0.4777 907
conv4 110 -9.00 -18.83 15.35 12.89 49.88 62.094 1.021 0.7830 121
conv4 111 -0.69 -0.98 7.08 6.81 119.61 3.578 0.006 0.8090 4
conv4 112 5.44 -2.32 7.45 6.08 20.38 67.246 0.101 0.9540 205
conv4 113 55.77 -1.72 39.21 9.48 91.28 243.300 19.624 0.7956 7541
conv4 114 -58.58 6.01 12.53 5.66 92.42 37.243 0.146 0.9513 279
conv4 115 -1.26 -0.27 7.98 14.43 176.61 63.574 0.356 0.9368 51
conv4 116 0.31 -4.48 6.44 6.94 114.20 50.765 1.042 0.7100 286
conv4 117 23.81 16.08 17.65 12.02 90.49 369.215 29.792 0.8618 1035
conv4 118 3.16 8.08 18.57 15.91 78.99 11.212 0.274 0.8604 19
conv4 119 -9.15 -51.13 20.97 10.85 8.74 388.110 52.455 0.6551 8666
conv4 120 -35.50 6.58 6.97 9.17 163.28 2.941 0.138 0.3765 112
conv4 121 -0.23 4.12 11.67 7.76 77.05 32.925 0.392 0.8859 47
conv4 122 -0.16 5.34 26.15 18.78 46.22 468.678 -0.274 0.8825 2665
conv4 123 16.06 10.21 36.96 11.24 70.08 209.788 5.641 0.6863 3126
conv4 124 -9.88 6.63 10.36 8.91 87.58 176.308 2.241 0.9226 311
conv4 125 -66.50 -66.50 1.00 1.00 89.00 -1.000 -1.000 0.0000 23275
conv4 126 4.04 9.06 11.00 5.70 131.85 2.193 0.029 0.4513 27
conv4 127 -4.63 4.24 14.28 6.68 46.35 24.761 0.122 0.7582 168
conv4 128 -0.01 1.38 5.65 9.54 24.09 42.088 0.095 0.8902 159
conv4 129 -2.78 -17.27 13.07 19.26 1.77 506.145 1.401 0.9461 2523
conv4 130 -2.09 6.27 21.51 17.27 47.36 125.257 2.332 0.9470 136
conv4 131 10.39 47.23 107.71 32.47 65.83 123.103 25.382 0.3982 5741
conv4 132 58.98 14.25 27.35 8.09 72.46 50.512 0.837 0.8708 827
conv4 133 -0.50 -0.50 14.72 10.85 94.23 42.099 0.243 0.9338 15
conv4 134 -4.63 -41.85 24.19 16.33 29.58 20.121 0.143 0.7624 495
conv4 135 5.67 0.15 4.59 6.21 179.97 71.944 1.062 0.8684 72
conv4 136 4.19 -2.30 19.64 16.53 76.38 368.599 33.265 0.8288 1499
conv4 137 14.71 1.63 8.66 17.39 179.93 595.739 17.314 0.9145 1096
conv4 138 -2.46 -1.46 15.54 6.76 160.27 122.297 6.279 0.6541 411
conv4 139 49.12 34.43 23.70 9.18 50.77 269.350 124.549 0.2623 15056
conv4 140 -1.39 -12.23 11.11 12.28 133.43 384.598 4.197 0.9453 1514
conv4 141 -7.27 4.40 20.58 13.74 163.83 19.384 0.615 0.8373 16
conv4 142 0.91 -1.46 12.12 6.50 49.52 155.757 5.288 0.8777 267
conv4 143 -0.79 1.46 7.20 6.54 37.66 520.416 1.578 0.9680 452
conv4 144 7.72 -24.57 5.05 5.74 78.42 34.115 4.962 0.2631 639
conv4 145 -39.86 34.86 14.72 10.14 118.51 57.217 2.440 0.7760 864
conv4 146 14.26 -47.01 33.75 13.98 178.34 46.380 5.875 0.7085 1037
conv4 147 -1.93 3.66 8.02 9.75 40.82 868.128 5.356 0.9747 1014
conv4 148 -0.46 -0.52 13.74 6.54 90.33 57.665 0.785 0.7798 25
conv4 149 -3.86 -2.43 17.14 10.96 95.56 614.415 13.455 0.9525 569
conv4 150 0.62 12.26 37.36 24.05 91.23 127.427 2.390 0.8081 144
conv4 151 0.64 -8.52 11.79 12.84 129.06 767.378 7.143 0.9647 1774
conv4 152 -1.04 5.04 9.55 6.00 107.01 168.453 0.030 0.9780 226
conv4 153 -13.33 -1.39 48.98 39.35 89.35 101.939 -8.033 0.6487 1358
conv4 154 11.77 -32.14 7.78 20.38 165.43 81.587 0.865 0.7241 928
conv4 155 -3.38 -21.92 16.64 21.30 176.36 497.238 19.338 0.9407 1841
conv4 156 -30.98 -12.94 21.99 16.46 72.00 92.312 12.121 0.8230 510
conv4 157 0.25 0.51 7.68 12.39 129.44 77.237 7.055 0.5228 656
conv4 158 -3.30 -18.92 9.30 17.16 167.35 417.841 46.908 0.8404 2453
conv4 159 17.77 -2.63 17.99 13.89 32.73 426.071 18.075 0.9026 564
conv4 160 -2.41 -71.31 14.58 97.07 39.82 96.792 39.279 0.2848 6425
conv4 161 8.65 31.72 18.30 32.20 4.66 138.544 13.363 0.7946 1130
conv4 162 -7.63 13.01 12.11 9.24 141.25 383.587 26.642 0.6315 2672
conv4 163 -66.50 -66.50 1.00 1.00 89.00 -1.000 -1.000 0.0000 12086
conv4 164 -1.27 -0.84 18.70 7.67 93.38 136.262 2.904 0.9018 126
conv4 165 0.37 -0.41 12.65 11.65 115.08 227.181 5.686 0.9336 72
conv4 166 34.86 43.39 15.13 8.45 17.49 53.844 6.620 0.3774 1254
conv4 167 -9.20 -14.22 23.88 29.50 174.49 63.598 0.171 0.8229 299
conv4 168 -11.46 23.23 32.46 21.46 171.52 16.990 1.441 0.7349 236
conv4 169 8.25 -15.93 22.90 14.36 91.46 26.912 1.775 0.7698 67
conv4 170 -52.38 -47.68 38.70 10.70 62.25 187.579 114.909 0.2891 17145
conv4 171 -1.42 -9.26 43.47 31.00 105.13 36.532 -3.857 0.7845 126
conv4 172 0.93 0.00 9.39 11.12 173.18 874.782 7.691 0.9601 1900
conv4 173 -16.86 0.75 5.10 6.51 128.93 17.695 0.157 0.7920 83
conv4 174 -2.18 -0.36 4.25 5.55 177.85 95.806 0.007 0.9635 142
conv4 175 -34.93 -14.96 44.14 11.66 48.26 77.876 24.670 0.4352 4033
conv4 176 -33.70 -36.31 13.47 5.96 21.43 6.602 0.851 0.2013 142
conv4 177 -49.91 -45.32 10.84 36.09 58.22 171.596 113.057 0.1797 21665
conv4 178 -2.00 -1.52 13.08 6.20 154.45 58.588 3.434 0.5882 341
conv4 179 7.13 1.86 12.71 3.88 159.38 32.209 0.026 0.9040 51
conv4 180 9.90 -33.80 34.61 67.69 4.72 37.676 10.776 0.5550 1536
conv4 181 -2.01 2.62 9.18 7.51 79.99 609.718 8.114 0.9368 403
conv4 182 10.34 1.58 10.07 8.39 8.20 175.277 2.540 0.8952 457
conv4 183 2.51 -23.69 15.68 22.71 4.90 299.325 5.031 0.8698 1712
conv4 184 -0.82 -0.32 14.00 16.12 146.80 153.958 2.902 0.9394 61
conv4 185 23.47 -2.39 6.63 24.42 170.68 42.712 0.914 0.8163 72
conv4 186 -12.73 -2.12 8.84 10.37 93.06 270.184 3.059 0.9245 334
conv4 187 -66.50 -66.50 1.00 1.00 89.00 -1.000 -1.000 0.0000 960
conv4 188 0.50 20.08 14.79 16.73 173.51 1522.411 36.274 0.9664 1645
conv4 189 -4.92 -0.93 21.54 16.40 173.87 184.776 10.449 0.8580 969
conv4 190 -9.17 -0.55 10.06 14.35 111.47 105.996 1.032 0.8742 527
conv4 191 -21.11 42.74 8.68 12.52 176.85 119.345 28.508 0.3708 3884
conv4 192 27.81 29.58 21.71 14.79 139.37 8.267 0.228 0.7441 78
conv4 193 2.14 -0.47 3.50 12.13 179.78 303.238 0.770 0.9648 96
conv4 194 -0.55 -1.01 6.12 13.66 179.77 130.342 2.704 0.8336 66
conv4 195 -0.32 -2.47 26.00 15.68 86.52 61.387 1.149 0.9173 110
conv4 196 -0.50 -0.50 17.76 30.91 175.11 1.284 -0.035 0.5363 2
conv4 197 -29.15 -26.25 20.74 12.40 67.99 104.545 7.180 0.7785 1377
conv4 198 -0.79 -5.87 18.73 4.57 104.19 1.837 -0.004 0.6669 4
conv4 199 -6.10 -48.93 7.04 9.26 10.99 2.756 0.019 0.6328 9
conv4 200 0.39 -17.15 23.81 4.39 94.04 37.836 1.295 0.7344 73
conv4 201 -66.50 -66.50 1.00 1.00 89.00 -1.000 -1.000 0.0000 10585
conv4 202 2.28 -0.62 27.58 10.02 118.78 25.616 3.323 0.4493 438
conv4 203 -65.50 -65.50 32.75 26.20 90.00 0.000 0.000 nan 0
conv4 204 2330.91 7076.42 3417.16 16.39 107.78 3142.665 139.389 0.3294 22055
conv4 205 -0.06 -0.02 21.05 8.99 151.97 41.018 1.841 0.8167 34
conv4 206 -12.32 -37.82 7.20 14.27 19.87 21.418 2.025 0.6573 234
conv4 207 12.57 -4.12 10.52 15.51 6.41 274.687 6.341 0.9021 1038
conv4 208 -65.50 -65.50 32.75 26.20 90.00 0.000 0.000 nan 0
conv4 209 -65.50 -65.50 32.75 26.20 90.00 0.000 0.000 nan 0
conv4 210 -8.03 2.05 15.55 20.64 8.02 139.213 2.262 0.7614 1649
conv4 211 38.70 -32.61 18.95 15.09 127.23 268.174 6.830 0.9475 3705
conv4 212 1.00 31.17 18.77 19.02 12.44 53.923 1.019 0.8912 159
conv4 213 -21.61 -22.00 15.38 9.54 59.21 550.905 41.376 0.7594 2170
conv4 214 1.79 1.31 31.89 14.96 90.49 21.276 1.239 0.6333 153
conv4 215 3.66 -48.89 29.47 8.88 172.49 148.460 40.887 0.5050 9764
conv4 216 -2.82 18.26 13.64 16.29 164.27 762.323 11.440 0.9672 1483
conv4 217 -5.17 1.57 27.37 24.59 131.08 22.491 0.255 0.8474 78
conv4 218 -0.04 0.38 18.49 9.47 112.64 156.521 7.659 0.7618 80
conv4 219 -2.55 55.92 15.93 5.88 169.13 55.707 5.036 0.6984 726
conv4 220 5.40 58.07 7.61 31.32 179.63 137.204 11.127 0.8683 7377
conv4 221 -4.46 -5.96 8.98 9.27 64.30 1315.198 8.509 0.9708 902
conv4 222 -66.50 -66.50 1.00 1.00 89.00 -1.000 -1.000 -0.0000 17660
conv4 223 -17.84 1.80 10.17 28.30 176.01 97.089 2.576 0.8537 74
conv4 224 3.36 45.78 36.18 11.87 88.73 80.230 11.540 0.6103 1296
conv4 225 -23.01 -3.27 15.61 56.67 2.69 98.772 9.271 0.7440 988
conv4 226 -4.55 13.82 12.49 10.70 116.59 551.374 13.875 0.9258 664
conv4 227 -5.92 -44.46 22.60 44.89 4.28 685.098 20.411 0.8706 7231
conv4 228 56.84 14.22 37.59 21.23 54.67 244.629 173.859 0.3372 23207
conv4 229 5.21 7.00 10.85 8.54 128.04 170.163 3.885 0.9418 274
conv4 230 58.66 -14.18 23.75 7.17 94.57 185.848 28.720 0.4788 8596
conv4 231 -34.20 7.45 17.08 12.91 105.18 333.684 10.076 0.9456 2944
conv4 232 -55.54 10.04 44.56 11.65 102.29 223.415 68.720 0.4655 12857
conv4 233 -8.41 0.94 17.94 47.42 171.83 115.640 18.289 0.6260 754
conv4 234 -14.85 -1.89 8.02 22.92 175.04 33.409 0.901 0.8602 43
conv4 235 -1.13 -12.46 10.94 9.35 92.68 224.275 2.468 0.8930 171
conv4 236 -4.59 5.95 15.09 11.18 167.63 1330.867 3.144 0.9835 1686
conv4 237 -4.68 -8.55 22.16 24.09 29.60 98.020 2.184 0.8644 622
conv4 238 -0.53 -0.50 15.74 4.59 128.39 17.379 0.134 0.8245 19
conv4 239 -0.16 3.95 8.94 7.20 143.02 83.513 0.198 0.9645 109
conv4 240 -52.36 -4.70 9.22 12.63 43.74 59.341 2.788 0.6727 1068
conv4 241 -47.05 4.69 16.10 10.63 89.37 271.280 25.608 0.7243 2903
conv4 242 0.75 -6.75 30.59 24.65 80.94 221.475 18.649 0.7888 1570
conv4 243 -9.76 20.44 11.60 34.75 170.30 118.460 47.164 0.3728 4927
conv4 244 -66.50 -66.50 1.00 1.00 89.00 -1.000 -1.000 -0.0000 22785
conv4 245 4.21 14.42 10.99 10.53 59.45 453.787 7.902 0.9431 1171
conv4 246 -2.97 -12.55 7.91 6.17 84.26 154.389 0.856 0.9281 230
conv4 247 2.23 -15.23 26.58 21.20 83.96 3.616 -0.015 0.5045 19
conv4 248 4.22 -4.75 20.64 14.11 121.97 706.145 33.139 0.9292 3341
conv4 249 3.18 1.19 16.03 8.82 173.29 353.585 5.308 0.9583 248
conv4 250 -32.63 38.58 57.67 15.24 155.07 82.301 6.528 0.6580 2312
conv4 251 -4.52 1.18 8.59 7.52 62.30 672.027 1.503 0.9731 597
conv4 252 5.56 -19.43 17.01 10.15 149.82 120.918 7.719 0.8212 145
conv4 253 49.50 27.75 37.86 9.57 82.44 361.701 352.131 0.2092 28197
conv4 254 -14.02 3.01 12.63 17.57 137.25 232.488 19.470 0.8047 1516
conv4 255 0.67 1.58 20.30 8.77 119.50 76.518 1.704 0.9059 64
conv5 0 31.87 2.69 9.79 6.73 79.25 20.845 0.048 0.9589 85
conv5 1 -0.50 -0.50 22.08 16.04 131.43 9.490 0.057 0.9386 10
conv5 2 -2.13 17.07 25.83 19.95 161.32 72.073 1.573 0.9026 173
conv5 3 4.52 -49.58 36.46 4.73 112.89 0.244 -0.001 0.8155 2
conv5 4 15.30 5.63 28.76 25.72 55.96 10.159 0.145 0.8186 25
conv5 5 14.57 16.48 23.44 29.20 172.28 98.399 4.667 0.9033 323
conv5 6 14.16 5.18 11.44 46.06 11.44 2.063 0.059 0.4537 30
conv5 7 0.96 26.01 19.26 22.98 174.08 2.179 0.085 0.7416 4
conv5 8 -4.94 6.21 8.71 12.59 34.06 17.482 0.080 0.9017 217
conv5 9 -0.84 8.32 11.25 17.68 179.15 151.416 -0.151 0.8930 1198
conv5 10 -0.50 7.69 26.68 40.24 180.00 0.118 -0.006 0.5131 2
conv5 11 9.45 -21.96 19.74 14.03 130.00 15.340 0.093 0.7984 424
conv5 12 10.10 -23.43 16.81 29.39 171.07 77.458 2.206 0.8477 961
conv5 13 11.93 30.53 4.40 6.09 161.73 1.200 -0.000 0.8223 6
conv5 14 -4.67 26.68 27.32 16.70 93.92 15.774 0.341 0.8140 29
conv5 15 -0.86 7.57 2.52 155.31 46.18 -0.017 0.013 0.0010 8
conv5 16 -0.44 30.00 21.93 11.53 148.13 2.754 -0.021 0.8455 5
conv5 17 -0.11 60.82 23.48 11.27 114.53 0.241 -0.001 0.8146 1
conv5 18 -1.28 0.90 25.50 12.76 70.78 12.920 0.338 0.7131 19
conv5 19 4.39 -3.47 9.92 17.79 173.69 1.250 -0.002 0.6161 22
conv5 20 -20.08 28.35 12.27 7.73 167.60 11.557 0.249 0.7904 24
conv5 21 -81.50 -81.50 40.75 32.60 90.00 0.000 0.000 nan 0
conv5 22 27.04 5.41 47.69 18.31 128.70 76.130 78.367 0.4016 16709
conv5 23 0.61 -5.09 18.51 20.73 140.19 298.674 7.392 0.9632 782
conv5 24 4.79 -8.00 32.83 23.09 19.22 23.312 2.485 0.7575 695
conv5 25 -1.29 21.95 39.86 21.85 83.61 8.212 0.045 0.9021 32
conv5 26 3.77 -8.44 2.89 10.22 176.55 3.144 0.011 0.5738 32
conv5 27 -9.89 23.06 22.52 10.82 117.82 4.679 0.009 0.8180 15
conv5 28 8.91 0.30 32.70 29.05 141.17 55.775 2.803 0.8575 748
conv5 29 0.96 -1.01 19.05 10.28 24.19 0.698 -0.003 0.7724 7
conv5 30 -0.15 49.28 22.26 34.12 172.00 13.349 0.309 0.7889 235
conv5 31 -17.05 -3.66 30.86 22.91 146.34 4.933 0.191 0.7167 27
conv5 32 2.65 14.13 13.15 19.34 159.34 8.748 0.428 0.7530 17
conv5 33 -1.26 7.86 21.69 17.52 58.83 56.575 0.412 0.8828 651
conv5 34 55.42 2.45 13.05 33.64 21.80 0.262 0.001 0.5101 2
conv5 35 20.33 0.20 17.09 22.49 155.78 15.244 0.322 0.7843 433
conv5 36 3.16 -21.65 18.08 29.30 177.51 217.008 11.941 0.9173 975
conv5 37 8.25 -7.86 28.39 24.06 143.88 9.398 0.141 0.8286 21
conv5 38 -0.08 -0.42 5.77 19.06 172.41 4.913 0.002 0.8612 6
conv5 39 -5.70 38.92 103.88 87.59 95.27 203.378 -80.464 0.6005 7361
conv5 40 -0.73 11.93 28.64 18.46 90.41 332.864 11.056 0.9349 733
conv5 41 1.16 -37.36 22.14 56.10 2.55 31.542 0.518 0.7238 824
conv5 42 -6.92 -37.63 24.19 34.72 8.03 455.423 14.673 0.9389 4486
conv5 43 -3.89 -2.55 27.22 12.27 123.38 3.545 0.080 0.7958 25
conv5 44 3.21 3.70 43.69 22.10 131.56 3.467 -0.137 0.7953 33
conv5 45 4.45 18.85 26.27 24.11 69.42 96.764 6.025 0.9333 183
conv5 46 -6.36 -5.64 27.41 13.98 40.71 7.384 0.348 0.6771 116
conv5 47 -0.50 -31.03 22.11 11.45 35.88 1.499 -0.011 0.8418 2
conv5 48 2.16 -40.02 23.28 29.22 168.03 60.594 2.472 0.9144 111
conv5 49 -1.28 2.36 19.57 13.66 58.01 42.741 1.911 0.7390 55
conv5 50 36.80 15.47 20.59 26.22 52.78 18.731 1.899 0.7541 70
conv5 51 -0.50 45.50 11.10 6.08 90.00 1.111 -0.002 0.7896 1
conv5 52 2.37 28.94 23.43 19.63 37.90 47.389 0.867 0.9441 81
conv5 53 -4.03 -45.71 25.57 51.93 10.77 28.495 1.435 0.7729 506
conv5 54 27.65 -11.28 35.51 27.49 82.20 33.032 2.964 0.7326 928
conv5 55 9.48 -20.89 21.29 11.06 154.89 48.801 0.975 0.8147 722
conv5 56 -0.98 14.54 20.79 17.29 85.48 141.215 0.940 0.9670 141
conv5 57 -59.32 -3.25 57.70 23.44 30.96 3.547 0.645 0.7250 20
conv5 58 30.05 -0.48 19.65 9.36 67.50 0.890 -0.003 0.8097 3
conv5 59 7.25 -23.43 5.29 0.90 21.84 0.807 0.000 0.8091 2
conv5 60 -9.40 22.49 28.88 20.63 18.88 374.380 19.884 0.9405 3281
conv5 61 6.67 -10.73 32.66 30.57 103.53 263.989 20.400 0.9218 1295
conv5 62 -0.59 -9.13 21.19 35.27 173.86 197.063 11.513 0.9320 1887
conv5 63 -81.50 -81.50 40.75 32.60 90.00 0.000 0.000 nan 0
conv5 64 -0.80 11.73 12.69 6.33 108.00 0.672 -0.001 0.8150 2
conv5 65 -0.65 -4.08 24.46 19.30 124.45 359.220 14.814 0.9531 1744
conv5 66 -81.50 -81.50 40.75 32.60 90.00 0.000 0.000 nan 0
conv5 67 5.98 14.84 27.41 20.88 56.18 84.467 3.380 0.9309 975
conv5 68 4.36 23.07 23.94 20.23 38.81 157.851 1.826 0.8533 1269
conv5 69 13.85 -7.00 14.36 20.20 0.03 110.434 1.299 0.8858 1279
conv5 70 -3.13 12.48 23.82 13.10 110.98 1.465 0.121 0.6417 17
conv5 71 8.84 3.67 14.94 21.13 40.08 235.309 0.088 0.9551 1295
conv5 72 -4.75 7.25 14.35 18.55 177.45 44.291 -0.116 0.9488 91
conv5 73 1.88 7.16 14.74 37.09 0.73 73.788 5.055 0.8783 696
conv5 74 6.27 -0.29 33.96 60.06 7.83 21.308 -0.882 0.8102 398
conv5 75 49.44 3.40 38.41 22.86 25.78 0.610 -0.016 0.7870 1
conv5 76 -6.78 -11.73 11.93 26.94 176.03 13.315 0.253 0.8150 132
conv5 77 -18.13 -7.50 11.79 8.38 43.04 3.708 0.014 0.7948 46
conv5 78 -5.66 -12.83 25.78 14.33 85.44 3.670 0.001 0.6084 59
conv5 79 6.41 -11.98 26.00 21.03 116.58 174.646 0.458 0.9343 3610
conv5 80 -0.76 0.81 17.34 15.90 56.30 200.209 5.982 0.8889 100
conv5 81 4.28 6.42 33.20 32.00 126.75 242.432 11.036 0.9551 444
conv5 82 17.55 -13.59 18.73 38.32 178.09 86.635 2.699 0.8033 815
conv5 83 -1.49 -50.91 20.44 46.54 172.07 477.564 140.942 0.7906 25125
conv5 84 -8.24 -3.68 18.45 12.39 145.01 72.242 1.488 0.8670 309
conv5 85 28.82 0.91 11.38 24.08 45.89 1.794 -0.009 0.7831 2
conv5 86 0.37 -0.39 12.31 21.62 2.07 3.112 -0.022 0.8470 6
conv5 87 -10.23 -17.85 42.14 29.77 84.28 27.695 1.156 0.8466 92
conv5 88 -6.17 -17.94 15.18 20.59 42.71 64.549 1.170 0.9317 248
conv5 89 -8.72 -62.03 6.89 25.16 179.19 4.494 0.019 0.8992 42
conv5 90 -0.48 -0.41 33.41 21.18 76.66 8.745 0.018 0.8246 11
conv5 91 14.40 31.12 20.34 41.31 8.42 275.355 18.246 0.8842 1520
conv5 92 0.59 13.60 7.76 15.76 29.79 4.841 -0.006 0.7434 64
conv5 93 -81.50 -81.50 40.75 32.60 90.00 0.000 0.000 nan 0
conv5 94 -18.73 28.11 37.55 24.56 146.87 30.083 2.652 0.8580 112
conv5 95 1.16 -57.51 7.82 31.55 155.86 0.706 -0.001 0.6834 16
conv5 96 8.97 1.60 9.25 21.74 179.16 28.535 0.325 0.9026 52
conv5 97 -17.40 25.92 29.14 25.19 155.10 13.771 0.377 0.8953 26
conv5 98 7.37 -1.93 16.36 19.01 20.76 39.999 0.103 0.8949 134
conv5 99 -0.50 -0.50 4.66 47.29 0.00 0.653 -0.003 0.7905 1
conv5 100 22.12 17.88 18.54 23.42 56.09 131.598 18.872 0.7639 940
conv5 101 14.77 -46.23 11.10 1.26 135.00 0.898 0.001 0.7039 2
conv5 102 -1.74 17.93 18.57 14.64 33.88 151.607 0.953 0.9357 730
conv5 103 6.49 -36.44 13.94 20.71 117.94 29.414 0.598 0.8460 279
conv5 104 17.40 -24.54 23.88 8.17 25.46 7.440 0.108 0.7147 59
conv5 105 0.43 1.66 22.60 28.33 2.40 93.352 3.918 0.8867 362
conv5 106 212.70 -1443.74 18.85 607.55 79.11 3438.844 310.710 0.1951 29626
conv5 107 -81.79 0.11 31.53 60.51 6.01 6.483 0.039 0.4992 173
conv5 108 -1.25 -3.76 36.86 19.25 92.15 51.569 0.242 0.8975 38
conv5 109 -81.50 -81.50 40.75 32.60 90.00 0.000 0.000 nan 0
conv5 110 3.24 -39.69 33.89 22.19 176.98 201.373 6.119 0.9015 2731
conv5 111 -3.29 -31.90 28.26 42.66 176.66 250.582 29.323 0.8660 3696
conv5 112 2.12 14.61 20.84 17.58 9.97 598.384 7.433 0.9682 1173
conv5 113 -65.63 -12.69 23.73 90.86 178.00 10.905 1.062 0.6695 145
conv5 114 1.82 12.34 9.30 16.54 8.06 23.239 0.433 0.7913 306
conv5 115 27.52 -21.62 25.17 16.23 52.61 1.162 0.013 0.4934 11
conv5 116 -1.42 29.23 23.57 16.63 99.38 21.547 0.138 0.9233 35
conv5 117 18.45 -23.99 18.04 20.94 175.45 10.425 0.570 0.7886 60
conv5 118 1.23 6.94 22.68 18.62 144.31 14.655 0.163 0.8908 15
conv5 119 -81.50 -81.50 40.75 32.60 90.00 0.000 0.000 nan 0
conv5 120 -0.85 -2.00 16.59 10.60 102.00 14.845 0.117 0.7917 33
conv5 121 0.83 25.36 6.90 5.70 32.29 2.537 0.030 0.7361 14
conv5 122 8.59 1.20 24.92 21.38 30.18 56.766 -0.709 0.7677 1696
conv5 123 -22.73 -0.75 9.44 22.39 123.91 34.178 0.596 0.8642 851
conv5 124 -10.30 12.09 60.59 21.65 92.44 0.261 -0.005 0.3538 6
conv5 125 15.36 -36.43 29.27 35.31 153.62 211.880 5.858 0.9399 10322
conv5 126 4.76 -21.54 51.82 41.31 103.75 322.997 -28.377 0.6619 8797
conv5 127 4.49 1.07 12.18 40.82 179.69 0.986 -0.007 0.7655 9
conv5 128 30.06 5.86 6.36 2.90 78.64 1.284 0.004 0.6957 4
conv5 129 -0.31 0.43 43.97 24.97 96.75 2.651 -0.101 0.8191 5
conv5 130 -7.96 15.48 10.09 11.88 154.53 10.593 -0.002 0.9106 18
conv5 131 -1.66 12.81 30.35 8.07 91.32 0.375 -0.001 0.4894 3
conv5 132 68.19 53.80 31.43 12.76 49.79 54.581 1.214 0.9218 2925
conv5 133 -0.05 -0.36 11.59 15.66 161.41 78.679 0.008 0.8976 772
conv5 134 -1.45 30.55 20.94 22.47 21.57 122.873 2.912 0.9428 140
conv5 135 0.72 2.91 22.69 2.86 112.31 0.690 0.001 0.7388 3
conv5 136 5.82 -3.49 22.90 20.08 84.85 253.020 -1.060 0.9473 2068
conv5 137 4.89 4.33 14.21 21.51 7.18 250.001 -0.427 0.9598 1049
conv5 138 -3.82 -21.07 53.38 50.52 66.94 11.622 -2.040 0.5072 961
conv5 139 -10.65 30.01 1.21 8.00 2.99 1.072 0.001 0.6996 9
conv5 140 -81.50 -81.50 40.75 32.60 90.00 0.000 0.000 nan 0
conv5 141 5.35 -12.37 11.79 33.14 160.09 12.233 0.570 0.7136 345
conv5 142 5.92 17.48 7.07 11.01 32.51 28.032 0.033 0.9434 149
conv5 143 42.57 15.95 24.71 15.24 68.69 334.125 84.884 0.6210 13695
conv5 144 6.00 4.93 11.68 16.83 173.40 71.703 1.336 0.9283 183
conv5 145 -6.24 6.33 23.45 17.80 176.81 191.442 0.175 0.9356 2429
conv5 146 8.69 -8.94 22.51 15.87 37.23 17.278 0.579 0.7637 316
conv5 147 -81.50 -81.50 40.75 32.60 90.00 0.000 0.000 nan 0
conv5 148 1.59 5.19 12.34 18.66 3.97 52.254 0.305 0.9556 81
conv5 149 -4.23 -28.84 42.96 29.43 81.61 61.629 -0.067 0.6243 3264
conv5 150 -0.24 -4.18 27.57 12.79 154.52 7.380 0.036 0.6353 102
conv5 151 6.57 0.22 13.42 26.19 172.59 14.624 1.086 0.7173 67
conv5 152 -6.34 -2.40 63.90 34.81 92.46 59.382 2.241 0.8112 177
conv5 153 2.78 21.51 26.01 17.27 97.65 49.569 1.067 0.9169 81
conv5 154 -81.50 -81.50 40.75 32.60 90.00 0.000 0.000 nan 0
conv5 155 2.22 4.85 18.14 18.94 67.93 405.596 4.093 0.9582 603
conv5 156 -0.22 26.23 19.09 26.90 0.88 69.087 1.905 0.9436 157
conv5 157 0.03 -1.62 16.46 17.24 155.08 608.913 9.500 0.9660 774
conv5 158 -82.50 -82.50 1.00 1.00 89.00 -1.000 -1.000 -0.0000 24719
conv5 159 -3.32 5.56 5.94 38.16 179.17 1.582 0.010 0.2827 43
conv5 160 -18.45 1.29 9.45 10.46 169.35 4.353 0.082 0.7280 18
conv5 161 39.03 -5.45 10.80 36.26 0.54 48.310 23.447 0.2642 5990
conv5 162 3.05 -15.20 73.42 40.67 164.43 161.127 13.638 0.5527 5536
conv5 163 -81.50 -81.50 40.75 32.60 90.00 0.000 0.000 nan 0
conv5 164 -19.19 -20.36 41.13 24.64 33.85 82.181 18.567 0.6479 2137
conv5 165 25.72 -7.79 12.76 10.11 117.85 6.145 0.250 0.6358 302
conv5 166 -3.62 -1.92 19.56 24.66 19.93 32.064 -0.663 0.6713 767
conv5 167 -12.84 19.83 13.67 7.25 81.42 18.993 0.287 0.7039 305
conv5 168 1.33 -4.22 20.20 17.70 63.16 230.284 -0.739 0.9152 2386
conv5 169 -1.05 -40.42 37.24 22.64 88.63 3.737 -0.050 0.8163 9
conv5 170 0.12 7.14 12.40 18.61 10.18 4.076 0.036 0.8505 11
conv5 171 -81.50 -81.50 40.75 32.60 90.00 0.000 0.000 nan 0
conv5 172 0.06 -32.37 23.98 7.45 91.00 14.826 0.032 0.8832 19
conv5 173 -81.50 -81.50 40.75 32.60 90.00 0.000 0.000 nan 0
conv5 174 -1.19 29.42 7.20 10.19 53.71 3.028 0.021 0.6432 19
conv5 175 11.48 14.52 17.00 10.10 69.13 9.775 0.156 0.7836 31
conv5 176 -0.57 25.28 24.46 6.05 75.84 0.376 0.003 0.5716 6
conv5 177 -12.24 -5.53 7.90 15.16 11.79 0.764 0.000 0.4855 32
conv5 178 6.89 -0.60 1.02 6.32 157.85 0.527 0.001 0.5467 4
conv5 179 -51.16 46.15 19.60 31.83 2.58 10.518 1.745 0.5854 980
conv5 180 8.71 18.46 18.81 6.04 31.45 8.823 -0.005 0.8590 65
conv5 181 3.13 44.51 31.49 19.78 88.31 10.292 0.075 0.8902 13
conv5 182 6.83 -5.01 15.58 31.49 179.59 298.992 4.543 0.9208 2273
conv5 183 30.43 -0.04 7.41 17.60 65.15 24.743 2.887 0.6242 205
conv5 184 -0.48 -31.10 4.68 22.23 67.55 0.476 -0.001 0.7862 1
conv5 185 2.35 -20.80 17.15 27.53 11.58 10.982 0.289 0.8511 113
conv5 186 -31.24 -1.50 9.55 4.34 113.44 1.962 -0.001 0.9233 6
conv5 187 43.79 -33.48 12.34 21.61 134.05 12.467 0.465 0.7432 523
conv5 188 16.40 9.40 26.86 18.45 42.21 9.643 0.712 0.6884 132
conv5 189 2.39 -7.80 35.13 24.39 96.90 117.075 2.039 0.9160 538
conv5 190 -25.91 -5.22 7.25 5.88 83.27 8.296 0.012 0.9030 24
conv5 191 7.14 17.74 18.97 14.83 83.72 48.055 0.361 0.8910 217
conv5 192 -5.40 -14.81 36.51 28.79 79.24 81.311 1.273 0.9062 123
conv5 193 -15.83 -0.59 2.46 11.13 112.50 0.851 0.005 0.4494 3
conv5 194 0.79 -1.84 22.01 29.45 15.99 642.505 6.297 0.9412 5108
conv5 195 -0.79 27.10 19.56 10.52 55.41 6.478 0.279 0.7900 32
conv5 196 -81.50 -81.50 40.75 32.60 90.00 0.000 0.000 nan 0
conv5 197 8.71 10.01 62.66 12.66 130.04 2.751 0.053 0.5023 66
conv5 198 8.21 -27.57 29.96 18.24 128.51 2.813 -0.003 0.8551 20
conv5 199 -38.89 -5.44 10.06 35.88 17.22 0.441 0.006 0.7801 4
conv5 200 0.01 -6.89 10.68 9.28 143.06 7.088 0.001 0.7938 99
conv5 201 15.15 2.33 48.82 22.79 121.37 7.807 0.270 0.5178 301
conv5 202 -2.16 -1.27 12.73 21.79 172.31 4.403 0.013 0.8512 10
conv5 203 -49.47 -4.88 39.15 22.68 26.74 0.469 -0.013 0.7751 4
conv5 204 1.97 -7.33 19.14 26.07 161.70 370.329 -0.233 0.9364 3824
conv5 205 0.54 -1.71 14.07 17.17 31.47 235.002 6.865 0.8813 142
conv5 206 -2.14 4.36 20.88 16.99 77.12 177.456 0.017 0.9308 1301
conv5 207 15.38 -25.56 4.36 16.34 156.42 0.512 0.001 0.3721 15
conv5 208 4.72 3.83 17.90 13.88 88.52 21.794 0.033 0.9581 41
conv5 209 -6.80 1.52 19.31 73.70 177.23 3.757 0.053 0.6814 25
conv5 210 -82.50 -82.50 1.00 1.00 89.00 -1.000 -1.000 0.0000 16276
conv5 211 0.16 9.54 19.10 8.34 92.84 62.430 0.531 0.9047 172
conv5 212 29.61 -14.81 8.58 11.15 164.75 20.216 0.402 0.8404 282
conv5 213 -2.54 -5.07 13.47 30.55 174.88 18.717 0.135 0.8289 232
conv5 214 -0.77 -7.01 19.56 14.78 99.81 344.063 7.068 0.9567 1086
conv5 215 12.15 -15.81 8.05 18.94 10.38 0.462 -0.000 0.3464 40
conv5 216 3.07 -1.32 15.04 27.38 171.64 54.062 2.205 0.8686 652
conv5 217 -81.50 -81.50 40.75 32.60 90.00 0.000 0.000 nan 0
conv5 218 -5.38 37.79 17.00 8.33 172.18 43.121 3.703 0.5081 1549
conv5 219 0.95 1.73 22.15 11.68 130.98 6.282 -0.046 0.8417 23
conv5 220 -0.30 -2.22 42.74 12.16 110.35 0.687 0.014 0.7955 5
conv5 221 4.10 45.02 28.64 21.17 89.49 3.911 -0.047 0.8604 13
conv5 222 2.99 28.43 16.35 22.62 1.52 43.598 0.939 0.9417 84
conv5 223 -1.40 7.01 24.21 36.49 12.09 6.426 -0.076 0.7823 25
conv5 224 -0.48 30.04 11.24 5.76 67.19 0.350 -0.001 0.7882 1
conv5 225 -8.89 8.65 25.10 31.61 4.19 4.452 0.128 0.8123 29
conv5 226 -5.89 -6.51 15.07 7.38 42.99 40.017 0.158 0.8162 465
conv5 227 0.48 -2.78 14.54 23.64 173.55 327.777 -2.680 0.9287 2414
conv5 228 14.17 -13.23 6.73 5.62 92.73 6.201 0.181 0.5926 56
conv5 229 -1.20 -1.24 23.50 17.75 129.99 79.405 1.395 0.9393 127
conv5 230 -30.12 23.16 59.76 20.98 140.76 6.310 0.327 0.6528 548
conv5 231 9.85 6.13 7.00 21.29 27.06 0.881 -0.002 0.6582 11
conv5 232 -3.36 23.39 22.97 12.47 94.64 161.720 1.541 0.9099 750
conv5 233 7.85 5.45 23.96 18.72 81.04 11.015 0.808 0.7917 39
conv5 234 -20.19 8.02 67.20 43.00 46.38 2.217 -0.119 0.4846 68
conv5 235 -81.50 -81.50 40.75 32.60 90.00 0.000 0.000 nan 0
conv5 236 34.94 -3.25 15.71 8.05 51.07 22.137 0.789 0.8093 421
conv5 237 3.73 8.25 15.10 22.47 31.85 69.384 0.739 0.9177 885
conv5 238 -0.50 -0.51 9.89 35.83 175.31 13.190 0.223 0.8471 11
conv5 239 5.25 6.10 16.66 13.24 158.69 140.673 2.379 0.9393 258
conv5 240 11.70 -25.02 68.80 46.07 122.01 4.613 -0.583 0.7029 27
conv5 241 -4.12 -20.72 33.74 31.28 34.62 14.135 0.276 0.5963 57
conv5 242 -81.50 -81.50 40.75 32.60 90.00 0.000 0.000 nan 0
conv5 243 3.00 6.04 23.05 28.22 24.07 54.759 1.143 0.9269 135
conv5 244 -1.92 7.97 31.85 37.82 164.70 259.969 12.636 0.9515 626
conv5 245 -0.90 -7.07 19.12 15.28 31.74 46.802 0.025 0.9315 277
conv5 246 2.50 1.32 4.43 19.15 150.74 2.431 0.030 0.6678 10
conv5 247 15.53 13.54 10.15 4.90 5.81 8.138 0.035 0.8768 48
conv5 248 2.93 -19.80 19.52 8.91 35.69 3.978 0.014 0.6498 156
conv5 249 1.77 5.69 10.77 18.62 7.64 35.425 0.127 0.9043 265
conv5 250 -12.05 18.78 16.27 10.76 138.65 56.175 1.578 0.8989 246
conv5 251 0.12 27.44 10.24 15.32 14.56 16.907 0.179 0.9167 50
conv5 252 -4.87 -20.72 41.93 28.88 73.37 5.208 -0.081 0.7889 17
conv5 253 -0.63 -3.95 51.62 48.22 116.52 99.342 -6.764 0.8738 149
conv5 254 -2.55 3.05 20.47 21.03 175.16 244.238 -0.530 0.9173 2450
conv5 255 -1.28 0.71 11.57 19.14 154.71 26.196 -0.011 0.9496 34
