conv1 0 0.50 1.49 2.01 2.48 171.85 368.789 469.745 0.7585 21092
conv1 1 -3.50 -0.86 3.69 1.06 89.19 124.054 1907.675 0.1945 18396
conv1 2 0.67 0.45 3.85 2.46 36.38 30.771 5.687 0.6958 3958
conv1 3 -0.29 -0.94 2.25 2.84 174.00 502.862 12.523 0.9560 2842
conv1 4 -1.11 -0.40 335.46 505.25 179.12 48867.282 -48785.446 0.3951 35118
conv1 5 3.46 -0.14 2.39 1.00 92.53 158.357 104.849 0.3995 569
conv1 6 0.18 -0.43 3.15 3.41 179.07 297.521 23.940 0.8727 525
conv1 7 -0.47 -0.72 306.67 260.23 93.13 364889.976 -363873.316 0.4665 34830
conv1 8 -4.50 -3.28 2.90 0.44 90.00 3.119 0.086 0.7692 10
conv1 9 0.34 0.44 2.71 2.98 164.32 348.979 12.707 0.8265 3774
conv1 10 -0.47 -2.48 1.83 2.53 167.19 408.174 47.433 0.9349 1111
conv1 11 0.26 -0.10 3.05 2.66 83.50 342.079 43.717 0.8808 694
conv1 12 -2.23 -0.18 2.78 2.00 95.14 487.798 27.674 0.9467 1366
conv1 13 0.03 0.12 2.06 2.89 3.57 453.326 20.652 0.9547 963
conv1 14 -0.97 0.08 2.05 2.81 16.59 384.113 48.895 0.9089 776
conv1 15 -3.35 -0.34 2.80 0.99 93.39 44.532 864.723 0.0920 35903
conv1 16 0.32 -0.78 4.00 2.67 64.35 512.788 -7.326 0.8806 3321
conv1 17 -0.52 3.43 1.09 2.48 1.76 155.431 83.902 0.5554 537
conv1 18 0.15 -0.08 2.50 2.06 102.75 560.527 14.072 0.9743 1570
conv1 19 -0.35 -0.60 392.71 403.90 40.18 482482.038 -481649.197 0.3484 36086
conv1 20 2.38 1.78 1.37 1.09 91.18 105.034 54.668 0.3621 4643
conv1 21 380.97 -5.51 102.67 1.14 1.32 8735.676 56.499 0.3917 18163
conv1 22 0.03 0.47 2.30 2.60 167.15 356.613 68.947 0.8118 3477
conv1 23 -0.17 -0.28 3.64 3.18 75.38 307.441 2.931 0.8848 552
conv1 24 -0.62 -0.50 2.72 1.59 90.57 483.628 22.240 0.9494 793
conv1 25 -2.06 0.85 2.22 1.96 79.89 516.600 2.405 0.8940 1579
conv1 26 -2.64 -2.55 1.97 1.64 41.99 124.148 1308.178 0.2557 35489
conv1 27 0.34 0.13 3.34 3.66 159.76 415.048 -48.346 0.8572 4160
conv1 28 -1.22 -0.34 3.52 2.55 102.97 452.600 5.706 0.9149 2737
conv1 29 -2.68 -0.73 3.40 1.58 85.72 278.700 86.468 0.7592 2837
conv1 30 -0.73 -0.24 3.07 2.10 92.21 425.624 14.034 0.9554 1383
conv1 31 -2.68 0.34 1.54 1.15 106.73 357.081 1320.092 0.6288 34710
conv1 32 -2.01 -1.05 2.71 2.01 63.04 328.778 62.060 0.9058 1127
conv1 33 1.49 0.74 2.92 1.96 93.14 524.536 15.791 0.9596 2469
conv1 34 1.07 0.13 2.81 1.82 102.81 499.513 24.810 0.9598 2072
conv1 35 -0.01 0.36 292.14 236.69 116.71 91621.689 -91347.571 0.4536 32746
conv1 36 -0.80 -3.54 3.56 1.21 179.10 160.457 1958.782 0.2493 18255
conv1 37 -0.50 -0.50 3.28 2.75 146.99 3.788 -0.563 0.9099 8
conv1 38 -2.67 -3.34 2.10 0.96 58.14 178.026 83.924 0.5743 1821
conv1 39 0.78 -2.50 1.27 1.21 153.35 485.066 1379.709 0.6446 33715
conv1 40 -2.46 -0.70 1.40 1.94 150.49 191.963 46.066 0.7801 9878
conv1 41 0.26 0.54 2.14 2.33 26.72 526.572 19.761 0.9692 1156
conv1 42 -0.22 1.60 6.61 2.96 81.73 139.773 5.497 0.6863 1419
conv1 43 -0.64 -1.66 4.60 3.82 120.39 258.769 -15.504 0.8633 602
conv1 44 1.16 0.53 2.18 3.31 177.89 278.397 102.660 0.7066 8660
conv1 45 -0.59 -0.27 5.59 5.37 56.07 485.042 997.502 0.7261 34896
conv1 46 -4.56 -0.84 1.67 1.11 90.16 459.854 678.821 0.8855 19283
conv1 47 3.25 -1.72 2.03 1.08 98.03 157.115 105.104 0.3885 586
conv1 48 -0.19 2.33 2.09 3.13 155.09 429.811 6.570 0.9657 1815
conv1 49 -0.72 0.31 4.14 2.67 134.08 20.590 5.237 0.5032 4233
conv1 50 -0.44 -0.67 2.94 2.64 106.23 356.238 53.056 0.8787 581
conv1 51 0.84 -3.24 4.79 1.88 134.53 84.335 1346.684 0.2392 18195
conv1 52 -0.51 -3.95 1.44 3.37 175.10 57.572 172.560 0.4088 18050
conv1 53 -144.90 5.73 1.12 56.26 3.79 1506.151 466.585 0.2027 18098
conv1 54 -0.72 0.04 1.06 2.49 174.29 373.303 37.925 0.8370 1195
conv1 55 -1.13 -1.95 2.02 3.09 22.56 490.169 25.174 0.9496 1669
conv1 56 -3.81 -2.68 1.12 1.91 63.57 130.125 88.179 0.3819 741
conv1 57 -0.40 -0.50 1.97 2.70 159.83 444.817 50.799 0.9405 694
conv1 58 -1.31 4.58 385.74 222.06 81.49 79963.989 -79056.740 0.0647 18389
conv1 59 0.69 -0.48 8.75 2.94 69.99 114.596 19.220 0.6483 1053
conv1 60 0.58 -0.78 2.97 2.55 154.25 277.456 3.773 0.9118 4065
conv1 61 0.69 2.60 1.63 5.57 6.77 398.382 44.454 0.9277 4604
conv1 62 -0.85 -4.87 1.42 2.05 173.48 111.960 84.705 0.3112 520
conv1 63 -1.51 1.49 2.04 2.94 160.12 480.368 34.962 0.9519 3692
conv2 0 11.72 -8.79 14.69 4.33 135.56 1319.241 399.975 0.5621 8171
conv2 1 -1.30 -0.64 8.84 7.84 72.76 1884.688 113.683 0.9648 1416
conv2 2 -0.04 -4.63 9.77 7.02 88.61 1792.307 105.648 0.9224 4102
conv2 3 -713.58 -454.91 297.14 14.18 146.20 22069.789 546.274 0.3970 31716
conv2 4 2.79 7.71 9.37 12.69 10.26 4104.970 25.077 0.9782 8374
conv2 5 -6.67 -10.46 8.92 7.75 30.47 951.864 44.861 0.9555 1177
conv2 6 -1.81 3.01 26.34 23.38 28.85 892.148 608.418 0.7425 33982
conv2 7 5.93 6.44 11.05 7.94 134.16 2341.025 476.938 0.9399 16690
conv2 8 -1.63 -5.18 7.84 11.20 154.83 1957.149 85.965 0.9597 1444
conv2 9 -26.50 -26.50 1.00 1.00 89.00 -1.000 -1.000 0.0000 29142
conv2 10 -5.70 6.20 15.97 8.54 143.12 1843.869 92.451 0.9367 4821
conv2 11 -3.42 15.75 7.07 20.38 1.31 89.660 225.028 0.3633 30985
conv2 12 -1.80 -4.06 9.99 7.77 91.30 1430.289 152.993 0.9208 2531
conv2 13 -2.16 -2.52 12.80 16.17 6.00 313.500 -3.051 0.8705 1280
conv2 14 9.90 6.04 14.68 10.89 50.04 893.867 22.508 0.9174 9824
conv2 15 2.87 -3.12 11.32 6.88 133.75 3135.969 141.817 0.9747 2707
conv2 16 -4.08 -0.11 8.10 9.15 1.95 1853.727 128.124 0.9512 1128
conv2 17 -0.98 -5.32 13.03 7.90 139.18 3109.915 191.887 0.9691 3294
conv2 18 -0.43 -0.77 16.66 16.09 116.40 7945.218 -829.600 0.9673 6236
conv2 19 0.43 1.24 12.01 6.36 36.71 3541.874 164.042 0.9647 3698
conv2 20 -2.95 2.32 12.27 11.21 107.31 1743.973 43.955 0.9758 1580
conv2 21 -8.01 -1.96 9.53 7.61 50.32 2409.796 39.257 0.9627 7428
conv2 22 -4.99 -6.67 8.60 7.31 124.25 416.626 18.037 0.9715 1719
conv2 23 -1.25 1.20 9.43 12.89 0.94 340.459 71.474 0.7947 3052
conv2 24 -3.09 -0.70 6.38 11.78 161.55 2248.243 88.661 0.9530 4884
conv2 25 4.69 -0.01 7.34 9.86 28.44 1642.803 31.550 0.9731 2147
conv2 26 0.51 -2.74 14.30 12.27 88.27 2192.677 -34.913 0.9599 7246
conv2 27 2.45 5.40 8.12 9.62 162.85 3430.495 148.563 0.9719 2915
conv2 28 -1.92 -1.20 15.82 10.45 99.55 1608.377 375.379 0.8331 29506
conv2 29 0.01 4.60 10.76 11.18 153.58 825.540 50.752 0.9621 1359
conv2 30 -0.65 -10.76 10.30 8.49 70.96 605.970 87.639 0.9291 3773
conv2 31 -3.32 -0.88 9.57 10.54 168.94 2169.121 96.698 0.9754 2797
conv2 32 -1.13 0.36 17.52 11.92 63.36 726.745 131.442 0.7576 8972
conv2 33 -26.50 -26.50 1.00 1.00 89.00 -1.000 -1.000 0.0000 33603
conv2 34 1.18 1.35 10.54 12.79 177.76 1983.470 28.325 0.9608 1437
conv2 35 -4.01 -0.79 9.75 8.37 116.96 1563.112 95.768 0.9618 2767
conv2 36 3.98 -1.79 9.03 8.52 127.49 3273.709 173.401 0.9789 5830
conv2 37 0.98 2.16 12.56 10.88 81.70 1251.511 46.117 0.9393 5190
conv2 38 3.17 -8.22 13.16 7.75 24.97 1409.914 96.902 0.9428 2215
conv2 39 -6.65 8.81 11.84 11.57 88.08 1288.287 299.924 0.8345 23825
conv2 40 -2.68 -2.65 11.94 7.04 27.31 1178.239 86.994 0.9477 2435
conv2 41 -0.01 -0.69 6.85 8.69 13.50 5823.580 248.909 0.9848 3680
conv2 42 -9.63 1.93 8.03 6.12 123.80 516.252 44.410 0.9337 2148
conv2 43 1.58 2.26 17.61 12.53 64.39 818.906 16.941 0.9151 1810
conv2 44 2.51 6.62 5.67 10.36 5.73 2871.468 420.452 0.9364 14720
conv2 45 1.55 4.54 11.40 10.06 79.08 4651.698 86.315 0.9757 3478
conv2 46 1.98 -1.92 9.07 6.27 79.72 4075.424 188.672 0.9742 2499
conv2 47 -5.13 -4.05 11.69 8.69 149.34 1712.897 46.603 0.9561 3418
conv2 48 -5.16 -1.39 12.49 8.63 56.99 1382.879 97.885 0.9138 3003
conv2 49 -5.30 5.31 9.43 8.56 121.01 1622.422 164.074 0.8707 2765
conv2 50 -3.28 -3.81 11.03 5.72 31.02 2152.595 270.656 0.9397 5645
conv2 51 3.81 -0.58 8.38 8.72 41.28 5082.794 214.105 0.9879 4085
conv2 52 9.07 -0.31 12.79 6.60 53.57 1442.395 161.067 0.9000 2577
conv2 53 -5.32 -2.91 13.04 9.18 84.76 1906.606 68.274 0.9610 2856
conv2 54 4.81 -2.46 8.88 6.45 51.61 527.102 114.365 0.9059 14701
conv2 55 6.68 -15.40 3.51 4.84 179.86 130.508 13.065 0.6412 1226
conv2 56 -1.25 -2.50 12.65 11.97 121.65 753.839 34.893 0.9096 10824
conv2 57 0.30 -13.79 8.49 16.46 178.73 4883.707 128.874 0.9772 8835
conv2 58 -1.14 0.86 8.75 7.66 51.54 2825.457 143.663 0.9779 2186
conv2 59 4.54 1.91 9.42 10.35 25.33 6148.897 187.765 0.9833 4538
conv2 60 2.16 1.86 7.45 5.32 19.98 2837.865 208.913 0.9250 2763
conv2 61 -1.18 -0.89 10.41 8.03 54.07 3854.993 166.366 0.9829 5609
conv2 62 -26.50 -26.50 1.00 1.00 89.00 -1.000 -1.000 0.0000 6236
conv2 63 -5.40 -2.84 11.89 9.92 63.70 6871.559 162.271 0.9819 4935
conv2 64 -3.81 4.78 8.17 9.47 11.75 8727.638 262.105 0.9783 3953
conv2 65 3.33 0.60 8.19 7.66 41.48 1088.675 36.464 0.9437 3738
conv2 66 2.27 -3.94 11.29 13.69 177.96 898.043 24.240 0.9447 3172
conv2 67 -0.19 0.12 9.35 11.09 166.13 4204.083 174.450 0.9797 2808
conv2 68 -2.84 -1.15 6.31 8.24 1.63 2098.790 52.379 0.9768 2884
conv2 69 1.71 -3.24 6.47 7.19 123.38 1408.053 267.782 0.7639 4590
conv2 70 -0.01 0.12 8.97 6.95 108.85 4301.637 212.799 0.9774 1977
conv2 71 -5.12 -1.43 5.94 8.96 13.84 2656.552 152.938 0.9673 4421
conv2 72 0.23 -4.05 8.75 7.87 118.55 1556.311 122.002 0.9578 2800
conv2 73 1.87 -1.43 14.14 7.84 55.24 3067.644 118.816 0.9631 5433
conv2 74 7.41 -8.60 4.24 5.57 124.67 1422.997 1559.526 0.5751 32541
conv2 75 -0.18 -2.31 9.29 7.94 129.51 3751.445 158.701 0.9819 4153
conv2 76 -1.56 -0.20 6.56 5.92 97.43 5145.021 230.075 0.9646 2800
conv2 77 -0.97 -2.53 16.63 17.24 24.84 831.902 -104.559 0.8389 3968
conv2 78 4.20 1.32 10.30 9.13 48.60 4398.818 108.596 0.9668 3883
conv2 79 2.26 -1.30 16.25 6.75 137.84 2965.718 174.212 0.9274 3379
conv2 80 -1.08 4.87 11.03 9.00 72.79 1523.402 79.237 0.9579 5384
conv2 81 -7.97 -10.29 20.58 8.70 25.59 596.884 329.272 0.8236 24059
conv2 82 -1.07 -12.69 6.77 9.13 37.27 4526.108 171.157 0.9808 3513
conv2 83 0.11 -1.20 8.15 5.84 91.99 9995.222 481.015 0.9677 2563
conv2 84 5.34 1.71 12.00 8.82 122.57 2016.416 85.929 0.9581 3084
conv2 85 3.77 1.99 10.10 19.95 4.06 1064.321 65.722 0.9391 1680
conv2 86 0.11 -6.32 6.60 7.83 161.83 8197.978 293.532 0.9743 3279
conv2 87 -1.45 5.77 9.28 6.59 139.34 2007.743 132.052 0.9457 7637
conv2 88 4.37 -2.16 10.84 7.60 127.08 2127.947 115.642 0.9607 4260
conv2 89 -0.72 -3.40 10.64 8.76 33.82 3089.186 188.450 0.9726 4387
conv2 90 -0.92 0.60 11.06 19.52 172.62 1242.153 45.500 0.9243 1786
conv2 91 5.49 -2.36 11.56 10.01 24.74 1222.624 57.755 0.9445 1872
conv2 92 -1.76 5.47 6.63 10.25 8.00 5063.278 171.087 0.9749 3876
conv2 93 -6.56 3.42 16.26 11.56 67.43 394.927 190.756 0.8735 30897
conv2 94 5.02 5.53 22.58 21.03 25.22 1680.854 -489.040 0.5571 6281
conv2 95 -2.81 3.29 8.13 6.65 96.27 4265.863 163.613 0.9732 3840
conv2 96 -0.79 -3.83 10.04 6.60 133.54 2577.960 147.578 0.9706 1775
conv2 97 -2.93 2.26 10.37 8.75 65.18 1894.485 120.080 0.9699 2721
conv2 98 -3.07 0.21 11.16 8.93 100.64 1485.274 125.796 0.7842 3472
conv2 99 -0.08 -3.69 8.76 6.07 125.81 3480.185 159.470 0.9695 5680
conv2 100 -2.10 0.59 11.27 9.11 52.56 1080.904 102.091 0.9259 1869
conv2 101 -1.10 -16.33 4.02 9.82 175.69 540.921 809.565 0.3055 30776
conv2 102 -1.78 0.16 45.71 41.93 43.33 3524.297 -2650.506 0.6886 2512
conv2 103 -1.42 3.10 10.10 7.29 154.39 4473.524 162.875 0.9734 4382
conv2 104 -0.86 -1.10 7.60 7.38 29.85 2898.107 148.942 0.9514 1972
conv2 105 11.23 -1.82 11.49 7.41 123.33 1422.068 104.823 0.9467 8687
conv2 106 5.86 -2.25 11.52 9.22 116.65 911.200 97.043 0.8692 3468
conv2 107 1.31 -1.59 23.68 22.05 142.58 1443.939 -545.271 0.6549 4282
conv2 108 0.85 -18.42 6.47 26.19 5.60 595.444 557.063 0.6663 31536
conv2 109 0.60 -0.62 9.59 7.37 30.29 1161.001 275.729 0.8070 3885
conv2 110 -16.04 -0.14 18.01 4.76 93.55 663.616 1612.866 0.3956 33772
conv2 111 -1.44 -2.87 14.63 13.43 93.07 950.311 -28.956 0.9127 1816
conv2 112 1.27 6.81 15.31 14.40 107.67 709.408 700.319 0.8367 18977
conv2 113 -0.45 -1.36 8.24 10.44 169.75 2838.357 136.290 0.9703 3127
conv2 114 -0.86 2.43 10.83 11.42 6.89 170.999 14.899 0.9218 1568
conv2 115 0.22 -1.27 10.56 9.08 131.81 4886.562 165.830 0.9856 3188
conv2 116 2.00 0.02 8.50 7.34 173.84 1412.295 88.288 0.9553 1090
conv2 117 20.17 14.52 5.98 42.75 6.51 715.571 917.211 0.3558 31761
conv2 118 -1.23 -5.52 9.83 8.23 51.44 3122.165 145.561 0.9729 4074
conv2 119 0.65 -3.21 12.84 10.83 33.57 1151.235 24.788 0.8804 3007
conv2 120 4.16 0.35 12.20 10.62 121.40 1027.264 33.300 0.9572 1618
conv2 121 -4.60 -0.23 10.40 12.41 8.32 1387.429 6.006 0.9775 5245
conv2 122 12.74 5.20 28.21 11.82 42.47 678.392 229.252 0.8224 30866
conv2 123 0.02 -3.88 10.30 11.54 174.65 4029.246 146.005 0.9756 2667
conv2 124 2.89 -4.40 9.58 6.18 60.52 2222.067 76.075 0.9782 4616
conv2 125 -1.69 -2.55 39.34 31.76 103.69 293.326 -184.603 0.7476 1386
conv2 126 -6.90 -9.26 10.07 11.89 4.98 2850.247 128.261 0.9852 8364
conv2 127 7.05 2.47 11.65 7.71 51.90 1574.767 160.990 0.9323 2059
conv2 128 -17.03 16.26 9.25 6.88 139.41 866.041 145.415 0.7915 21938
conv2 129 0.72 -1.76 12.27 11.50 27.83 1531.774 0.475 0.9593 3162
conv2 130 -0.38 1.00 12.47 15.46 167.11 645.960 -4.180 0.9344 901
conv2 131 1.62 -5.71 5.98 9.68 170.18 3258.919 155.295 0.9603 3128
conv2 132 13.75 -0.37 16.78 7.96 89.49 5130.703 177.608 0.9695 7079
conv2 133 -13.06 10.85 10.79 8.39 98.05 5606.085 260.131 0.9614 7599
conv2 134 4.98 6.27 11.91 16.17 26.84 70.104 -3.182 0.6934 971
conv2 135 -5.43 -1.81 12.57 6.37 131.47 1603.932 139.322 0.9299 3354
conv2 136 -0.65 -9.34 9.51 11.97 11.22 215.222 27.098 0.8946 2997
conv2 137 -2.64 1.87 16.74 11.41 22.25 1165.700 19.030 0.8456 2213
conv2 138 3.28 -1.47 11.50 7.92 97.91 3119.341 150.327 0.9585 2833
conv2 139 -5.79 3.47 14.17 10.82 127.99 2608.725 62.253 0.9743 3272
conv2 140 0.54 0.61 10.24 8.62 55.55 1552.626 74.160 0.9715 2071
conv2 141 -4.34 2.34 11.29 7.18 123.68 2304.836 153.907 0.9325 4041
conv2 142 5.27 -6.08 12.20 7.54 120.53 3689.708 113.496 0.9752 3918
conv2 143 -2.67 0.54 12.59 11.53 70.32 830.672 56.997 0.8914 2054
conv2 144 0.00 11.44 9.23 13.03 174.25 2680.700 36.601 0.9567 3980
conv2 145 5.19 4.12 12.36 9.26 61.71 1243.758 70.072 0.9582 3796
conv2 146 7.44 -11.37 15.66 9.14 150.90 488.695 498.139 0.7116 32411
conv2 147 -0.04 -0.23 4.45 9.03 172.46 2703.692 126.636 0.9596 2130
conv2 148 0.75 0.11 11.36 10.04 89.74 3204.700 86.427 0.9792 3297
conv2 149 -6.07 8.44 7.91 18.23 170.95 372.993 645.841 0.6323 17663
conv2 150 -1.70 5.21 14.45 6.76 147.28 686.185 30.586 0.9205 2615
conv2 151 1.39 -2.96 8.95 11.95 1.97 3102.188 173.499 0.9705 2943
conv2 152 0.04 -5.69 7.63 12.08 14.37 2440.378 202.250 0.9417 3012
conv2 153 -1.31 5.52 7.73 10.32 25.21 2623.679 100.260 0.9702 2857
conv2 154 -13.80 14.53 6.88 4.12 143.11 163.609 69.679 0.2873 12141
conv2 155 -3.14 -2.51 13.35 7.67 46.62 1888.224 96.163 0.9624 3414
conv2 156 -12.61 -15.33 5.52 6.09 4.35 502.564 75.809 0.7560 1536
conv2 157 1.54 -6.63 11.51 7.49 134.24 1085.382 45.953 0.9662 1673
conv2 158 -3.96 -12.77 10.33 9.81 59.90 561.787 12.820 0.9722 3664
conv2 159 -3.08 -2.30 10.27 8.79 124.03 1359.739 86.636 0.9483 2449
conv2 160 -6.29 -3.88 11.55 10.88 172.59 7454.512 26.882 0.9789 4943
conv2 161 16.22 16.31 7.94 5.69 34.56 333.140 319.220 0.2537 26248
conv2 162 -3.22 -4.31 11.25 7.67 45.18 2510.956 99.479 0.9810 2660
conv2 163 -2.85 3.26 5.59 7.96 177.75 4353.618 164.853 0.9687 3313
conv2 164 -5.77 -3.76 8.48 9.80 173.73 3275.594 122.720 0.9718 3389
conv2 165 4.84 -2.90 9.55 8.73 79.35 2237.807 82.631 0.9784 2951
conv2 166 -2.78 0.45 9.50 7.71 57.55 2800.150 73.761 0.9731 3867
conv2 167 6.35 1.20 10.85 8.12 65.59 2580.286 90.613 0.9707 3101
conv2 168 -0.08 -7.23 8.05 13.34 146.11 1906.397 150.596 0.8314 5000
conv2 169 -1.84 4.89 9.08 10.69 169.67 1293.679 83.166 0.9587 2248
conv2 170 2.75 -0.97 9.45 8.26 124.12 1746.439 80.123 0.9486 3259
conv2 171 -3.72 -13.43 13.36 7.05 43.20 2466.648 105.313 0.9568 3371
conv2 172 0.34 4.20 21.87 18.24 59.23 424.575 -68.279 0.8133 2459
conv2 173 0.79 -0.70 10.85 13.00 10.10 2860.016 101.878 0.9773 3639
conv2 174 3.57 -3.97 13.70 10.41 52.35 2191.882 226.734 0.9585 19639
conv2 175 2.84 1.44 12.40 8.99 55.52 3661.665 176.866 0.9777 3130
conv2 176 -2.52 -11.67 10.49 23.45 170.66 378.159 97.795 0.7965 15928
conv2 177 -2.56 -1.99 6.58 9.08 165.25 2475.722 112.781 0.9596 6013
conv2 178 -3.00 0.61 10.05 6.57 139.18 1860.373 89.272 0.9498 3993
conv2 179 2.03 -4.49 12.33 10.67 139.17 7300.260 58.942 0.9702 5519
conv2 180 0.11 -4.63 17.07 14.58 49.47 285.673 4.821 0.9088 5879
conv2 181 -3.73 -1.22 9.77 23.80 175.52 1065.238 44.761 0.8798 5500
conv2 182 0.02 4.12 8.77 5.44 85.59 2852.512 120.856 0.9723 3342
conv2 183 -1.28 -4.64 15.98 16.26 38.99 769.675 -50.847 0.9476 825
conv2 184 -6.75 -1.85 6.05 9.38 24.55 269.602 69.370 0.7675 5160
conv2 185 0.13 11.94 8.71 14.48 7.12 5324.732 209.124 0.9774 6018
conv2 186 0.77 0.48 9.14 7.44 161.47 2728.173 162.187 0.9680 1762
conv2 187 -0.82 1.84 9.43 8.52 12.42 4637.217 237.130 0.9830 4735
conv2 188 2.69 1.33 8.47 5.80 60.79 5436.028 190.214 0.9773 3602
conv2 189 -5.69 -0.82 13.79 8.43 120.09 1757.841 79.606 0.9142 5773
conv2 190 4.40 -2.14 10.45 7.34 110.79 3120.125 120.374 0.9803 2733
conv2 191 1.25 -5.23 13.06 13.25 133.61 3645.076 -147.108 0.9677 11805
conv3 0 -5.09 -17.60 20.17 29.53 171.57 2094.124 211.629 0.8435 10011
conv3 1 -6.33 14.43 23.52 24.68 16.87 4583.691 20.191 0.9798 15893
conv3 2 -15.51 -5.41 29.30 16.72 54.92 1039.521 947.846 0.6869 32188
conv3 3 -1.03 -1.00 15.48 11.95 91.66 2355.005 74.954 0.9569 4826
conv3 4 0.16 3.71 23.61 26.61 15.88 3423.693 28.827 0.9685 12740
conv3 5 -4.49 -4.22 23.33 20.62 132.07 3619.435 157.856 0.9628 5823
conv3 6 1.80 -11.46 29.79 35.54 162.46 2363.378 -145.229 0.9331 21264
conv3 7 -0.97 -7.22 24.71 28.12 6.43 4965.323 -35.235 0.9021 11403
conv3 8 -1.99 -7.05 34.18 28.88 95.77 4773.511 -556.189 0.8756 10672
conv3 9 5.39 4.28 37.62 42.48 160.05 1190.957 -161.218 0.7999 20756
conv3 10 3.18 -3.33 23.97 26.96 173.31 4215.639 -75.613 0.9618 9856
conv3 11 2.37 0.70 16.08 24.19 17.53 4176.546 253.338 0.9529 7018
conv3 12 -0.11 -12.45 42.65 37.63 107.65 3451.430 -338.824 0.8563 24283
conv3 13 -3.73 2.88 17.54 15.93 64.22 3889.186 276.969 0.9645 8017
conv3 14 8.76 -6.22 93.88 66.90 177.69 3217.304 -1991.941 0.5612 16044
conv3 15 0.21 6.13 20.51 18.06 82.35 3432.903 205.313 0.9675 8271
conv3 16 -4.85 -3.94 17.91 23.19 25.41 4631.268 212.823 0.9735 7661
conv3 17 5.46 7.62 35.22 33.38 43.48 3281.603 -419.258 0.9001 11565
conv3 18 -4.74 -4.08 17.91 19.10 18.80 4002.731 144.355 0.9829 9037
conv3 19 2.26 11.09 18.16 36.24 158.44 1008.499 111.426 0.7062 18209
conv3 20 -6.48 -4.64 11.68 9.71 46.30 3561.597 39.459 0.9856 2490
conv3 21 1.85 -22.98 15.00 24.01 173.15 4518.384 98.966 0.9477 7545
conv3 22 8.14 0.49 20.49 23.82 174.39 3096.948 118.534 0.9593 5903
conv3 23 3.74 -3.88 21.50 21.09 115.56 4978.470 110.205 0.9766 10620
conv3 24 -1.95 -8.61 16.08 14.41 39.23 2100.283 115.922 0.9794 3363
conv3 25 2.93 0.58 26.25 21.11 42.84 4110.241 153.761 0.9637 3769
conv3 26 1.47 6.09 18.05 16.40 119.04 882.484 59.202 0.9630 661
conv3 27 -0.96 2.50 19.91 15.14 135.13 6496.476 328.817 0.9777 5241
conv3 28 -3.39 -3.42 21.91 19.99 77.46 6631.679 174.099 0.9740 10470
conv3 29 0.01 3.67 19.67 18.33 157.83 4743.484 195.688 0.9847 8093
conv3 30 -3.17 14.97 43.99 38.02 56.08 2804.302 -648.643 0.8578 15751
conv3 31 1.02 5.89 16.29 17.15 12.11 9249.558 137.601 0.9799 7853
conv3 32 4.52 2.19 40.81 42.77 33.22 4074.668 -867.846 0.8119 27211
conv3 33 -3.46 6.08 21.69 20.60 102.87 3236.058 298.189 0.9644 15298
conv3 34 -3.47 8.28 26.62 32.19 36.06 1935.004 -1.587 0.8386 9774
conv3 35 14.19 4.03 20.32 15.23 62.31 6319.484 129.778 0.9802 6943
conv3 36 1.14 -10.87 16.89 21.17 154.49 1630.713 54.322 0.9673 4690
conv3 37 -0.98 -2.11 15.10 18.61 165.41 1948.688 94.846 0.9723 5083
conv3 38 -0.67 5.20 20.22 19.72 104.64 1563.703 385.221 0.9211 29002
conv3 39 -11.69 -5.98 18.80 19.57 172.80 3765.154 202.896 0.9735 6659
conv3 40 4.59 -1.20 38.84 47.77 179.34 4926.805 -585.942 0.7805 33594
conv3 41 -4.14 -2.55 25.58 24.55 36.19 4032.750 -90.712 0.9484 10304
conv3 42 1.60 9.47 23.59 16.81 74.97 3674.935 153.180 0.9651 8947
conv3 43 12.59 3.04 20.96 17.36 111.69 5892.119 330.210 0.9703 10336
conv3 44 0.72 1.95 18.29 18.37 174.53 4020.652 255.839 0.9261 2482
conv3 45 1.14 -1.02 27.38 14.54 69.81 1852.823 143.215 0.9278 9278
conv3 46 -0.55 -1.14 20.18 18.12 54.08 6349.014 211.257 0.9847 8477
conv3 47 0.83 0.83 17.20 21.28 175.42 3994.885 611.196 0.9286 16309
conv3 48 2.49 -0.97 15.06 22.92 162.00 3464.940 470.139 0.9241 14584
conv3 49 -0.27 8.98 19.92 26.12 9.01 1220.745 58.331 0.9262 3613
conv3 50 -14.06 -6.27 25.13 30.50 31.67 814.696 24.116 0.9091 15908
conv3 51 3.66 4.87 26.59 22.18 143.06 1411.077 57.715 0.9257 9191
conv3 52 -2.18 2.68 125.19 120.86 48.48 9912.020 -8662.536 0.6493 8157
conv3 53 2.82 1.88 22.02 14.16 48.63 1598.036 223.979 0.8802 8848
conv3 54 4.08 0.23 40.06 44.19 172.10 3226.271 -964.582 0.8320 9768
conv3 55 1.27 -0.58 22.21 24.42 169.47 3432.473 -34.334 0.9605 9053
conv3 56 10.55 5.52 25.52 16.45 84.81 1214.328 166.112 0.9129 15385
conv3 57 2.30 7.54 28.58 31.56 9.89 2344.415 -113.928 0.9494 12797
conv3 58 0.84 -1.62 21.81 16.23 130.22 5841.601 269.758 0.9799 7076
conv3 59 3.61 -3.46 17.08 24.09 152.20 2322.226 106.008 0.9563 7759
conv3 60 8.11 9.00 22.35 16.21 43.28 4569.422 269.839 0.9771 7756
conv3 61 -17.97 20.87 21.40 12.56 150.98 753.345 344.068 0.5939 14322
conv3 62 -0.96 -0.60 26.17 25.18 65.29 8217.946 -323.107 0.9744 15024
conv3 63 -8.20 5.31 29.99 27.41 34.58 2703.955 23.580 0.9555 22585
conv3 64 -0.69 -0.48 13.30 11.49 91.35 3416.692 177.232 0.9612 2334
conv3 65 -0.08 -4.82 26.58 33.94 16.69 3026.544 667.123 0.8970 33524
conv3 66 -4.03 -9.77 18.63 14.39 74.82 2198.335 187.556 0.9296 7067
conv3 67 4.72 3.74 69.65 51.47 75.51 4756.015 -2192.828 0.8092 23094
conv3 68 -1.82 -17.11 32.85 25.66 130.41 1015.515 29.440 0.9448 13017
conv3 69 -1.94 -2.20 24.76 19.70 59.41 2451.259 622.250 0.9157 30258
conv3 70 2.01 -0.10 15.96 15.21 80.83 5018.814 481.589 0.9579 8686
conv3 71 -2.91 1.22 18.10 15.97 7.36 3963.028 147.322 0.9713 8169
conv3 72 -0.37 -2.79 24.30 22.33 126.83 8063.824 114.174 0.9767 9935
conv3 73 4.29 -3.58 17.59 21.40 179.29 1915.015 138.645 0.9533 4646
conv3 74 14.52 -0.58 20.64 14.55 107.39 2786.163 358.227 0.8679 8017
conv3 75 -2.55 4.41 25.40 23.56 101.04 1777.581 -20.978 0.8940 8050
conv3 76 -2.31 3.99 20.41 20.75 146.12 8002.219 300.651 0.9822 9008
conv3 77 2.86 -1.70 23.96 19.11 85.61 2973.414 105.561 0.9463 8021
conv3 78 -1.34 -1.95 15.36 13.38 96.94 4976.236 272.527 0.9766 3231
conv3 79 -2.07 17.40 11.58 18.55 179.19 2496.413 557.098 0.7923 10817
conv3 80 -0.40 5.57 22.03 22.41 6.75 3832.461 80.156 0.9814 10601
conv3 81 -1.09 -11.91 19.73 24.07 165.42 3037.865 252.625 0.9518 10514
conv3 82 -6.69 -31.05 12.39 21.85 179.24 1435.430 666.018 0.6566 24233
conv3 83 -1.09 -1.20 17.45 16.18 51.97 8615.153 273.239 0.9866 7744
conv3 84 10.44 -3.38 22.41 19.36 50.25 3893.735 104.490 0.9812 6829
conv3 85 0.23 -4.46 20.16 21.16 19.35 10996.386 311.910 0.9867 10945
conv3 86 4.40 6.02 34.81 32.70 50.77 4432.115 -581.575 0.9479 19794
conv3 87 19.97 14.77 21.68 19.51 79.12 7446.525 157.426 0.9873 9850
conv3 88 -0.60 -11.71 29.82 22.40 39.12 5481.665 425.350 0.8966 15505
conv3 89 -3.20 16.09 18.96 19.63 156.41 3141.603 47.276 0.9807 6456
conv3 90 -2.87 -10.06 20.17 27.15 28.74 1235.412 40.178 0.9129 7979
conv3 91 -6.21 9.37 17.86 28.99 175.02 2940.096 112.077 0.9613 9675
conv3 92 8.93 -3.41 12.34 9.27 134.94 2418.508 423.720 0.5595 7999
conv3 93 2.68 -10.07 23.03 26.84 173.47 3368.436 -2.589 0.9793 13251
conv3 94 0.05 9.62 16.32 17.16 168.83 4190.596 166.906 0.9756 6494
conv3 95 -9.91 0.65 14.60 13.16 2.42 1559.476 97.154 0.8765 6603
conv3 96 3.70 -0.07 16.18 14.42 84.12 6189.925 146.101 0.9843 6004
conv3 97 -6.66 -3.04 17.06 14.03 70.45 1420.021 605.438 0.9320 30074
conv3 98 2.34 -9.58 27.66 32.31 159.08 5635.884 809.704 0.9633 33509
conv3 99 9.99 10.07 21.75 10.26 69.81 1155.423 1049.586 0.5202 31570
conv3 100 -13.11 2.61 21.38 15.49 127.39 4479.955 167.655 0.9710 4104
conv3 101 -0.12 3.81 26.97 25.94 87.29 4431.187 -51.130 0.9302 11184
conv3 102 0.09 3.07 21.25 20.15 129.99 4876.835 187.250 0.9661 6301
conv3 103 -1.19 10.22 17.52 15.27 138.40 2611.565 190.578 0.9600 2073
conv3 104 -2.50 -12.53 40.65 31.21 85.87 2793.194 88.508 0.8402 30083
conv3 105 -9.58 0.06 19.78 18.86 65.47 5373.215 117.310 0.9815 7395
conv3 106 -15.96 1.89 23.90 17.66 40.73 3074.880 174.083 0.9390 7524
conv3 107 17.48 -1.18 20.13 21.80 162.72 3691.527 68.920 0.9560 12142
conv3 108 6.06 7.45 21.41 46.86 175.09 1704.996 163.409 0.8324 22074
conv3 109 0.95 1.28 18.92 21.27 1.16 7114.009 338.388 0.9775 7355
conv3 110 -2.35 -13.70 82.68 18.82 95.54 1402.674 405.463 0.7293 20687
conv3 111 0.30 5.26 23.85 32.60 2.01 2231.466 -101.561 0.8977 14289
conv3 112 -4.52 0.56 19.52 18.36 64.06 3223.063 122.565 0.9798 8270
conv3 113 -1.10 15.96 20.21 28.25 171.60 2671.467 171.459 0.9260 9873
conv3 114 15.55 -11.20 29.47 31.37 41.11 3589.373 -180.033 0.9434 17060
conv3 115 -2.62 7.21 38.97 26.28 29.65 2532.645 -147.982 0.8088 8240
conv3 116 -6.29 -6.23 20.77 15.19 44.23 6128.254 281.681 0.9781 6199
conv3 117 -2.52 -1.04 17.31 18.70 162.44 4374.425 185.143 0.9820 6218
conv3 118 0.00 -0.67 8.44 7.76 87.08 1283.031 50.441 0.9285 1133
conv3 119 7.15 -13.00 24.06 19.27 44.51 2201.970 148.514 0.9182 7089
conv3 120 -8.84 0.25 32.27 29.99 79.72 1845.714 -169.319 0.8484 6332
conv3 121 1.15 1.14 26.65 28.07 6.44 5809.340 -58.237 0.9730 16571
conv3 122 -1.00 -3.05 15.93 15.10 100.13 5637.416 265.886 0.9833 4196
conv3 123 -15.03 10.36 32.16 17.38 155.65 1452.926 149.990 0.7824 14814
conv3 124 -0.62 4.22 22.99 23.89 179.53 2236.275 88.587 0.9728 9229
conv3 125 -2.20 -8.72 27.42 27.98 24.33 3916.578 -108.035 0.9253 8591
conv3 126 -2.98 -2.00 15.86 17.51 1.23 5533.851 323.826 0.9750 5330
conv3 127 -0.49 -7.98 20.12 25.70 14.75 4153.711 175.400 0.9407 10183
conv3 128 2.14 -2.90 79.33 68.75 112.18 2297.198 -1405.880 0.5150 18949
conv3 129 1.14 -3.94 20.54 18.14 78.63 3285.580 163.607 0.9707 8596
conv3 130 1.05 -2.31 20.82 22.14 165.33 6113.328 182.482 0.9825 8605
conv3 131 1.50 0.42 22.18 20.91 32.79 7371.790 210.746 0.9825 10467
conv3 132 -3.00 1.88 19.83 24.61 176.68 5075.411 234.419 0.9611 13586
conv3 133 2.99 5.88 28.09 23.62 14.47 3582.103 231.466 0.9648 20840
conv3 134 -0.84 -18.63 19.77 23.08 175.76 1548.021 65.350 0.9302 8684
conv3 135 -2.13 -5.88 21.56 20.17 50.58 3214.167 171.286 0.9756 7288
conv3 136 -3.27 8.12 15.55 21.40 170.70 2150.206 64.902 0.9731 8098
conv3 137 -3.32 -1.28 20.47 19.03 150.01 2226.538 783.441 0.9297 31774
conv3 138 -12.61 -1.23 23.79 13.42 44.85 2203.336 385.323 0.8109 10656
conv3 139 -6.32 -3.23 19.73 15.35 107.54 4075.680 352.448 0.9476 7971
conv3 140 2.70 -0.41 20.55 24.36 159.30 4216.858 121.851 0.9666 5174
conv3 141 1.59 6.26 20.56 19.38 70.12 5061.043 123.764 0.9819 8841
conv3 142 0.61 -0.61 18.15 22.55 12.00 1508.007 50.086 0.9572 9066
conv3 143 -2.62 -2.73 31.26 40.06 9.53 2124.258 -374.884 0.7019 12465
conv3 144 1.68 2.01 28.59 20.31 54.44 817.506 26.836 0.9415 7641
conv3 145 -1.27 3.42 13.79 15.21 162.79 3311.728 54.879 0.9804 5561
conv3 146 -4.45 -2.86 73.40 60.89 140.05 5990.916 -3405.127 0.7192 25022
conv3 147 -19.83 -16.75 22.56 21.05 116.71 7763.441 140.272 0.9767 10421
conv3 148 7.59 -0.67 19.29 15.92 20.57 1803.761 96.335 0.9630 9962
conv3 149 -27.25 -2.32 26.29 14.17 73.31 1717.480 33.020 0.9676 10879
conv3 150 -1.12 -17.74 17.97 22.53 178.23 3304.503 230.262 0.9271 6543
conv3 151 -0.20 -7.37 32.72 28.15 91.10 1737.122 -155.079 0.8881 9504
conv3 152 -20.41 14.03 26.75 23.44 136.05 1017.504 377.820 0.8488 19171
conv3 153 -1.12 -0.58 20.66 22.49 179.32 4516.108 239.210 0.9737 6332
conv3 154 -3.32 -0.37 27.42 25.12 86.47 2844.479 267.332 0.9497 19927
conv3 155 2.44 -2.08 18.66 20.93 143.78 5168.227 143.975 0.9842 9613
conv3 156 1.80 -3.93 19.65 18.01 160.42 7462.496 126.885 0.9855 9368
conv3 157 -1.87 -0.35 19.44 21.11 165.08 3377.175 152.085 0.9785 5136
conv3 158 -1.53 -1.25 23.43 24.47 37.50 5689.892 16.686 0.9628 8222
conv3 159 1.12 -0.87 123.73 119.95 107.38 17322.235 -14965.519 0.8219 21951
conv3 160 -4.90 1.00 25.45 25.02 132.55 3995.552 -63.505 0.9697 10375
conv3 161 3.68 0.09 28.77 26.74 110.23 3117.117 -135.123 0.9644 7180
conv3 162 -0.99 -0.45 23.25 20.85 112.76 4191.106 201.687 0.9593 2096
conv3 163 -4.64 -11.90 15.59 22.73 18.73 2702.142 257.324 0.8864 9204
conv3 164 -4.17 -5.28 23.73 20.01 60.34 4445.408 152.428 0.9695 8198
conv3 165 0.54 1.09 35.95 30.68 69.96 3031.612 531.784 0.8973 33258
conv3 166 1.43 -6.50 15.45 21.03 178.40 2990.859 213.111 0.9722 5106
conv3 167 0.43 -9.07 25.52 24.79 54.58 2515.015 25.534 0.9621 6467
conv3 168 -5.00 2.91 28.48 32.40 0.22 5413.914 -334.730 0.9631 17403
conv3 169 -2.75 -7.23 15.92 17.12 46.47 4737.303 138.608 0.9861 5217
conv3 170 0.65 3.71 22.22 24.66 3.38 12322.508 -19.634 0.9810 12357
conv3 171 -7.27 2.23 20.68 21.04 33.34 7641.620 154.230 0.9843 9056
conv3 172 -3.29 6.82 21.08 15.62 35.48 2509.090 135.052 0.9203 7824
conv3 173 1.30 5.50 15.48 20.46 34.56 6766.066 341.374 0.9744 4768
conv3 174 3.58 3.08 22.46 19.21 98.40 1814.810 22.509 0.9476 7160
conv3 175 2.00 -2.95 29.07 32.98 170.26 4682.934 -311.225 0.9518 14438
conv3 176 -2.60 0.59 24.04 21.79 118.39 5350.753 309.164 0.9803 15913
conv3 177 -1.06 0.02 21.26 14.20 35.86 7528.838 313.524 0.9847 5939
conv3 178 1.12 -1.36 21.32 22.74 8.51 11216.156 237.964 0.9812 10290
conv3 179 2.73 -1.26 17.42 19.40 26.09 2664.319 117.674 0.9661 4756
conv3 180 -12.42 -6.88 33.05 24.00 108.08 3466.013 811.126 0.7697 27082
conv3 181 -0.54 -4.76 35.50 35.04 47.85 2092.879 -393.948 0.8727 7107
conv3 182 -2.48 1.05 22.65 21.42 103.56 5769.144 -34.510 0.9828 12613
conv3 183 13.34 -2.58 28.24 16.16 111.94 1452.051 71.026 0.9374 12183
conv3 184 5.48 -5.12 25.28 23.75 94.42 6805.812 169.796 0.9809 13654
conv3 185 -4.04 -1.70 29.20 26.92 152.15 3510.813 -207.380 0.9538 12714
conv3 186 -0.50 -3.12 17.20 20.86 3.37 6542.280 296.372 0.9778 5909
conv3 187 5.55 0.41 13.21 17.71 36.23 3001.768 148.407 0.9615 5528
conv3 188 -0.20 -1.06 28.74 24.76 68.50 1760.286 -38.270 0.9040 2929
conv3 189 -3.76 -2.06 329.09 318.32 131.57 149980.109 -147048.053 0.7305 17381
conv3 190 8.94 -1.39 21.06 16.92 87.54 4172.604 216.646 0.9662 4637
conv3 191 -0.61 -12.85 16.90 20.93 9.54 5858.488 89.907 0.9652 10021
conv3 192 -1.31 2.96 16.16 21.85 0.63 9318.845 395.713 0.9879 8203
conv3 193 -1.63 0.12 21.52 26.31 173.60 4344.403 134.718 0.9673 13800
conv3 194 2.31 -2.73 18.81 16.55 82.48 4871.233 268.132 0.9772 3617
conv3 195 0.20 13.50 21.63 19.55 67.93 2528.100 100.238 0.9591 4182
conv3 196 0.03 -0.59 43.32 48.10 33.22 3029.020 -984.919 0.8257 11641
conv3 197 -7.92 3.30 24.61 27.32 4.44 2878.985 -36.947 0.9550 7094
conv3 198 -0.82 11.90 18.04 20.67 179.10 5130.241 200.141 0.9780 6421
conv3 199 2.50 4.18 17.93 17.19 51.94 5025.101 255.970 0.9821 4653
conv3 200 0.81 -3.52 24.85 28.51 4.87 3921.155 43.050 0.9511 18546
conv3 201 -1.36 0.64 20.69 20.87 9.77 10511.324 390.871 0.9853 11521
conv3 202 1.82 -4.20 33.28 27.74 94.77 3836.579 -31.251 0.8994 19564
conv3 203 2.26 -1.13 28.18 21.52 81.00 2334.005 25.836 0.9531 7155
conv3 204 -4.75 0.70 17.22 16.86 115.36 6200.253 379.279 0.9795 3644
conv3 205 -1.11 -6.82 20.10 21.34 163.26 3410.072 204.925 0.9219 8514
conv3 206 1.89 -2.95 14.04 14.87 2.03 3898.406 140.215 0.9833 3940
conv3 207 -2.25 -4.48 21.71 18.70 98.17 7749.672 243.234 0.9848 10267
conv3 208 -0.46 6.87 20.85 18.66 69.53 9109.557 335.179 0.9828 7291
conv3 209 -5.87 0.63 21.19 22.08 24.24 2993.697 72.076 0.9442 7407
conv3 210 4.85 -2.82 16.91 16.86 105.84 4414.323 241.750 0.9683 7147
conv3 211 -0.13 17.27 12.69 20.48 160.68 2515.391 264.824 0.8969 8796
conv3 212 -6.90 5.89 19.96 16.99 81.77 3467.824 178.915 0.9716 2927
conv3 213 -1.30 2.53 46.61 51.06 133.94 3911.995 -1717.380 0.7439 10827
conv3 214 -1.11 1.59 18.69 17.25 65.56 6694.466 269.210 0.9862 7661
conv3 215 -21.86 5.99 16.95 13.31 85.24 2516.182 649.890 0.7954 10849
conv3 216 0.59 -7.60 25.21 23.94 149.88 7786.333 130.341 0.9662 14187
conv3 217 2.09 -0.64 23.26 19.13 21.47 1683.502 69.180 0.8736 12181
conv3 218 -2.25 0.84 17.91 17.39 94.66 3109.045 177.718 0.9678 6242
conv3 219 -1.84 0.31 36.94 32.10 67.78 3765.163 -62.159 0.9134 31070
conv3 220 14.68 -13.98 27.32 17.53 132.33 3444.019 231.474 0.9336 11568
conv3 221 -4.47 -5.47 21.76 17.74 90.00 2740.279 109.748 0.9696 5427
conv3 222 -16.60 0.06 20.88 25.60 134.81 3506.262 6.999 0.9371 12128
conv3 223 -20.19 5.79 22.38 10.13 91.52 1709.082 510.198 0.6214 10305
conv3 224 -1.19 -11.04 27.49 19.85 24.21 3237.349 999.980 0.9036 33576
conv3 225 3.20 0.78 22.98 21.02 34.97 4349.271 105.992 0.9793 10448
conv3 226 -6.86 2.78 93.27 59.08 14.94 4076.678 -2492.530 0.7088 22668
conv3 227 -10.75 -1.01 20.02 16.95 75.79 6623.299 282.724 0.9802 5203
conv3 228 -4.45 5.44 17.42 18.21 125.01 4608.996 287.869 0.9702 4210
conv3 229 -1.29 -2.26 18.00 26.35 179.37 2575.500 118.716 0.9660 7938
conv3 230 2.77 3.78 57.57 48.13 74.70 5683.593 -2339.968 0.8454 24150
conv3 231 2.25 -4.33 20.87 17.83 67.14 4853.152 213.438 0.9754 5076
conv3 232 -0.63 0.07 19.45 21.45 3.97 6577.505 320.921 0.9795 5296
conv3 233 -2.19 0.66 14.67 17.68 15.14 2009.894 94.316 0.9731 8386
conv3 234 -11.89 -7.35 23.03 17.27 65.23 4238.787 237.545 0.9692 10270
conv3 235 0.57 8.93 26.40 28.45 167.13 3494.819 52.060 0.9061 18101
conv3 236 -0.08 15.13 30.61 31.95 163.03 2661.684 -113.769 0.8656 21151
conv3 237 -11.53 -5.21 15.42 14.75 116.09 2593.965 92.927 0.9766 5342
conv3 238 -0.42 5.52 22.13 16.31 151.24 7416.305 328.024 0.9820 6230
conv3 239 1.18 2.14 25.90 27.94 30.33 4483.874 -215.035 0.9399 9910
conv3 240 -5.65 0.15 18.67 16.98 87.23 4609.600 185.958 0.9804 6155
conv3 241 -0.37 -2.45 24.34 26.09 153.40 4785.020 41.513 0.9726 13427
conv3 242 -0.74 -0.72 22.29 25.97 16.05 3305.614 23.579 0.9304 7632
conv3 243 -7.74 -7.35 23.53 20.49 38.08 5158.101 95.478 0.9691 9004
conv3 244 -3.45 -7.54 18.20 20.39 10.17 1861.616 147.344 0.9023 7121
conv3 245 -4.50 -1.13 19.61 16.38 104.32 12725.183 394.755 0.9884 8004
conv3 246 0.76 -12.23 26.66 17.96 90.78 2145.775 104.592 0.9273 7660
conv3 247 -6.11 20.60 9.13 17.83 175.71 1830.937 869.450 0.4066 14636
conv3 248 0.41 -5.61 18.45 21.75 178.41 7923.509 406.872 0.9766 5184
conv3 249 -6.66 -17.61 22.15 19.30 105.52 4016.438 98.490 0.9775 8555
conv3 250 -2.61 -6.82 15.16 16.07 20.95 7007.855 280.212 0.9811 5129
conv3 251 -2.36 8.31 19.09 21.33 9.38 4617.022 111.554 0.9788 9769
conv3 252 0.38 2.43 21.91 25.31 179.55 6285.047 60.893 0.9674 7650
conv3 253 -2.18 -11.23 15.15 19.70 35.11 4478.379 882.303 0.8644 11898
conv3 254 -14.54 -2.35 16.15 22.24 171.40 4456.290 64.194 0.9339 8198
conv3 255 -0.08 -3.11 24.70 21.25 95.48 5696.498 242.868 0.9697 9140
conv3 256 0.85 -0.68 25.26 28.95 20.21 1859.305 -77.930 0.9205 5138
conv3 257 -0.01 1.91 25.75 18.86 122.01 2113.065 381.576 0.9000 20458
conv3 258 -0.52 -4.92 23.48 25.97 168.11 3285.243 -45.967 0.9584 9946
conv3 259 -8.60 5.62 41.29 35.83 169.50 3423.752 -450.139 0.8712 15787
conv3 260 -4.70 -12.54 15.16 26.91 167.63 3225.558 204.959 0.9635 10751
conv3 261 1.53 14.28 25.86 20.24 152.50 1574.376 3.469 0.9539 5759
conv3 262 -2.82 4.06 26.69 25.29 121.53 3804.742 28.444 0.9585 11098
conv3 263 -0.09 -7.39 19.84 18.00 150.49 8566.275 496.301 0.9797 8744
conv3 264 -7.71 -14.66 17.84 25.83 36.36 1293.164 78.728 0.8830 9051
conv3 265 0.24 -3.36 18.35 20.98 174.53 6961.942 -0.272 0.9800 10306
conv3 266 -4.54 -2.24 41.53 39.98 56.45 4431.780 -498.282 0.8312 31156
conv3 267 3.39 -3.13 19.51 15.77 120.90 6910.846 320.058 0.9817 5473
conv3 268 9.27 -0.62 34.12 20.57 144.68 2858.925 50.634 0.8730 6899
conv3 269 -0.60 -3.96 18.34 19.01 12.43 2861.678 132.640 0.9840 4376
conv3 270 1.92 1.97 26.76 16.11 88.42 4079.839 164.239 0.9743 9308
conv3 271 2.50 -6.65 23.47 20.13 147.23 3394.051 169.974 0.9495 6963
conv3 272 0.72 2.58 21.81 16.41 59.08 2994.734 103.468 0.9707 7479
conv3 273 4.39 0.09 26.49 31.29 170.02 1871.467 -105.219 0.7692 8049
conv3 274 1.14 1.19 27.31 28.03 151.94 7550.783 -293.991 0.9744 14187
conv3 275 -0.72 -1.27 21.11 18.94 131.56 4300.106 220.791 0.9746 8333
conv3 276 -0.84 6.76 24.26 25.27 29.43 6535.856 -115.905 0.9766 11539
conv3 277 5.42 0.83 17.93 13.81 55.27 6756.795 323.758 0.9789 4947
conv3 278 -9.20 9.62 20.18 14.78 152.10 3201.277 168.472 0.9636 6934
conv3 279 0.04 9.00 14.96 17.44 5.00 3832.705 278.561 0.9706 5981
conv3 280 0.49 -8.76 21.38 29.39 3.10 1566.175 18.375 0.9069 5159
conv3 281 -0.90 4.11 22.33 17.22 89.78 5084.687 226.835 0.9758 7099
conv3 282 -2.84 2.90 25.67 22.93 61.90 5015.538 -44.806 0.9685 9811
conv3 283 -0.16 1.82 15.99 20.03 8.62 7811.818 406.832 0.9812 6148
conv3 284 2.65 4.58 24.91 21.06 81.52 2617.894 83.586 0.9749 5243
conv3 285 1.08 7.89 17.53 21.41 11.58 2375.801 161.716 0.9690 10571
conv3 286 3.75 3.66 16.25 13.33 51.16 3222.492 391.668 0.9018 6053
conv3 287 1.17 -1.74 24.60 20.83 140.03 4157.002 180.674 0.9646 3337
conv3 288 0.08 -0.42 24.81 24.02 145.61 8554.236 -4.183 0.9828 14194
conv3 289 -0.46 -0.91 18.21 16.60 89.24 4431.080 115.279 0.9841 10437
conv3 290 -9.15 1.03 20.13 17.39 114.36 5472.989 302.927 0.9786 9520
conv3 291 -10.19 1.34 19.50 24.09 55.39 4192.434 82.112 0.9652 9410
conv3 292 -9.36 -0.72 36.83 20.88 144.33 2083.059 35.317 0.8481 9467
conv3 293 -0.26 -5.87 50.11 46.79 133.41 3084.691 -894.071 0.8803 26595
conv3 294 -13.79 -0.55 17.20 13.01 67.76 3167.357 521.533 0.7749 10308
conv3 295 -1.05 0.17 14.52 20.15 19.37 3083.536 108.348 0.9773 5353
conv3 296 4.43 5.03 25.52 21.99 90.47 1556.388 46.898 0.9491 8113
conv3 297 -0.02 -0.42 19.31 19.01 56.86 3407.916 153.717 0.9783 6001
conv3 298 0.13 -2.26 19.66 18.70 55.77 9721.287 279.983 0.9866 9003
conv3 299 -3.52 -3.09 23.01 18.87 130.23 7721.727 356.520 0.9765 8575
conv3 300 10.52 -2.74 20.79 16.72 85.79 5204.615 279.407 0.9759 5971
conv3 301 -40.95 -23.76 43.41 4.65 90.28 134.412 53.847 0.2306 7752
conv3 302 4.00 -2.81 22.11 15.09 109.11 1712.481 115.562 0.9418 5087
conv3 303 3.02 0.25 26.55 30.00 166.92 3016.459 -208.860 0.9238 8103
conv3 304 3.90 -6.39 15.36 19.78 143.63 5841.460 295.749 0.9749 4782
conv3 305 -0.97 1.53 22.90 18.80 70.68 4889.945 259.059 0.9633 2565
conv3 306 4.58 -3.20 14.79 15.11 38.30 5034.049 233.617 0.9816 4789
conv3 307 0.17 -1.16 9.46 10.63 61.53 1881.125 52.525 0.9606 2624
conv3 308 0.35 1.17 20.72 18.20 95.97 5324.652 127.422 0.9812 6973
conv3 309 -5.01 6.98 24.94 23.76 61.22 6135.737 -23.987 0.9747 12304
conv3 310 0.64 -10.10 17.51 21.99 171.26 5993.484 184.353 0.9754 6535
conv3 311 2.30 -2.08 24.59 19.50 137.17 2163.369 88.219 0.9708 4412
conv3 312 -5.91 15.75 17.88 25.32 160.35 4189.399 244.442 0.9314 8719
conv3 313 15.58 -20.25 14.28 31.14 162.20 810.395 408.955 0.7867 29465
conv3 314 0.93 -3.58 30.11 35.61 174.85 4357.254 -357.606 0.9712 18366
conv3 315 1.76 -2.96 20.48 18.71 164.17 4102.880 111.612 0.9587 12231
conv3 316 0.06 -14.65 17.55 25.54 164.54 3421.851 352.012 0.8297 12990
conv3 317 4.66 2.39 25.49 19.20 132.80 2848.282 99.211 0.9651 6288
conv3 318 -3.62 2.48 21.32 22.09 27.64 5075.555 143.756 0.9675 10462
conv3 319 0.72 -4.61 18.06 20.99 172.75 3015.779 119.872 0.9828 6558
conv3 320 -0.44 -2.12 21.64 19.57 136.35 4940.057 186.493 0.9796 8671
conv3 321 1.99 -1.36 18.61 16.49 115.53 5462.904 219.652 0.9808 7063
conv3 322 2.45 -14.00 29.30 13.05 113.06 1086.789 72.481 0.8361 5691
conv3 323 5.25 -5.13 20.43 21.00 139.75 4234.078 256.950 0.9757 14411
conv3 324 2.22 -0.90 28.01 24.60 82.41 1901.966 -44.289 0.9431 4010
conv3 325 -2.57 -1.13 14.19 14.53 170.61 4714.571 190.929 0.9753 5373
conv3 326 3.42 7.33 25.25 32.22 176.26 3169.016 -102.586 0.8834 9749
conv3 327 11.53 -13.01 28.69 24.76 133.67 1744.006 -58.136 0.9238 11939
conv3 328 -0.58 -1.49 26.69 23.77 43.61 7073.834 15.610 0.9479 9582
conv3 329 -1.63 1.73 37.03 42.78 0.11 7451.246 -1494.221 0.9308 23376
conv3 330 -6.34 15.28 45.01 37.11 79.12 2579.794 -708.985 0.7153 13747
conv3 331 0.69 4.57 25.15 22.94 158.46 4777.722 409.004 0.8594 13213
conv3 332 -1.40 -16.57 23.29 19.86 115.87 2457.279 134.101 0.9627 7933
conv3 333 21.35 -6.11 18.64 24.58 25.08 3733.945 31.678 0.9629 8090
conv3 334 1.89 4.47 23.07 25.99 0.58 3732.887 47.754 0.9615 7546
conv3 335 0.42 -2.75 19.67 21.27 2.74 5385.995 301.434 0.9823 9052
conv3 336 14.17 -10.62 15.30 8.66 139.30 1257.427 623.273 0.5283 20236
conv3 337 -4.19 -10.89 19.81 20.92 2.80 6364.097 135.328 0.9800 8728
conv3 338 0.00 -4.34 18.89 19.27 32.21 8673.416 383.165 0.9829 5872
conv3 339 14.44 -1.69 20.86 14.24 95.09 4991.954 153.670 0.9450 6985
conv3 340 -1.20 5.35 84.56 62.55 72.77 3022.679 -1400.245 0.6395 31969
conv3 341 0.67 0.13 32.01 30.97 159.00 5426.939 -576.912 0.9673 17615
conv3 342 -4.76 -10.56 26.62 23.50 27.77 4551.632 361.450 0.9597 19145
conv3 343 4.49 -5.17 20.26 13.58 120.26 1994.125 445.511 0.7885 15341
conv3 344 3.56 -7.26 14.22 11.78 142.02 1325.439 80.833 0.9464 2497
conv3 345 -2.91 4.71 58.11 39.32 83.34 1192.050 -239.892 0.6643 20540
conv3 346 2.77 2.93 37.57 37.85 154.07 5456.041 -1223.192 0.9157 13293
conv3 347 -3.54 9.47 25.16 29.73 4.29 2290.327 -76.042 0.9298 13228
conv3 348 10.94 -4.30 30.72 24.05 46.21 2183.804 -118.898 0.8314 7845
conv3 349 14.56 -1.01 24.93 20.27 91.30 4844.737 22.284 0.9729 12822
conv3 350 -1.83 -1.30 21.50 26.98 171.66 1873.769 38.894 0.9272 5171
conv3 351 -2.27 2.07 18.01 20.39 20.95 3259.803 156.455 0.9727 4901
conv3 352 -13.30 10.00 24.31 9.38 60.58 832.774 283.092 0.7436 23680
conv3 353 -2.66 0.11 25.84 20.42 133.49 1569.963 44.751 0.9188 7255
conv3 354 1.54 -6.52 21.03 15.52 22.45 2873.251 93.042 0.9684 6136
conv3 355 -2.61 6.60 27.08 19.10 63.58 2135.256 1143.724 0.9171 33186
conv3 356 0.22 0.44 17.77 12.12 49.98 3898.437 144.437 0.9798 5559
conv3 357 -1.78 2.87 21.52 14.42 145.94 6570.036 350.893 0.9802 5545
conv3 358 5.81 4.28 25.69 25.84 155.19 2746.853 571.704 0.9636 29677
conv3 359 0.73 -4.28 27.72 29.87 5.03 6461.667 -386.987 0.9450 10978
conv3 360 -20.35 -15.51 26.07 9.94 55.11 833.056 165.858 0.7148 10151
conv3 361 4.15 -7.31 16.21 17.65 140.68 1629.344 72.025 0.9534 3405
conv3 362 -2.90 7.66 16.79 19.56 177.84 5718.574 317.274 0.9691 8038
conv3 363 -0.94 -14.62 16.89 18.19 13.27 4716.780 150.054 0.9683 8367
conv3 364 4.55 2.06 12.12 12.81 66.22 4252.583 125.101 0.9803 3326
conv3 365 -4.53 5.23 24.65 27.76 153.82 2363.920 660.846 0.8850 32316
conv3 366 4.58 13.15 17.55 25.95 8.31 3027.764 222.791 0.8973 9461
conv3 367 -3.75 -3.73 16.79 15.61 142.24 11174.689 296.909 0.9854 7007
conv3 368 0.28 1.30 22.28 20.35 39.77 4985.131 22.515 0.9710 7964
conv3 369 6.72 5.51 3470.11 2810.44 104.41 2265137.831 -2264407.119 0.7551 15864
conv3 370 -4.27 -6.38 32.65 36.20 170.79 4877.745 -363.851 0.8787 20124
conv3 371 -1.74 -11.72 29.14 29.42 4.40 2818.438 -245.830 0.9071 11579
conv3 372 3.00 9.52 18.17 16.45 90.16 3841.357 212.802 0.9695 6379
conv3 373 -0.04 -9.86 20.35 23.25 0.03 5214.875 186.899 0.9600 11808
conv3 374 2.18 10.92 18.15 15.44 44.88 2207.223 280.649 0.8179 8314
conv3 375 -18.08 17.26 22.56 20.87 70.30 7406.694 73.261 0.9824 11408
conv3 376 -1.82 -10.53 23.07 24.89 21.90 3132.671 109.971 0.9553 12484
conv3 377 -0.34 -0.73 30.94 32.54 177.55 4661.716 -486.421 0.9482 15431
conv3 378 2.12 0.03 20.99 19.11 126.87 3684.429 67.827 0.9827 4521
conv3 379 -2.61 -4.63 29.72 23.38 82.07 4035.870 81.941 0.9630 11781
conv3 380 -10.70 -21.65 23.75 57.81 175.60 1208.346 148.949 0.8465 25512
conv3 381 20.09 -5.42 22.34 9.04 95.19 1367.596 704.874 0.5649 19331
conv3 382 -4.05 3.69 15.63 13.35 135.83 3097.688 139.960 0.9624 4168
conv3 383 -1.34 17.15 10.89 22.22 166.82 1707.840 323.305 0.7167 7985
conv4 0 5.31 11.98 21.93 17.48 48.66 1533.590 83.570 0.9526 8456
conv4 1 17.98 -31.58 26.14 10.96 162.54 807.563 892.173 0.3467 32568
conv4 2 -6.27 -3.79 29.61 36.93 178.68 2069.234 173.991 0.9320 20993
conv4 3 0.48 3.85 20.10 22.83 18.07 2095.920 84.186 0.9578 6199
conv4 4 -6.16 4.20 79.36 73.46 99.38 2068.588 -748.087 0.7209 24795
conv4 5 2.12 11.48 38.09 25.26 92.25 761.987 76.545 0.8829 8619
conv4 6 -66.50 -66.50 1.00 1.00 89.00 -1.000 -1.000 0.0000 13539
conv4 7 -1.49 2.17 36.74 48.96 2.46 2000.661 97.046 0.7054 17064
conv4 8 -0.02 -0.23 33.07 30.76 42.51 1799.826 -41.198 0.9200 8467
conv4 9 -1.08 11.98 22.44 12.55 85.51 759.987 34.279 0.9403 568
conv4 10 3.36 -24.77 10.35 28.10 179.61 810.224 1145.523 0.4918 32426
conv4 11 2.23 27.82 19.85 28.86 11.04 1059.596 761.466 0.8174 32747
conv4 12 3.85 7.25 37.77 16.16 80.46 725.954 150.440 0.7757 17749
conv4 13 4.45 -6.15 33.92 30.47 115.28 2148.022 115.868 0.9439 15744
conv4 14 14.81 -27.38 43.13 21.66 162.10 848.911 507.177 0.7071 27624
conv4 15 -7.56 -19.32 36.73 15.80 16.36 1410.436 1341.807 0.6209 32514
conv4 16 10.35 2.89 35.38 30.50 99.49 1930.433 33.322 0.9645 11829
conv4 17 1.82 -2.10 166.45 142.73 11.08 6608.220 -4841.226 0.6728 33470
conv4 18 1.71 -1.56 25.20 21.34 100.68 1349.646 111.360 0.9447 2287
conv4 19 -7.58 -21.02 42.27 32.44 178.73 1410.762 25.563 0.9156 10146
conv4 20 -14.56 -30.42 38.27 15.95 8.51 1060.008 237.219 0.8416 12276
conv4 21 0.24 9.34 30.43 36.36 174.59 2136.252 -9.158 0.9266 12867
conv4 22 0.28 4.13 31.11 27.20 13.22 2018.438 262.004 0.9197 19390
conv4 23 0.84 -7.03 40.89 37.72 95.53 3010.476 149.396 0.9311 25398
conv4 24 -3.66 11.47 35.34 32.22 82.78 2313.162 62.476 0.9497 9934
conv4 25 26.43 27.58 24.94 16.09 73.77 750.174 671.045 0.7361 31770
conv4 26 -1.53 2.43 42.96 38.51 94.82 3117.282 270.421 0.9463 27992
conv4 27 -3.26 -12.28 36.72 19.10 104.14 988.631 423.450 0.8598 27019
conv4 28 -6.77 -13.06 14.50 21.12 0.17 1936.790 277.762 0.8302 6714
conv4 29 1.67 8.59 29.70 27.12 100.56 1363.195 226.791 0.8751 14352
conv4 30 4.85 -1.92 35.61 26.98 125.47 1004.856 225.673 0.8071 19652
conv4 31 -4.20 -8.34 41.17 52.55 179.64 1642.245 1088.227 0.7920 33947
conv4 32 -5.72 6.41 60.02 35.02 105.42 1114.357 365.315 0.6862 25384
conv4 33 9.14 -7.22 43.97 35.23 31.97 813.222 23.070 0.8817 13653
conv4 34 -3.82 -4.72 30.49 35.52 176.65 1688.880 90.010 0.9303 13294
conv4 35 9.90 15.57 26.64 41.30 177.22 788.002 310.162 0.7391 22827
conv4 36 -3.56 -1.14 24.71 17.98 79.53 1856.289 835.155 0.8911 30922
conv4 37 -47.70 -5.80 36.69 10.46 91.25 348.270 458.077 0.5552 27879
conv4 38 11.84 -16.04 42.13 33.43 146.30 863.652 566.344 0.6963 33414
conv4 39 1.02 -14.89 16.06 21.20 175.59 1272.831 568.973 0.8766 29314
conv4 40 2.88 3.52 28.18 28.69 25.51 2198.363 60.155 0.9631 8782
conv4 41 -29.08 -31.75 50.37 34.34 21.08 767.561 232.058 0.7887 20547
conv4 42 -0.78 -2.35 34.54 26.67 82.47 1827.603 305.584 0.9523 17168
conv4 43 25.72 42.48 32.63 11.61 19.31 642.244 497.457 0.4375 26737
conv4 44 -3.30 -5.75 34.84 35.11 41.00 1672.968 -6.344 0.9539 12349
conv4 45 1.56 -0.68 27.76 32.25 146.20 2633.501 89.845 0.9603 8988
conv4 46 -2.86 -8.39 27.44 23.03 52.86 2196.256 93.619 0.9704 9363
conv4 47 -2.78 9.68 19.21 21.97 174.75 1067.856 29.491 0.9714 4639
conv4 48 5.75 -10.70 19.31 27.69 178.75 957.859 82.919 0.8988 5602
conv4 49 37.54 -1.95 24.51 9.93 96.41 826.790 905.198 0.2667 31691
conv4 50 3.25 1.20 16.42 17.54 149.68 2013.171 30.693 0.9821 3809
conv4 51 -1.85 -7.35 27.79 26.68 88.22 2278.923 438.287 0.9359 24301
conv4 52 7.35 -8.95 19.10 20.43 162.00 1451.817 13.821 0.9685 5348
conv4 53 -0.86 5.63 80.88 76.70 90.83 2697.767 -1434.388 0.8369 14066
conv4 54 -6.71 0.72 21.86 27.62 9.94 1404.238 61.868 0.9537 6264
conv4 55 -13.70 -8.65 34.04 36.82 162.10 1048.777 25.541 0.8770 10602
conv4 56 0.51 -2.69 45.30 42.28 80.56 4013.194 -528.343 0.9507 16757
conv4 57 0.52 -2.24 24.63 20.65 113.71 1051.601 136.082 0.9079 12355
conv4 58 2.02 1.41 27.42 27.93 10.66 3570.400 47.549 0.9784 7958
conv4 59 -0.84 -8.51 28.48 25.66 20.99 3136.680 118.175 0.9558 7304
conv4 60 6.13 -1.38 34.95 45.02 169.42 2751.000 -40.362 0.8182 17696
conv4 61 3.62 -1.30 27.01 32.20 178.34 1320.592 11.782 0.9447 5260
conv4 62 -1.13 -6.34 30.84 28.43 142.66 3843.822 166.814 0.9756 10668
conv4 63 0.30 -4.81 29.16 33.69 151.62 2042.224 55.017 0.8460 10553
conv4 64 -11.95 14.28 14.33 42.10 12.48 482.049 459.730 0.5711 30029
conv4 65 -1.68 0.21 28.08 31.26 6.10 2079.224 -15.289 0.9524 8563
conv4 66 -2.72 -7.49 18.43 15.51 117.34 1609.168 195.823 0.8127 7558
conv4 67 0.46 -7.72 30.49 26.32 81.02 1268.183 72.960 0.8972 6096
conv4 68 4.13 -1.19 48.67 42.03 173.12 2824.150 -168.551 0.8709 22866
conv4 69 -15.68 6.09 18.54 29.98 153.55 789.597 91.458 0.8565 5174
conv4 70 -2.98 -9.62 34.63 27.79 98.12 3093.384 48.371 0.9647 10138
conv4 71 -7.97 1.66 13.31 62.51 179.34 1157.687 69.527 0.9358 5395
conv4 72 5.98 0.62 31.61 37.90 143.52 1334.757 406.519 0.8546 23648
conv4 73 1.52 4.04 35.68 29.49 103.71 1948.963 -24.806 0.9518 10856
conv4 74 -0.46 -5.64 53.35 65.70 10.16 1738.622 -48.142 0.8063 33411
conv4 75 0.29 -3.03 30.66 28.92 76.03 4622.555 30.285 0.9821 11276
conv4 76 3.37 -0.26 45.47 47.08 69.02 1945.452 -361.747 0.8445 10733
conv4 77 4.98 -2.53 29.74 26.12 80.48 1864.004 67.681 0.9632 5164
conv4 78 1.50 -4.42 33.91 31.67 71.01 2694.669 89.557 0.9639 10459
conv4 79 -6.86 -8.37 32.18 50.93 176.65 1307.888 -22.274 0.8674 5322
conv4 80 -1.34 -2.29 48.04 43.92 129.18 2765.665 -510.424 0.8898 12526
conv4 81 3.05 7.55 25.55 16.47 96.10 1204.157 64.585 0.9685 3865
conv4 82 18.48 -6.05 36.85 18.38 96.23 501.555 701.838 0.6528 33127
conv4 83 14.75 -7.35 35.93 24.21 135.48 1187.807 315.442 0.7917 20826
conv4 84 10.22 -0.83 29.54 20.94 105.86 1154.940 156.010 0.9068 8224
conv4 85 1.12 -2.69 35.35 33.91 29.18 1977.396 -3.160 0.9521 11249
conv4 86 0.37 -7.02 30.20 35.19 157.17 1414.441 313.342 0.8913 24137
conv4 87 0.08 0.35 33.14 29.47 118.51 2109.145 70.946 0.9592 14606
conv4 88 0.60 -3.86 65.05 59.64 118.31 2147.089 -364.538 0.7239 33025
conv4 89 -2.04 -1.02 45.60 71.51 177.73 1394.002 -315.019 0.8082 14366
conv4 90 -4.24 -2.74 34.89 60.36 2.94 1733.533 -111.015 0.6560 12839
conv4 91 -12.84 -3.99 15.21 11.29 61.81 1228.023 21.162 0.9711 2394
conv4 92 6.14 -2.41 50.27 64.25 15.77 1391.925 -416.963 0.6991 11158
conv4 93 0.57 11.00 44.26 33.30 100.74 2282.914 237.504 0.9159 24084
conv4 94 -3.64 1.30 25.80 30.09 14.22 1054.014 5.679 0.8995 6018
conv4 95 -4.78 -5.79 51.28 52.17 6.42 2777.421 513.254 0.8170 33893
conv4 96 1.97 -0.69 30.91 23.17 75.94 1583.015 47.660 0.9624 7051
conv4 97 0.32 -1.66 12.46 15.23 2.41 1295.477 314.938 0.7463 9413
conv4 98 -10.91 30.32 24.87 23.82 151.70 358.889 30.266 0.8355 4784
conv4 99 0.99 -8.48 31.40 26.18 154.44 1343.995 491.554 0.8449 22915
conv4 100 6.08 3.79 49.33 45.19 120.38 958.464 466.636 0.6355 33444
conv4 101 -28.26 21.70 13.48 9.20 96.70 698.535 1010.434 0.3118 33279
conv4 102 -2.26 6.42 17.02 12.14 83.90 1481.440 66.859 0.9482 2140
conv4 103 -1.75 4.47 18.21 20.21 160.92 1565.439 64.277 0.9610 3121
conv4 104 6.50 -15.10 22.35 20.00 127.94 705.126 173.185 0.8456 13273
conv4 105 2.94 -4.79 92.82 89.23 121.46 3642.132 -1512.653 0.6851 33400
conv4 106 0.29 1.06 12.41 10.64 81.41 1422.050 230.577 0.7650 5723
conv4 107 -12.31 -3.46 34.00 29.85 69.48 800.047 993.700 0.6006 32484
conv4 108 -1.71 4.75 26.96 32.30 13.35 1518.938 59.566 0.9587 7473
conv4 109 1.09 5.46 26.35 33.43 175.86 1607.974 39.968 0.9564 5051
conv4 110 12.17 16.55 25.04 33.63 3.61 1416.451 440.915 0.8955 29144
conv4 111 -0.44 -0.51 42.31 38.58 129.94 3077.194 49.369 0.9513 23280
conv4 112 -0.43 -2.50 45.22 37.64 107.32 2159.201 -168.498 0.9303 10543
conv4 113 2.36 -5.49 24.72 22.57 26.79 2454.463 75.591 0.9746 5653
conv4 114 -0.25 -3.17 32.08 35.65 18.16 3010.626 -43.301 0.9573 12105
conv4 115 0.64 -6.83 94.17 84.08 95.90 3895.778 -1957.011 0.6939 33492
conv4 116 -5.10 -1.05 50.36 59.92 0.91 3004.118 -865.251 0.8194 13448
conv4 117 -7.42 -2.37 22.58 13.53 80.71 1882.360 63.653 0.9663 5241
conv4 118 -2.44 -0.08 60.04 62.98 169.75 1320.572 180.969 0.6787 33799
conv4 119 -5.14 5.35 19.54 28.65 6.45 1796.993 60.653 0.9651 5602
conv4 120 1.36 -1.95 38.32 32.86 96.57 1681.739 -38.345 0.9666 11658
conv4 121 4.13 -1.91 69.34 62.97 118.43 1468.525 -45.804 0.7253 33430
conv4 122 -14.04 -42.35 12.67 52.72 1.17 408.285 205.824 0.7572 22510
conv4 123 -5.49 -6.69 24.66 31.98 161.49 1171.587 115.548 0.9003 4879
conv4 124 7.05 -5.02 55.77 43.04 101.23 1474.277 -182.301 0.8294 16916
conv4 125 5.44 -5.05 30.93 22.84 91.36 971.298 41.798 0.9605 2223
conv4 126 -1.49 -10.18 39.07 37.67 90.18 3255.580 -86.127 0.9433 15147
conv4 127 4.61 -2.65 41.50 55.38 172.05 2742.874 -424.117 0.8715 12403
conv4 128 -2.72 -12.60 41.37 35.89 127.76 1755.674 442.847 0.8475 24743
conv4 129 7.26 20.12 21.50 32.96 177.74 1231.305 161.653 0.9253 6989
conv4 130 -4.92 -8.92 26.26 35.78 174.29 1380.072 331.997 0.8815 19414
conv4 131 5.20 -3.21 34.07 29.13 134.79 682.093 21.183 0.8441 4684
conv4 132 3.67 -0.98 36.31 35.39 109.51 3199.899 -67.323 0.9246 10197
conv4 133 4.04 -2.39 43.11 37.77 19.42 1586.102 479.914 0.7795 32687
conv4 134 4.10 5.67 33.93 31.57 161.48 2018.894 -4.044 0.9629 9258
conv4 135 -3.29 2.01 58.93 62.52 6.07 2868.166 -305.403 0.8428 33237
conv4 136 -7.00 -8.78 25.25 38.15 176.47 574.502 20.772 0.8952 1905
conv4 137 -5.45 -30.72 32.65 12.02 11.19 706.983 584.845 0.4683 29285
conv4 138 -1.45 4.84 32.65 25.33 86.38 1473.353 49.710 0.8855 6988
conv4 139 -5.27 -10.55 18.67 23.36 4.71 1722.745 79.219 0.9691 3682
conv4 140 -4.37 12.75 15.70 37.53 174.77 533.899 511.154 0.5512 24619
conv4 141 3.17 -10.97 47.02 41.55 90.77 1913.881 315.027 0.8729 31658
conv4 142 2.84 -15.96 67.05 48.98 96.07 1332.775 -53.130 0.7021 23305
conv4 143 8.93 -4.83 59.85 56.90 153.23 1479.629 -5.067 0.5362 29096
conv4 144 -4.64 3.35 28.12 29.95 24.55 1549.985 17.378 0.9519 8653
conv4 145 3.41 -0.64 28.31 27.25 88.90 3219.597 27.198 0.9782 7455
conv4 146 -4.11 3.09 28.31 32.05 23.52 1917.330 43.207 0.9555 10237
conv4 147 -1.94 -2.56 62.12 53.06 110.68 1948.796 -647.075 0.6941 8248
conv4 148 7.81 -6.53 42.41 34.09 105.50 2140.274 493.893 0.8748 28143
conv4 149 -44.80 -7.38 28.47 10.42 88.62 335.750 527.670 0.2167 28021
conv4 150 -0.48 -4.36 22.64 31.88 9.53 1853.318 -3.086 0.9283 9076
conv4 151 -0.29 27.04 17.12 28.80 1.62 1158.722 296.132 0.7787 11379
conv4 152 -3.43 -7.74 40.64 47.58 10.57 1870.489 306.807 0.8569 30072
conv4 153 2.66 -1.68 28.86 30.43 23.76 1162.083 8.505 0.8917 11583
conv4 154 -3.83 8.59 29.97 31.93 13.84 2100.873 97.515 0.9460 9219
conv4 155 4.05 25.87 29.67 18.08 25.58 612.353 289.127 0.7973 23390
conv4 156 -0.99 3.48 21.51 14.27 92.35 2057.761 115.434 0.9412 4704
conv4 157 -0.10 2.83 40.79 38.03 155.63 1425.177 -139.384 0.8745 11576
conv4 158 -3.69 -1.73 26.69 24.94 64.77 1076.905 71.644 0.8986 5826
conv4 159 -17.54 -4.14 30.94 12.52 86.91 1101.956 274.992 0.7865 12202
conv4 160 -1.82 0.49 25.59 38.04 17.72 1319.161 38.912 0.9126 6770
conv4 161 1.88 -21.36 46.17 39.95 126.08 741.114 11.799 0.7345 20044
conv4 162 -0.77 4.96 31.22 27.54 135.74 1022.834 50.664 0.8903 3918
conv4 163 -6.57 -7.64 35.88 19.75 83.07 391.499 29.800 0.7989 2908
conv4 164 3.25 0.72 40.20 33.53 39.63 1734.103 -49.576 0.8954 11177
conv4 165 -2.77 2.47 37.42 28.39 110.72 1173.508 409.451 0.8481 29158
conv4 166 0.25 -2.57 34.77 29.04 89.15 2174.725 13.026 0.9310 8931
conv4 167 21.16 10.01 47.69 30.51 63.32 574.365 373.507 0.5657 25779
conv4 168 -0.65 -6.27 21.65 18.90 96.11 2003.256 124.585 0.9522 8448
conv4 169 -18.26 1.15 62.80 156.54 179.33 3399.273 -1634.770 0.7564 24748
conv4 170 -0.02 -3.80 27.69 24.22 80.97 1415.118 15.348 0.9556 5557
conv4 171 3.43 -3.28 26.67 48.77 179.43 1502.222 306.715 0.8790 28296
conv4 172 1.53 -27.61 40.43 29.93 92.51 959.019 80.623 0.8316 5167
conv4 173 0.24 -7.15 39.13 35.38 129.48 3120.519 -112.418 0.9434 12045
conv4 174 4.20 6.09 48.27 42.92 126.23 1775.291 234.646 0.8910 31828
conv4 175 -0.31 2.50 22.89 19.36 14.52 2202.840 84.663 0.9768 4473
conv4 176 1.52 -3.71 29.30 27.47 77.72 2465.675 119.852 0.9421 9392
conv4 177 2.11 9.61 26.08 27.44 171.85 1526.870 71.106 0.9543 4076
conv4 178 -4.00 -1.96 35.60 29.44 97.17 1868.869 -0.355 0.9218 8628
conv4 179 -6.72 -4.26 45.52 55.90 9.06 2420.345 -231.119 0.9039 25271
conv4 180 -3.15 5.02 27.52 28.66 176.74 2062.550 90.551 0.9666 7751
conv4 181 29.35 -0.83 32.50 12.64 100.77 862.787 855.765 0.3025 28220
conv4 182 -9.36 29.51 21.06 25.07 16.19 502.556 878.002 0.4679 29425
conv4 183 8.21 37.22 29.50 45.03 0.88 1274.725 148.766 0.9370 20714
conv4 184 -0.06 -6.62 48.98 32.91 82.34 2099.083 -60.249 0.8604 14728
conv4 185 -2.60 13.96 23.53 21.70 126.05 1913.614 631.201 0.8951 25188
conv4 186 22.13 12.65 37.50 19.47 82.17 599.555 755.355 0.5619 32550
conv4 187 -1.04 -3.55 46.83 34.21 97.22 2034.614 -155.684 0.8524 10527
conv4 188 -1.27 -48.35 20.56 63.36 177.09 1056.498 499.823 0.7624 29741
conv4 189 7.65 -7.69 38.68 29.02 115.59 1055.559 34.031 0.8780 9530
conv4 190 -3.95 2.94 127.90 117.68 53.42 3970.970 -2965.115 0.8231 20776
conv4 191 -3.02 1.83 23.68 19.13 93.89 1972.155 94.699 0.9590 3558
conv4 192 -0.47 -4.66 26.05 27.81 19.43 1412.443 468.617 0.8387 27173
conv4 193 5.92 -1.57 7090.77 6102.08 88.92 7874755.672 -7872891.638 0.3215 33599
conv4 194 -1.30 -0.47 42.51 36.12 124.44 1308.166 200.733 0.8663 26708
conv4 195 -2.86 -8.37 36.47 50.59 8.69 1520.545 -90.087 0.8969 17047
conv4 196 3.17 -3.94 39.57 43.69 15.88 2207.243 104.992 0.8670 29016
conv4 197 6.66 1.54 31.50 25.02 38.69 2060.469 128.572 0.9505 7522
conv4 198 -0.73 -1.06 38.59 36.78 79.02 2510.167 374.142 0.9306 29128
conv4 199 0.23 2.48 38.17 35.51 8.50 3812.859 -123.184 0.9429 16004
conv4 200 1.43 0.73 40.34 34.80 84.75 1645.415 -80.025 0.9025 12738
conv4 201 -0.23 -4.40 32.53 30.03 90.52 3137.611 -1.777 0.9675 9224
conv4 202 -17.24 -0.58 29.13 18.98 111.59 2218.226 273.015 0.9138 8458
conv4 203 -0.51 -2.60 35.27 35.83 26.15 2945.216 632.613 0.9457 32959
conv4 204 -3.74 2.21 37.06 35.66 89.94 1908.158 -87.070 0.9060 6464
conv4 205 4.65 -0.60 24.42 35.56 1.58 1199.228 656.162 0.8495 31545
conv4 206 1.17 1.59 24.91 30.26 12.51 1760.781 204.580 0.9489 12825
conv4 207 -0.93 -1.49 39.34 32.18 91.85 1450.968 -11.596 0.9297 4174
conv4 208 -0.90 2.72 45.64 43.63 79.52 2436.102 431.370 0.9230 33901
conv4 209 1.57 -2.30 43.30 42.24 116.76 4671.850 -425.693 0.9621 17389
conv4 210 -0.93 -14.20 36.92 28.53 98.11 1671.554 23.277 0.9541 4486
conv4 211 -8.87 -2.46 28.70 24.76 127.24 1754.169 84.123 0.9647 7334
conv4 212 5.57 -21.82 26.56 34.61 164.09 2172.771 326.487 0.9062 19155
conv4 213 -0.56 4.57 20.16 12.88 86.45 1390.631 139.374 0.8848 5810
conv4 214 -1.14 5.18 43.83 38.23 123.25 1853.115 -166.498 0.8651 14433
conv4 215 0.63 -1.05 33.84 31.26 157.92 901.090 7.804 0.9316 5573
conv4 216 5.47 -25.71 14.60 23.48 177.84 609.310 341.310 0.6289 24712
conv4 217 2.75 -3.21 26.56 23.50 41.50 1941.561 76.375 0.9742 8712
conv4 218 -1.48 -0.52 27.69 19.22 83.25 2019.087 105.237 0.9715 4851
conv4 219 3.86 -4.91 26.20 27.35 8.69 1621.690 46.619 0.9706 8185
conv4 220 2.17 2.25 21.05 22.17 179.16 1708.505 133.091 0.9609 7102
conv4 221 32.67 9.52 44.24 13.45 74.63 703.879 1209.046 0.2432 32314
conv4 222 0.05 -2.08 24.84 44.27 178.27 1174.497 58.721 0.8633 7791
conv4 223 -0.37 9.50 46.61 30.88 97.44 1331.572 404.803 0.8343 29609
conv4 224 -5.62 -4.07 26.96 32.92 0.40 1638.701 52.471 0.9452 6418
conv4 225 5.12 -5.07 33.25 22.95 83.06 1243.561 33.171 0.9545 7843
conv4 226 6.05 -19.75 12.13 26.55 178.56 555.767 461.476 0.6290 30753
conv4 227 -1.73 6.73 17.23 20.23 9.47 1745.168 63.334 0.9496 3823
conv4 228 -8.28 -7.91 20.69 26.82 31.15 724.772 33.103 0.9599 2620
conv4 229 3.07 2.79 77.48 51.00 8.43 1479.501 -315.220 0.8164 24861
conv4 230 -3.25 1.54 26.69 28.87 14.79 2235.097 71.655 0.9653 4571
conv4 231 21.11 -2.94 27.86 21.04 101.36 1793.993 118.490 0.9727 7472
conv4 232 3.11 5.72 22.26 21.36 58.31 1775.214 53.382 0.9596 3408
conv4 233 15.66 97.69 86.94 45.45 120.29 814.202 281.746 0.4689 28808
conv4 234 -3.22 -4.50 110.29 92.20 113.56 3415.813 -2208.431 0.8395 24992
conv4 235 3.70 26.50 17.69 33.77 0.28 1340.070 1161.225 0.8086 33095
conv4 236 18.00 -30.89 25.83 13.29 154.24 896.581 509.150 0.4869 20230
conv4 237 6.50 9.06 22.80 28.16 164.27 895.447 141.436 0.9072 14770
conv4 238 -1.00 -7.83 53.59 50.17 82.75 2130.790 -122.690 0.8604 30079
conv4 239 1.51 3.53 77.64 73.64 69.68 3050.309 -1166.490 0.8598 29601
conv4 240 -0.58 -3.89 33.47 31.23 74.97 2276.654 111.934 0.9161 16885
conv4 241 -0.74 -6.39 34.69 21.40 87.94 1890.168 104.008 0.9687 6075
conv4 242 -1.17 -5.63 23.77 26.57 161.21 997.954 121.111 0.8484 5756
conv4 243 4.09 -10.29 20.31 18.81 40.08 600.416 55.732 0.9163 3319
conv4 244 9.73 -9.26 23.57 22.94 27.91 1035.590 76.487 0.9370 3892
conv4 245 -17.14 -7.19 22.79 42.64 5.50 1122.006 165.060 0.7899 9584
conv4 246 -2.93 -7.79 39.65 49.48 11.63 1995.848 -259.406 0.8726 12851
conv4 247 -4.06 -2.38 41.24 46.66 165.54 1673.782 49.003 0.8767 20277
conv4 248 16.21 -1.74 93.09 70.67 177.94 427.566 -229.482 0.4453 5855
conv4 249 0.65 -6.90 39.32 43.81 179.41 1139.363 107.772 0.6416 18846
conv4 250 -4.37 -5.05 25.40 28.99 6.38 2253.360 49.418 0.9613 7707
conv4 251 8.92 38.02 13.95 30.75 5.34 642.553 1128.139 0.3702 32565
conv4 252 -5.70 -0.29 48.10 40.41 115.18 1246.532 264.594 0.7470 28359
conv4 253 5.11 1.61 22.14 16.66 70.76 1586.286 75.885 0.9678 2698
conv4 254 -2.45 -4.88 83.41 73.24 95.05 1235.180 -696.352 0.6682 9582
conv4 255 4.53 -7.23 37.39 34.42 139.71 1733.758 -35.976 0.9421 12186
conv5 0 -26.52 -40.91 40.25 15.77 18.18 270.956 698.363 0.2944 33376
conv5 1 2.00 -3.01 99.18 88.90 94.00 1115.526 -143.622 0.7288 33948
conv5 2 -50.08 30.17 42.96 13.06 104.90 317.899 744.919 0.2384 33416
conv5 3 -7.12 2.78 15.74 28.61 143.73 740.728 563.756 0.7457 32645
conv5 4 -6.68 3.47 6703.90 6281.62 23.59 2692681.780 -2691985.591 0.6596 33879
conv5 5 21.86 -29.15 57.90 36.72 93.52 -139.968 381.022 0.2952 30479
conv5 6 -10.36 0.01 95.17 89.87 25.88 1705.808 -798.117 0.7730 19081
conv5 7 -11.06 6.38 57.38 75.89 166.75 766.474 260.143 0.7846 33123
conv5 8 -12.62 -49.81 12.32 45.57 7.76 147.601 592.921 0.1026 32525
conv5 9 -8.15 -37.76 32.59 18.91 9.44 386.837 552.565 0.5608 30343
conv5 10 -15.94 8.02 52.36 101.26 178.60 663.733 361.082 0.7329 33795
conv5 11 -23.72 39.84 60.33 34.37 155.49 371.772 375.078 0.6093 29811
conv5 12 -4.96 37.80 28.42 64.46 176.77 560.251 233.797 0.7851 23923
conv5 13 -8.72 2.33 40.79 48.70 176.65 754.276 456.772 0.7256 33246
conv5 14 -3.17 -6.86 70.89 77.84 176.08 1336.344 -390.239 0.8855 20499
conv5 15 2.34 -1.49 49.76 44.13 148.46 667.624 295.824 0.8577 33266
conv5 16 -82.50 -82.50 1.00 1.00 89.00 -1.000 -1.000 0.0000 33849
conv5 17 0.05 -9.54 38.22 44.25 176.51 694.426 472.195 0.8322 33478
conv5 18 3.03 -1.18 56.35 52.25 98.28 949.678 -76.195 0.9289 18637
conv5 19 -44.46 6.90 42.82 23.47 83.86 300.445 765.055 0.3264 33121
conv5 20 2.87 -9.50 31.68 24.58 146.26 707.539 463.963 0.7879 32348
conv5 21 0.20 -6.95 45.93 49.37 163.44 570.240 411.997 0.7671 33937
conv5 22 -8.83 2.73 36.90 30.65 97.68 153.949 9.310 0.8987 2281
conv5 23 -8.70 53.47 14.59 57.03 178.42 321.796 456.944 0.3704 28784
conv5 24 -12.00 -40.80 46.80 14.81 4.40 193.596 260.351 0.3068 23784
conv5 25 -6.97 -3.45 33.02 40.82 174.63 775.487 47.484 0.9369 9981
conv5 26 -18.54 13.33 57.65 54.85 143.89 509.666 468.808 0.6514 32718
conv5 27 7.59 -28.62 32.07 56.22 167.04 439.843 447.808 0.6871 33521
conv5 28 -3.77 -8.11 36.93 29.40 80.86 547.338 58.679 0.8515 6510
conv5 29 -20.55 15.07 123.25 173.37 168.88 1402.464 -99.612 0.4327 33787
conv5 30 -7.12 -9.14 46.08 40.11 69.81 878.946 28.524 0.9227 8169
conv5 31 -27.16 -18.03 43.98 31.87 72.84 295.643 413.709 0.6084 33787
conv5 32 0.98 17.15 155.60 125.39 71.88 898.785 -248.089 0.5662 33861
conv5 33 -10.79 -23.24 43.27 56.75 139.75 314.576 143.204 0.6885 23116
conv5 34 -12.81 4.74 68.83 65.77 50.09 789.046 167.699 0.7193 31145
conv5 35 -6.02 18.03 50.11 31.01 94.09 508.061 161.139 0.6531 12606
conv5 36 -27.55 51.58 22.83 76.24 171.49 305.517 325.164 0.4644 29235
conv5 37 -1.55 7.55 87.67 83.59 112.63 744.534 176.621 0.6426 33854
conv5 38 -5.20 1.27 78.32 90.31 175.52 1067.394 -77.277 0.7854 33824
conv5 39 1.41 -0.75 16.98 18.22 9.40 417.803 25.722 0.9319 2895
conv5 40 -8380.99 -122.03 17.80 2609.84 178.76 26547.963 305.617 0.2989 30860
conv5 41 1.02 19.39 25.76 29.10 23.24 1028.486 45.307 0.9561 6697
conv5 42 -2.35 23.01 32.06 18.04 80.96 462.326 17.118 0.8228 3673
conv5 43 -6.12 -6.53 53.43 51.30 71.86 1110.655 -77.749 0.9166 14837
conv5 44 -11.08 -9.37 38.32 45.03 6.29 957.875 41.203 0.9472 14286
conv5 45 -0.63 6.84 72.42 106.00 1.79 621.609 -180.751 0.6269 23137
conv5 46 -1.20 19.55 5860.88 6684.70 19.33 1428304.052 -1427705.043 0.4670 33247
conv5 47 -82.50 -82.50 1.00 1.00 89.00 -1.000 -1.000 0.0000 33738
conv5 48 -30.96 18.63 36.87 131.36 176.87 395.788 250.041 0.6667 32606
conv5 49 -10.20 2.07 60.77 50.88 66.59 636.318 122.837 0.8026 25201
conv5 50 -2.46 -5.40 20.15 11.19 84.79 776.593 514.165 0.5688 32162
conv5 51 -6.32 -2.15 37.34 45.69 1.13 972.209 308.041 0.8808 26675
conv5 52 -10.89 8.23 79.74 92.34 177.95 983.386 -317.586 0.8200 25010
conv5 53 3.32 17.75 37.56 43.85 178.66 764.277 1.601 0.8978 12083
conv5 54 -18.48 3.40 32.55 34.60 14.49 455.343 24.419 0.9521 8480
conv5 55 14.29 -36.29 36.90 18.24 152.85 -377.535 682.350 0.3755 28561
conv5 56 -17.66 -39.34 14.78 42.87 1.68 304.914 613.915 0.3372 33356
conv5 57 1.52 19.06 44.71 52.31 175.27 603.516 186.875 0.7854 31156
conv5 58 -3.92 25.45 45.55 34.04 137.22 336.641 540.321 0.5394 33625
conv5 59 -2.51 14.09 32.50 21.76 92.41 1166.741 670.646 0.8446 31464
conv5 60 10.10 -13.45 18.17 31.17 11.10 132.801 10.822 0.7327 3478
conv5 61 -45.04 47.34 37.02 16.99 143.46 266.901 259.950 0.3024 26355
conv5 62 -49.39 50.82 18.24 139.52 179.66 204.128 203.162 0.4137 22104
conv5 63 -4.10 1.21 8553.45 9500.97 164.12 7711801.368 -7710494.270 0.5947 33977
conv5 64 -3.07 7.61 171.79 202.97 175.43 2987.731 -1860.212 0.5702 33925
conv5 65 2.76 55.84 13.10 57.35 179.93 158.670 234.389 0.2385 29360
conv5 66 -7.03 1.63 70.90 75.99 167.45 1817.284 -406.406 0.8770 24810
conv5 67 -4.38 9.70 50.77 66.49 179.33 347.806 -0.968 0.5756 7379
conv5 68 -20569.32 -1371.13 157433.16 2712.53 176.14 127678.897 -126270.180 0.1259 29272
conv5 69 -30.90 26.06 78.96 36.41 100.12 126.768 415.399 0.1944 29983
conv5 70 -55.47 22.53 43.96 9.62 95.36 205.321 724.321 0.1396 33800
conv5 71 53.75 32.62 27.50 11.04 65.47 216.046 400.882 0.2116 30772
conv5 72 -1.99 4.67 8359.18 10047.07 3.49 4230406.519 -4229657.588 0.4320 33690
conv5 73 -19.15 57.24 53.42 8.57 178.52 149.480 405.220 0.1209 31034
conv5 74 2.54 8.02 48.70 21.89 86.71 884.205 65.987 0.9334 7400
conv5 75 -4.85 -0.97 53.17 58.10 15.57 822.183 344.612 0.7889 33954
conv5 76 -57.74 -11.29 57.22 11.35 89.26 164.296 497.221 0.1801 32943
conv5 77 -8.03 16.16 50.87 46.09 74.27 569.381 413.217 0.7245 33229
conv5 78 2.53 21.29 54.00 35.81 8.98 545.917 473.769 0.7944 33086
conv5 79 -2.28 12.78 28.36 50.79 6.32 259.813 59.066 0.7343 7446
conv5 80 -1.71 14.78 10442.75 9297.01 108.56 2267790.777 -2267312.564 0.2659 33481
conv5 81 11605.62 -568.90 5422.86 16.68 3.09 2060.721 382.960 0.2987 31353
conv5 82 -17.35 43.09 20.26 57.50 177.67 383.379 324.663 0.6741 29751
conv5 83 -2.21 6.28 14.44 15.75 40.16 1126.267 24.511 0.9673 1628
conv5 84 5.29 -4.67 44.16 41.52 72.64 483.946 11.983 0.8486 9625
conv5 85 -3.54 -2.11 279.53 298.31 168.37 8229.801 -7220.760 0.6594 33872
conv5 86 -12.85 -7.59 46.56 40.78 85.91 546.179 456.660 0.7060 33778
conv5 87 -18.45 28.76 103.27 78.51 3.88 586.246 -36.491 0.5377 25057
conv5 88 -3.89 27.86 23.70 59.81 175.63 242.238 384.059 0.4611 29131
conv5 89 -1.02 4.72 42.59 38.87 23.33 1317.794 30.024 0.9523 15758
conv5 90 -3.01 -5.62 93.54 97.75 20.81 1668.624 -765.358 0.9058 25280
conv5 91 -1.09 -6.09 22.15 18.86 72.23 688.766 14.422 0.9710 4549
conv5 92 -82.50 -82.50 1.00 1.00 89.00 -1.000 -1.000 0.0000 33126
conv5 93 -9.79 -1.97 63.14 56.03 107.18 769.915 377.812 0.7502 33719
conv5 94 2.45 -0.78 23.19 15.63 94.42 780.276 278.476 0.8884 30483
conv5 95 -2.75 13.29 32.66 48.05 170.92 869.860 422.460 0.8135 32379
conv5 96 -17.77 -33.23 18.75 36.62 15.98 432.003 616.132 0.5173 33602
conv5 97 8.77 -4.29 36.22 20.77 106.36 364.966 563.917 0.5410 33657
conv5 98 23.19 33.83 24.89 107.13 2.22 230.831 747.426 0.2920 33067
conv5 99 -3.88 0.32 42.92 44.65 162.61 898.517 308.628 0.9219 33360
conv5 100 36.99 -22.65 13.52 44.44 85.28 -238.328 295.343 0.3281 26764
conv5 101 -9.37 6.57 39.31 27.98 151.48 533.478 439.221 0.7496 32891
conv5 102 -9.22 0.96 13652.97 7239.51 3.87 4487315.444 -4486812.948 0.5174 21161
conv5 103 -3.42 10.51 27.37 37.18 160.18 989.761 63.948 0.9423 6542
conv5 104 -4.39 22.94 21.23 17.95 82.90 707.705 626.567 0.6639 32832
conv5 105 5.00 -1.87 65.73 57.03 32.32 574.986 -110.274 0.8481 13532
conv5 106 2.92 5.91 17.24 15.01 78.27 1255.227 24.014 0.9650 2180
conv5 107 0.12 9.45 37.39 27.85 94.62 911.377 82.742 0.9471 8185
conv5 108 -2.50 0.90 67.44 57.53 81.11 713.518 -31.452 0.8902 25570
conv5 109 -9.01 3.20 52.70 49.32 153.21 1013.929 290.405 0.9122 32787
conv5 110 -0.22 5.15 16.73 10.17 91.22 586.137 157.657 0.4490 20880
conv5 111 -4.30 16.23 22.38 18.05 71.87 615.298 32.623 0.9138 4502
conv5 112 -11.24 -40.45 14.33 45.36 3.97 380.667 398.830 0.3410 30868
conv5 113 2.19 -3.32 36.38 19.81 84.81 618.749 286.226 0.8318 24914
conv5 114 0.26 45.78 16.62 54.50 177.38 234.758 469.488 0.3481 29574
conv5 115 0.04 -0.96 8.86 14.59 73.20 643.143 728.224 0.4821 33146
conv5 116 -17.11 -15.49 42.65 53.85 26.50 632.281 410.715 0.6740 33855
conv5 117 -1.36 10.39 23.82 12.32 86.56 533.800 497.664 0.4857 32512
conv5 118 -6.16 -5.58 54.61 65.15 2.75 1300.295 -113.374 0.8757 21834
conv5 119 -7.91 3.76 59.67 73.62 163.81 859.014 548.237 0.7585 33980
conv5 120 -7.15 -1.73 92.40 78.04 95.67 628.957 81.238 0.5814 32081
conv5 121 -12.91 20.57 6448.20 9613.49 178.26 2077906.873 -2077146.980 0.4226 33584
conv5 122 -3.61 7.08 39.30 38.88 133.40 536.758 34.512 0.9085 4142
conv5 123 26.32 32.51 102.21 76.08 48.82 248.400 148.252 0.5308 27347
conv5 124 -2.23 1.84 30.59 37.11 177.53 886.888 410.984 0.8717 30377
conv5 125 -9.79 24.72 32.78 40.04 4.43 169.959 2.087 0.8426 1831
conv5 126 0.66 2.24 20.52 16.73 85.89 546.717 40.718 0.9107 1362
conv5 127 -9.30 -5.87 97.34 83.67 99.23 1273.964 -223.440 0.7737 33676
conv5 128 -11.24 11.22 48.41 44.27 95.39 954.303 334.011 0.8352 29514
conv5 129 -19.16 -13.71 31.47 45.20 42.40 502.732 755.207 0.5890 33870
conv5 130 -7.06 -1.16 116.78 130.07 175.62 2247.684 -1022.863 0.7623 33908
conv5 131 -4.67 13.27 167.90 130.55 170.88 1946.870 -786.266 0.5993 33915
conv5 132 -3.72 -4.20 50.61 42.27 80.72 959.014 -39.494 0.9435 13486
conv5 133 2.95 51.98 11.74 36.32 2.14 241.541 571.135 0.1580 31692
conv5 134 -32.87 -7.51 25.13 63.60 4.02 360.024 383.720 0.6340 33088
conv5 135 -5.21 4.32 62.98 63.47 166.84 1562.447 -31.702 0.8941 28556
conv5 136 -28.98 -15.04 56.66 82.30 2.12 263.778 136.459 0.6054 26399
conv5 137 -42.64 40.60 32.76 12.50 132.03 251.024 475.729 0.2322 31260
conv5 138 3.73 -0.70 24.63 28.86 160.69 748.276 53.562 0.9178 2855
conv5 139 -0.33 -0.88 62.35 53.96 18.57 665.765 131.677 0.7636 25673
conv5 140 -1.90 3.03 43.26 39.94 103.15 1271.993 346.802 0.9002 25072
conv5 141 -4.65 11.87 36.90 27.05 82.06 769.910 58.230 0.9173 7239
conv5 142 -5.37 -3.83 9227.69 8025.27 86.14 3016571.209 -3015995.878 0.4895 32409
conv5 143 -2.88 -4.51 20.82 13.73 79.58 652.515 17.185 0.9655 2053
conv5 144 -14.41 46.14 13.15 51.61 178.92 377.441 609.774 0.3715 32809
conv5 145 -0.21 9.00 138.64 106.52 79.80 827.473 -529.660 0.6780 6990
conv5 146 -9.70 23.83 75.41 111.32 159.57 474.782 50.227 0.6957 29814
conv5 147 -1.73 -6.23 36.20 46.21 178.68 1026.460 456.269 0.9038 33885
conv5 148 -0.73 -36.58 15.60 33.96 2.49 465.950 623.803 0.4636 33685
conv5 149 1.91 1.50 16.37 14.61 95.88 768.432 58.043 0.8866 1580
conv5 150 -5.02 -2.80 405.84 284.89 99.41 4941.051 -4249.289 0.4563 32868
conv5 151 -3.77 5.31 10151.01 9387.04 109.92 8145108.124 -8144397.589 0.6443 27515
conv5 152 2.94 -1.17 14.16 15.80 175.01 618.411 219.371 0.6404 26348
conv5 153 -29.37 -18.45 55.60 22.84 48.46 249.875 506.970 0.4361 33655
conv5 154 -1.39 -4.07 31.10 39.69 175.48 1404.544 221.696 0.9310 19185
conv5 155 -82.50 -82.50 1.00 1.00 89.00 -1.000 -1.000 0.0000 31374
conv5 156 0.34 -18.90 24.83 27.30 47.03 490.251 232.993 0.6952 22461
conv5 157 -10.55 51.69 15.79 60.17 177.65 376.227 369.614 0.5357 30782
conv5 158 0.15 -5.07 18.42 23.46 0.67 1042.971 29.348 0.9674 3527
conv5 159 4.37 20.15 34.11 43.62 176.80 578.195 398.958 0.6867 26833
conv5 160 -26.66 44.43 25.88 147.41 178.27 305.230 788.369 0.4185 33639
conv5 161 -4.35 7.36 24.53 26.67 136.02 478.937 24.956 0.9608 4251
conv5 162 -2.36 6.87 24.62 14.94 77.80 380.657 18.926 0.9062 1657
conv5 163 -3.47 -4.27 71.89 67.48 89.42 1623.099 -214.083 0.9017 29957
conv5 164 2.23 5.24 20.18 16.59 94.64 634.388 30.865 0.9362 2921
conv5 165 -3.04 -0.37 32.49 24.10 108.28 1059.762 59.311 0.9596 4380
conv5 166 -3.90 28.03 25.57 50.30 3.15 296.935 458.124 0.5317 30425
conv5 167 -3.08 -1.33 33.91 43.71 163.80 870.768 29.065 0.9489 9179
conv5 168 -5.34 -9.61 5918.95 5080.23 70.77 1105425.881 -1105057.147 0.5209 19616
conv5 169 -14.88 10.19 89.16 75.30 11.99 827.112 95.575 0.6673 33734
conv5 170 -12.32 -38.78 15.63 36.32 10.96 468.688 741.990 0.3939 33778
conv5 171 -7.68 10.93 64.06 74.24 172.13 1268.649 -123.228 0.8283 25541
conv5 172 -3.09 8.64 17.98 38.04 139.30 373.476 428.913 0.6718 33340
conv5 173 -9.32 -5.29 42.76 54.22 3.45 522.404 531.442 0.6274 33926
conv5 174 -1.15 7.31 70.30 82.36 172.22 1181.054 -153.499 0.7859 29375
conv5 175 -52.12 31.36 58.11 14.71 101.72 387.788 1195.521 0.2693 33794
conv5 176 -10.88 3.90 141.97 120.99 174.32 1768.065 -841.347 0.7900 33769
conv5 177 5.34 13.58 29.89 25.08 125.99 692.385 538.814 0.7474 32742
conv5 178 -1.86 1.11 63.64 61.41 133.45 921.251 168.585 0.8137 33814
conv5 179 2.29 -0.37 37.03 33.55 123.67 651.910 25.900 0.9341 10093
conv5 180 -7.71 6.85 7894.32 6880.23 167.35 4186799.542 -4185880.259 0.6341 33482
conv5 181 -2.64 -14.84 27.53 52.93 175.31 407.681 685.226 0.6276 33879
conv5 182 -21.40 55.18 16.85 88.69 174.78 286.386 390.082 0.3834 28410
conv5 183 -5.35 11.40 41.55 20.33 91.67 639.185 276.538 0.7363 20477
conv5 184 -3.69 0.67 46.84 41.76 97.07 646.066 521.275 0.7396 33799
conv5 185 -4.84 10.48 57.19 46.21 121.51 632.908 -13.634 0.8155 11399
conv5 186 -7.97 5.18 70.64 68.68 75.39 758.659 214.827 0.6332 33701
conv5 187 -0.00 7.28 34.62 27.60 84.24 1149.850 77.335 0.9700 7804
conv5 188 -9.70 9.92 10930.78 8544.17 105.27 2198138.894 -2197305.222 0.0969 33230
conv5 189 -82.50 -82.50 1.00 1.00 89.00 -1.000 -1.000 0.0000 29217
conv5 190 7.56 -15.83 52.20 55.27 142.54 336.433 379.271 0.5425 33790
conv5 191 -28.62 -20.95 34.18 45.98 52.73 255.141 328.191 0.5059 28065
conv5 192 8.11 10.51 12336.12 9376.07 174.64 4238872.746 -4238272.523 0.4059 31468
conv5 193 -4.20 -1.60 57.17 56.64 82.54 1070.810 410.540 0.8546 33876
conv5 194 -1.65 7.90 22.67 16.48 81.90 307.017 70.322 0.6672 2823
conv5 195 -1.15 0.23 32.12 52.10 10.47 446.073 216.028 0.6521 23571
conv5 196 -5.54 -1.73 60.42 70.05 179.12 930.627 428.456 0.7887 33893
conv5 197 -6.76 -18.93 51.46 38.91 62.84 254.769 384.351 0.4215 30789
conv5 198 -7.24 14.12 202.41 187.61 178.86 3918.216 -3138.182 0.7944 28916
conv5 199 0.89 -3.48 28.54 21.84 84.69 955.125 496.453 0.8339 31252
conv5 200 4.13 35.68 52.01 30.58 171.78 421.973 657.967 0.5525 31282
conv5 201 -24.29 11.22 71.23 60.75 114.39 344.452 120.623 0.5260 20802
conv5 202 -1.63 -5.60 82.65 79.09 95.07 1031.023 -350.602 0.8452 22881
conv5 203 -1.43 7.57 26.91 27.85 8.56 812.061 447.068 0.8531 32340
conv5 204 -82.50 -82.50 1.00 1.00 89.00 -1.000 -1.000 0.0000 25916
conv5 205 12.81 40.63 20.57 47.01 178.85 273.265 381.175 0.5795 33149
conv5 206 -58.38 -1.92 12.09 63.10 92.37 196.214 485.610 0.1682 30542
conv5 207 -15.79 3.96 48.04 51.07 179.33 840.737 182.312 0.8410 26131
conv5 208 -13.23 -7.45 6254.65 7177.78 164.37 2201175.159 -2200439.733 0.4152 33686
conv5 209 -8.38 38.23 63.44 39.80 88.46 403.087 469.575 0.5926 33166
conv5 210 -3.65 3.91 25.73 19.50 81.55 908.251 20.006 0.9808 3367
conv5 211 52.85 28.83 30.61 12.83 72.46 241.336 530.113 0.2241 32790
conv5 212 -7.71 10.90 57.29 46.31 122.89 780.911 -42.979 0.8656 13272
conv5 213 -57.62 18.63 47.42 11.04 96.98 204.272 437.891 0.2300 31735
conv5 214 -26.60 46.32 19.45 49.79 149.02 218.471 218.358 0.5320 30198
conv5 215 -1.43 14.39 41.96 36.63 26.28 980.739 81.149 0.9126 10836
conv5 216 -7.86 3.23 50.83 37.60 79.44 732.296 23.323 0.9004 10133
conv5 217 -4.29 -3.08 37.48 45.56 175.77 1233.535 345.390 0.8882 26675
conv5 218 0.67 1.01 20.56 23.57 163.30 1121.783 57.339 0.9569 2707
conv5 219 -9.82 -36.68 32.60 19.06 12.63 477.111 621.327 0.6107 33093
conv5 220 -10.29 1.06 38.59 48.92 2.39 652.748 256.531 0.8228 25821
conv5 221 -7.68 -13.62 54.77 48.84 62.81 1027.410 22.024 0.9442 22799
conv5 222 -2.08 -4.38 9.78 12.73 104.36 565.140 487.171 0.3253 32763
conv5 223 4.37 -8.08 30.17 46.39 171.33 770.584 228.928 0.7707 19191
conv5 224 -5.47 -7.19 37.30 39.70 165.83 790.004 524.747 0.8275 33836
conv5 225 -14.02 1.17 7389.14 6883.04 49.37 1640028.938 -1639415.876 0.3277 33152
conv5 226 -55.74 21.71 49.72 123.01 163.89 318.524 321.874 0.6104 30120
conv5 227 -28.99 39.41 36.77 14.96 162.22 343.445 409.354 0.4264 26871
conv5 228 -2.47 7.50 27.68 24.91 70.98 529.053 417.769 0.7461 31637
conv5 229 -1.05 7.08 7732.36 9172.39 175.84 4661071.556 -4660471.310 0.5686 29053
conv5 230 5.75 -4.31 28.77 26.11 59.05 830.298 168.890 0.8915 12375
conv5 231 -7.93 -2.51 69.51 59.87 80.82 1063.724 -77.096 0.8860 25947
conv5 232 2.37 -32.72 35.97 77.98 175.83 292.644 266.172 0.6513 27855
conv5 233 -40.53 6.16 39.52 21.95 84.38 289.874 686.208 0.3097 33866
conv5 234 -3.38 -2.41 22.86 18.08 144.38 918.060 236.712 0.9312 26506
conv5 235 -7.69 -4.76 43.55 41.75 44.92 884.653 691.491 0.8186 33877
conv5 236 -9.42 -3.97 53.92 46.64 104.14 611.476 48.909 0.7909 14392
conv5 237 -17.94 -36.37 43.93 15.11 8.83 324.151 479.543 0.3748 31821
conv5 238 -1.46 9.56 31.47 53.45 173.00 647.613 479.660 0.8057 33907
conv5 239 -9.22 49.19 12.18 39.39 178.01 290.656 617.026 0.1873 33052
conv5 240 -3.88 7.03 41.51 50.20 15.91 781.255 7.735 0.8109 16493
conv5 241 2.65 27.18 40.50 35.91 126.62 597.742 273.756 0.8575 24135
conv5 242 -7.99 -28.08 29.30 38.81 4.27 560.918 640.266 0.6804 33891
conv5 243 -0.69 -42.99 32.97 18.87 8.83 458.833 462.747 0.6648 33417
conv5 244 -9.77 53.01 124.24 30.62 56.58 163.531 117.202 0.4299 20046
conv5 245 21.76 47.09 150.04 18.46 179.99 235.523 704.504 0.2638 32669
conv5 246 -8.24 -37.84 30.35 21.93 20.97 381.570 796.679 0.3557 33853
conv5 247 -8.03 -3.50 79.34 83.85 19.21 1172.893 -108.838 0.7247 33230
conv5 248 -0.91 5.33 40.49 34.95 151.04 1087.947 72.659 0.9129 7839
conv5 249 -9.44 49.50 11.68 55.74 0.85 215.211 681.691 0.1573 32907
conv5 250 7.50 -27.02 42.86 28.45 157.20 372.962 403.249 0.6640 32693
conv5 251 -3.30 -1.99 42.68 55.59 167.47 571.574 174.839 0.7563 25138
conv5 252 4.07 1.72 99.57 95.03 2.31 929.910 -430.595 0.7673 22114
conv5 253 -3.36 4.19 29.70 19.22 83.39 1003.415 46.838 0.9499 5688
conv5 254 -59.35 -6.84 9.39 31.72 84.59 233.378 304.078 0.1935 22367
conv5 255 -4.20 -8.65 408.17 394.43 99.84 16982.153 -16169.082 0.7388 31258
