conv1 0 0.92 2.03 0.83 0.49 6.54 2.387 0.115 0.8585
conv1 1 3.26 -1.38 2.27 1.31 117.14 1.271 0.149 0.7786
conv1 2 1.51 0.71 1.09 0.37 34.06 1.382 0.426 0.1498
conv1 3 -0.13 -0.78 2.26 3.06 175.40 1.219 -0.027 0.6571
conv1 4 0.34 -6.44 0.06 7.09 12.01 4.605 0.414 0.1243
conv1 5 -6.96 -15.75 5.92 0.30 93.04 236.509 0.414 0.2178
conv1 6 0.33 -0.34 0.59 2.37 45.75 1.303 0.407 0.4753
conv1 7 0.23 -0.40 2.98 3.49 171.04 0.832 0.058 0.3278
conv1 8 -3.23 -3.71 1.21 0.89 127.71 1.146 0.404 0.2960
conv1 9 -0.25 0.16 3.67 3.22 149.01 1.051 -0.050 0.4976
conv1 10 -0.81 -2.72 1.60 2.67 161.47 0.910 0.089 0.6011
conv1 11 0.08 -0.13 2.40 0.53 55.89 1.411 0.298 0.6045
conv1 12 -2.47 -0.06 3.26 1.79 96.59 0.819 0.077 0.5804
conv1 13 0.13 0.33 2.21 3.79 6.92 1.027 0.007 0.5597
conv1 14 -1.27 0.20 0.52 2.94 11.96 1.540 0.224 0.7039
conv1 15 -6.50 -6.50 1.00 1.00 89.00 -1.000 -1.000 0.0108
conv1 16 0.43 -0.87 5.79 2.68 64.48 0.835 0.047 0.3822
conv1 17 -1.31 -5.92 5.07 1.81 0.67 0.717 0.425 0.1995
conv1 18 0.13 -0.11 2.95 2.30 91.18 0.977 0.016 0.5656
conv1 19 4.02 -2.92 1.33 3.50 174.83 1.047 0.324 0.4613
conv1 20 1.97 2.22 0.25 0.98 92.33 6.158 0.404 0.2135
conv1 21 0.35 -0.73 2.54 0.07 135.87 0.948 0.386 0.1191
conv1 22 0.38 1.81 0.58 2.23 179.37 1.506 0.299 0.6570
conv1 23 0.03 -0.42 3.07 0.60 99.98 1.375 0.419 0.3716
conv1 24 -0.76 -0.95 3.38 1.89 90.50 0.981 0.007 0.6159
conv1 25 -2.11 0.95 2.42 2.04 75.69 1.209 0.005 0.6375
conv1 26 -2.08 -1.27 1.36 2.56 175.56 0.860 0.142 0.5368
conv1 27 -0.18 0.18 4.05 3.64 107.99 1.432 -0.278 0.4910
conv1 28 -1.20 -0.50 4.40 2.17 96.77 0.875 0.010 0.5040
conv1 29 -9.56 -0.54 4.42 7.41 179.23 1.087 -0.018 0.3844
conv1 30 -1.02 0.13 3.20 1.83 85.99 1.094 0.114 0.5356
conv1 31 -2.43 0.22 0.64 0.68 47.00 1.683 0.050 0.9518
conv1 32 -1.97 -0.84 2.72 0.56 72.71 1.398 0.281 0.6564
conv1 33 1.72 1.10 3.44 1.69 95.80 0.953 0.110 0.6018
conv1 34 1.01 0.10 2.77 1.56 103.41 1.335 0.026 0.6968
conv1 35 3.99 0.30 0.26 1.87 89.52 5.379 0.409 0.2481
conv1 36 -2.33 2.19 1.72 2.31 125.27 1.017 0.238 0.5512
conv1 37 0.38 0.46 0.90 1.43 25.96 1.193 0.282 0.4426
conv1 38 -2.04 -4.54 2.95 0.78 59.14 0.873 0.359 0.2603
conv1 39 0.74 -2.14 0.66 0.73 71.74 1.856 0.060 0.9434
conv1 40 -2.50 -0.72 0.55 1.42 128.46 1.254 0.351 0.3336
conv1 41 0.47 0.65 2.44 2.35 116.43 0.974 0.066 0.5934
conv1 42 -0.19 2.98 0.71 1.59 171.44 1.244 0.445 0.3065
conv1 43 -6.50 -6.50 1.00 1.00 89.00 -1.000 -1.000 -0.0088
conv1 44 0.96 1.01 1.34 2.35 17.42 1.022 0.193 0.4692
conv1 45 -0.62 0.18 0.85 0.76 178.90 1.641 0.077 0.8082
conv1 46 -4.78 -0.82 1.08 0.51 88.36 1.783 0.164 0.7424
conv1 47 3.88 -3.25 3.46 0.27 90.29 1.949 0.451 0.1463
conv1 48 0.03 2.72 1.68 3.39 159.55 0.986 0.033 0.6870
conv1 49 -7.66 -2.40 0.18 2.57 172.24 11.370 0.439 0.1249
conv1 50 -0.82 -0.34 2.53 0.54 125.78 1.303 0.335 0.5864
conv1 51 -6.50 -6.50 1.00 1.00 89.00 -1.000 -1.000 -0.0164
conv1 52 -2.07 1.46 2.46 1.21 55.68 0.513 0.237 0.2195
conv1 53 -6.50 -6.50 1.00 1.00 89.00 -1.000 -1.000 0.0142
conv1 54 -0.76 0.24 0.78 2.67 172.61 1.499 0.249 0.7010
conv1 55 -1.40 -2.10 3.84 1.85 21.40 0.964 0.060 0.5978
conv1 56 -6.50 -6.50 1.00 1.00 89.00 -1.000 -1.000 -0.0061
conv1 57 -0.40 -0.58 1.56 2.74 161.93 0.830 0.128 0.5414
conv1 58 -0.54 -2.92 1.11 1.98 177.60 1.267 0.200 0.7352
conv1 59 2.41 -3.12 2.27 0.29 179.65 1.998 0.446 0.2083
conv1 60 0.71 -0.45 2.63 2.28 144.74 0.746 0.111 0.3647
conv1 61 -3.22 10.46 3.92 6.02 30.04 2.788 0.037 0.6484
conv1 62 -6.50 -6.50 1.00 1.00 89.00 -1.000 -1.000 -0.0290
conv1 63 -1.34 1.74 2.39 1.50 163.41 0.820 0.173 0.5471
conv2 0 2.65 -2.03 21.36 20.27 72.73 0.158 -0.056 0.6443
conv2 1 -1.18 0.08 8.10 6.43 94.00 0.150 0.010 0.9223
conv2 2 -3.39 -4.81 8.82 7.83 103.51 0.134 0.010 0.8343
conv2 3 -0.58 7.00 14.21 12.83 75.42 0.117 0.006 0.8569
conv2 4 -1.14 3.23 8.64 14.82 177.53 0.144 0.003 0.9231
conv2 5 4.57 7.62 12.38 11.70 41.58 0.104 0.014 0.7844
conv2 6 -2.51 1.20 25.76 24.33 19.35 0.175 -0.064 0.7450
conv2 7 5.33 6.47 11.33 6.74 126.18 0.121 0.024 0.7612
conv2 8 -0.97 -5.00 5.60 11.73 166.33 0.138 0.010 0.9138
conv2 9 -0.20 -2.48 9.78 8.89 80.54 0.120 0.010 0.9126
conv2 10 -2.68 6.17 11.63 7.26 143.93 0.141 0.018 0.8510
conv2 11 0.11 -1.27 13.46 12.71 80.04 0.105 0.007 0.8792
conv2 12 1.18 -3.92 10.74 8.91 96.82 0.115 0.008 0.8167
conv2 13 -1.99 -2.23 12.24 12.85 177.00 0.107 0.003 0.8292
conv2 14 1.72 1.67 13.97 11.69 61.38 0.113 0.012 0.8262
conv2 15 3.68 -3.15 10.89 5.15 132.05 0.155 0.013 0.9190
conv2 16 -3.49 -0.22 15.24 13.75 11.56 0.116 0.012 0.7114
conv2 17 0.60 -4.82 11.71 6.86 135.15 0.141 0.014 0.8353
conv2 18 -0.60 -0.01 26.15 25.20 101.90 0.282 -0.133 0.8319
conv2 19 0.74 0.38 11.07 4.74 32.54 0.161 0.011 0.9249
conv2 20 -2.23 1.48 12.68 12.86 178.18 0.081 0.000 0.8340
conv2 21 -5.44 -2.05 8.93 7.12 28.07 0.152 0.005 0.9378
conv2 22 -2.58 -2.07 11.19 10.48 107.17 0.103 0.014 0.8431
conv2 23 -3.38 -3.91 16.42 14.60 135.76 0.100 0.001 0.7732
conv2 24 -2.62 2.53 11.00 7.16 158.39 0.135 0.009 0.8666
conv2 25 3.31 0.83 8.10 10.83 24.00 0.142 0.005 0.9186
conv2 26 -0.21 -2.82 12.25 10.93 84.28 0.138 -0.001 0.9220
conv2 27 2.42 4.75 6.37 8.45 168.46 0.149 0.009 0.9096
conv2 28 0.22 0.91 16.06 13.63 87.45 0.120 -0.006 0.7319
conv2 29 -0.11 2.10 17.45 15.01 98.61 0.122 -0.007 0.8154
conv2 30 -0.16 -1.79 30.25 20.15 92.34 0.145 -0.043 0.7189
conv2 31 -2.68 -2.06 7.93 8.75 24.16 0.147 0.008 0.9420
conv2 32 -1.25 1.83 32.20 23.76 67.38 0.193 -0.081 0.6892
conv2 33 5.15 -0.62 7.98 7.34 172.61 0.121 0.020 0.8215
conv2 34 -0.55 0.84 11.79 15.08 2.77 0.147 0.005 0.7890
conv2 35 -3.45 0.08 9.75 7.18 128.65 0.144 0.011 0.9229
conv2 36 2.89 -1.87 8.29 8.65 108.57 0.125 0.017 0.8291
conv2 37 2.77 4.85 12.84 9.74 89.86 0.129 0.003 0.8714
conv2 38 -0.38 -1.66 13.16 16.34 15.56 0.107 0.003 0.7252
conv2 39 -0.75 0.16 12.81 12.07 33.39 0.110 0.012 0.8000
conv2 40 -0.50 0.04 10.28 8.46 41.06 0.120 0.015 0.8243
conv2 41 -0.17 -2.16 8.38 6.35 10.47 0.181 0.007 0.9509
conv2 42 -4.42 1.70 15.03 16.35 11.91 0.116 -0.002 0.8170
conv2 43 -0.17 -2.20 25.97 18.70 86.67 0.152 -0.040 0.6011
conv2 44 2.22 5.19 4.24 9.77 4.17 0.170 0.017 0.8553
conv2 45 1.25 0.76 15.10 9.98 87.54 0.148 0.000 0.8915
conv2 46 3.73 -2.64 7.87 4.95 74.18 0.189 0.011 0.9134
conv2 47 -2.37 -1.10 7.76 10.05 141.12 0.167 0.007 0.9099
conv2 48 6.06 -0.14 12.21 17.88 178.66 0.091 -0.002 0.7819
conv2 49 -1.79 0.27 13.48 11.34 42.03 0.100 -0.002 0.7030
conv2 50 -2.61 -2.09 3.55 9.39 27.86 0.175 0.016 0.8813
conv2 51 2.25 -0.02 8.21 9.23 12.22 0.162 0.006 0.9440
conv2 52 2.11 -2.55 13.46 12.32 115.00 0.126 -0.001 0.7163
conv2 53 -2.24 -0.17 13.71 9.96 95.40 0.139 0.011 0.8590
conv2 54 0.55 -0.67 9.99 11.39 154.75 0.126 0.009 0.8878
conv2 55 -0.11 -0.97 39.78 37.95 66.27 0.263 -0.187 0.6180
conv2 56 -3.67 -3.30 10.31 11.60 171.39 0.155 -0.002 0.9283
conv2 57 0.01 -12.15 5.50 15.92 179.49 0.159 0.016 0.8746
conv2 58 -1.63 0.73 8.48 6.44 54.93 0.111 0.011 0.8559
conv2 59 3.74 1.41 9.44 10.69 170.34 0.161 0.005 0.9446
conv2 60 2.06 0.72 3.81 7.01 20.80 0.175 0.013 0.8551
conv2 61 -0.83 -0.33 9.72 7.66 62.92 0.157 0.003 0.9438
conv2 62 -0.99 -0.85 23.70 24.63 173.57 0.144 -0.052 0.7422
conv2 63 -3.24 -0.75 12.85 10.97 71.50 0.163 0.004 0.9083
conv2 64 -3.22 3.89 8.53 6.66 2.67 0.182 0.009 0.9497
conv2 65 2.21 -1.44 8.29 7.17 80.79 0.174 0.004 0.9159
conv2 66 0.10 -4.25 10.87 14.97 2.15 0.128 0.003 0.8574
conv2 67 -0.34 -0.62 8.29 10.89 167.76 0.151 0.008 0.8226
conv2 68 -2.10 -0.52 9.55 8.21 76.43 0.164 0.003 0.9364
conv2 69 -0.98 -2.08 9.21 11.42 170.29 0.116 0.007 0.8005
conv2 70 -0.27 0.68 8.05 3.42 107.07 0.172 0.011 0.8800
conv2 71 -4.39 -4.76 7.54 5.00 13.13 0.172 0.007 0.9479
conv2 72 -0.02 -3.66 8.52 10.95 177.24 0.141 0.014 0.8959
conv2 73 -1.00 -0.95 13.93 6.78 61.24 0.142 0.010 0.9070
conv2 74 0.37 -0.71 15.95 17.38 59.19 0.117 -0.010 0.6200
conv2 75 -2.15 1.53 9.71 8.11 144.72 0.147 0.004 0.9061
conv2 76 -0.29 -0.06 5.17 4.94 129.49 0.165 0.008 0.9204
conv2 77 1.32 -0.59 14.22 13.27 96.13 0.138 -0.009 0.9213
conv2 78 -2.77 1.77 9.92 11.78 11.80 0.146 0.003 0.9144
conv2 79 -1.33 -1.24 15.41 8.83 137.45 0.091 0.013 0.7337
conv2 80 -1.27 1.97 18.40 14.29 78.24 0.149 -0.020 0.8030
conv2 81 -0.87 -3.87 13.90 15.04 0.32 0.104 0.002 0.8463
conv2 82 -0.45 -11.14 5.38 8.37 26.19 0.172 0.011 0.9171
conv2 83 -0.30 -1.12 6.92 4.53 94.05 0.218 0.007 0.9577
conv2 84 2.97 -0.74 13.31 7.52 125.92 0.149 0.007 0.9249
conv2 85 -4.89 0.81 13.12 18.66 3.20 0.120 -0.003 0.7761
conv2 86 0.20 -6.10 6.08 4.82 159.36 0.194 0.005 0.9652
conv2 87 -2.12 5.64 6.51 10.88 163.96 0.161 0.007 0.9304
conv2 88 1.41 -2.17 6.50 8.55 134.45 0.160 0.007 0.9305
conv2 89 -3.06 4.07 9.14 11.52 179.17 0.139 0.011 0.8595
conv2 90 4.29 0.67 12.19 14.34 175.98 0.119 0.006 0.7058
conv2 91 6.35 -3.99 9.32 10.54 164.60 0.119 0.015 0.8462
conv2 92 -1.80 4.97 4.58 10.38 5.74 0.182 0.010 0.9354
conv2 93 -5.13 0.93 10.89 12.51 53.52 0.097 0.013 0.8018
conv2 94 6.16 7.50 14.09 15.43 158.11 0.089 -0.005 0.6392
conv2 95 -0.96 2.76 7.71 5.34 90.99 0.180 0.005 0.9553
conv2 96 -2.07 -3.74 8.96 6.00 133.87 0.152 0.018 0.7944
conv2 97 -1.07 2.32 11.61 8.45 61.22 0.131 0.006 0.9174
conv2 98 -1.32 3.94 12.56 9.82 115.96 0.117 0.002 0.7284
conv2 99 -0.10 -3.34 7.95 5.68 133.21 0.166 0.008 0.9336
conv2 100 2.49 0.36 13.54 12.10 46.48 0.121 0.004 0.7774
conv2 101 -0.78 -5.33 21.85 18.83 102.55 0.114 -0.027 0.7654
conv2 102 -2.24 3.08 15.53 12.12 5.85 0.123 -0.003 0.6057
conv2 103 -1.34 1.23 10.85 6.28 155.64 0.162 0.008 0.9350
conv2 104 -1.08 -0.93 8.15 7.41 84.82 0.164 0.007 0.9342
conv2 105 11.50 -2.13 12.18 7.34 120.26 0.140 0.010 0.8907
conv2 106 -4.56 0.03 16.41 18.78 172.54 0.107 -0.007 0.7322
conv2 107 0.88 -1.52 13.42 12.66 164.60 0.073 -0.006 0.7996
conv2 108 0.12 -1.67 17.09 15.30 81.85 0.125 -0.019 0.8200
conv2 109 -2.46 -0.43 24.75 23.27 128.16 0.143 -0.049 0.6517
conv2 110 -2.10 0.05 85.64 89.21 32.16 1.347 -1.249 0.6664
conv2 111 -0.90 -3.14 13.99 16.43 174.91 0.145 -0.016 0.8283
conv2 112 -1.19 1.54 19.62 20.86 104.64 0.122 -0.019 0.7111
conv2 113 0.12 -1.41 7.09 11.76 169.54 0.144 0.011 0.9033
conv2 114 5.23 -0.78 18.67 28.72 177.37 0.134 -0.031 0.7498
conv2 115 1.07 -1.49 10.97 9.67 118.23 0.136 0.002 0.9284
conv2 116 2.43 -0.08 8.01 5.35 178.45 0.132 0.012 0.8902
conv2 117 -1.60 -3.74 21.57 19.47 93.91 0.107 -0.023 0.7323
conv2 118 -0.95 -3.43 9.59 8.46 43.50 0.138 0.012 0.8983
conv2 119 -0.50 -1.02 10.93 10.33 43.98 0.106 0.002 0.7267
conv2 120 2.62 -1.31 15.25 12.46 100.18 0.115 0.000 0.7827
conv2 121 -2.52 -2.83 13.42 14.59 8.61 0.167 -0.010 0.9109
conv2 122 -1.90 -2.32 20.56 19.94 48.03 0.147 -0.038 0.8243
conv2 123 -0.90 -2.96 9.45 12.44 5.32 0.166 0.012 0.7615
conv2 124 3.67 -3.83 8.71 6.67 57.59 0.151 0.007 0.9240
conv2 125 -0.03 -1.97 12.24 12.10 117.36 0.126 0.009 0.8911
conv2 126 -3.99 -5.43 12.27 11.06 169.73 0.106 0.009 0.8069
conv2 127 -0.26 -1.41 14.08 11.07 137.02 0.104 0.003 0.6829
conv2 128 1.82 -0.89 12.42 13.69 19.76 0.117 0.003 0.8597
conv2 129 -0.36 -0.92 11.47 12.78 30.83 0.144 -0.005 0.9179
conv2 130 -0.32 0.36 14.56 15.15 138.93 0.112 0.003 0.7686
conv2 131 1.50 -2.60 5.47 10.08 172.74 0.175 0.007 0.9467
conv2 132 11.12 -0.51 16.31 6.30 89.43 0.144 0.017 0.8376
conv2 133 -11.46 7.97 11.88 6.26 86.45 0.132 0.021 0.7646
conv2 134 -0.35 0.63 22.39 23.75 18.15 0.138 -0.048 0.7644
conv2 135 0.19 -5.32 12.87 11.78 37.01 0.113 0.005 0.7114
conv2 136 -0.79 1.07 19.77 15.70 80.06 0.115 -0.011 0.8012
conv2 137 -4.44 1.57 14.55 11.60 43.61 0.134 -0.000 0.7032
conv2 138 2.03 -1.56 12.83 6.39 95.47 0.136 0.015 0.8495
conv2 139 -1.85 0.89 17.52 16.22 174.79 0.130 -0.019 0.8715
conv2 140 1.06 -0.41 11.55 8.12 57.54 0.141 0.010 0.9290
conv2 141 -1.87 1.63 10.15 6.89 117.71 0.144 0.009 0.8674
conv2 142 2.71 -3.34 12.76 7.47 120.48 0.150 0.012 0.8569
conv2 143 -1.13 0.97 11.64 4.01 83.78 0.133 0.039 0.5909
conv2 144 -0.47 4.12 11.36 14.40 169.24 0.145 0.001 0.8911
conv2 145 2.76 3.58 12.17 9.99 61.61 0.138 0.007 0.8902
conv2 146 0.68 -1.31 34.24 32.17 49.42 0.251 -0.147 0.6765
conv2 147 -0.52 -0.62 4.21 9.19 170.02 0.184 0.008 0.9390
conv2 148 -0.87 -0.63 12.57 12.02 62.00 0.144 0.007 0.8503
conv2 149 -1.77 -0.87 19.24 18.35 26.17 0.116 -0.016 0.7238
conv2 150 1.87 -0.35 15.26 16.24 18.82 0.109 -0.006 0.7736
conv2 151 -0.02 -1.21 9.49 12.62 4.57 0.143 0.009 0.8824
conv2 152 -0.66 -3.78 8.04 12.77 15.89 0.133 0.009 0.8642
conv2 153 0.86 3.85 11.14 6.94 23.19 0.143 0.006 0.9405
conv2 154 0.86 -0.73 15.05 15.88 9.92 0.117 -0.003 0.7996
conv2 155 -2.09 -3.01 12.30 6.88 46.41 0.152 0.006 0.9329
conv2 156 0.59 -3.99 24.44 13.09 141.62 0.091 0.006 0.5699
conv2 157 -6.38 -0.71 18.12 13.45 33.08 0.110 0.005 0.7351
conv2 158 -0.21 -8.02 15.39 10.26 91.59 0.081 0.015 0.6651
conv2 159 -3.21 -2.35 9.96 8.32 82.92 0.120 0.009 0.8443
conv2 160 -1.45 -1.96 14.17 10.92 171.61 0.165 -0.007 0.9176
conv2 161 -0.53 -1.72 16.39 17.01 5.08 0.132 -0.009 0.7955
conv2 162 -3.66 -5.26 11.37 8.05 41.30 0.125 0.022 0.8225
conv2 163 -2.22 0.08 4.89 7.66 178.26 0.189 0.003 0.9503
conv2 164 -1.89 1.18 11.21 9.95 128.39 0.161 0.003 0.9342
conv2 165 0.90 -1.38 12.45 11.65 64.52 0.142 0.001 0.9198
conv2 166 -1.08 0.23 8.04 10.72 21.86 0.158 0.005 0.9176
conv2 167 5.08 1.03 11.73 6.93 62.29 0.145 0.006 0.9356
conv2 168 -1.04 -5.03 6.63 9.94 161.37 0.152 0.009 0.8451
conv2 169 -1.04 1.10 12.42 10.17 168.67 0.106 0.006 0.8261
conv2 170 1.62 -1.75 11.59 7.98 125.55 0.150 0.004 0.8770
conv2 171 -1.34 -7.49 16.48 12.31 52.06 0.094 0.004 0.6885
conv2 172 0.02 0.22 18.39 17.05 73.05 0.089 -0.012 0.7995
conv2 173 0.17 1.11 11.51 15.53 6.00 0.140 0.003 0.8438
conv2 174 -0.40 -1.71 12.54 15.61 48.44 0.126 0.006 0.8292
conv2 175 2.49 1.94 12.99 9.75 61.56 0.132 0.012 0.8094
conv2 176 1.36 -4.77 14.94 12.66 123.82 0.105 0.009 0.7973
conv2 177 -2.85 -0.52 5.33 10.13 172.88 0.158 0.008 0.9179
conv2 178 -2.84 -3.30 6.23 9.70 152.47 0.122 0.021 0.8189
conv2 179 0.72 -2.94 11.40 9.77 144.51 0.179 0.000 0.9127
conv2 180 -0.50 -2.00 9.91 10.47 161.86 0.109 0.013 0.8432
conv2 181 -0.60 -3.33 10.12 13.32 173.42 0.159 0.007 0.8889
conv2 182 0.06 3.62 7.78 4.94 84.12 0.186 0.009 0.9283
conv2 183 -0.85 -0.71 12.69 11.55 143.15 0.139 0.002 0.8995
conv2 184 -0.68 0.99 19.84 15.47 160.63 0.110 -0.005 0.8010
conv2 185 -0.75 9.14 8.63 13.46 7.12 0.144 0.017 0.8500
conv2 186 0.43 -2.14 7.85 3.93 159.97 0.172 0.018 0.8366
conv2 187 -0.43 -0.15 7.49 9.68 9.52 0.148 0.008 0.9316
conv2 188 1.15 0.80 7.33 4.90 66.72 0.190 0.004 0.9596
conv2 189 -0.22 -3.31 14.18 11.24 118.36 0.127 0.003 0.8342
conv2 190 5.03 -1.73 9.63 4.71 109.56 0.163 0.017 0.8827
conv2 191 0.25 -1.54 12.73 11.56 77.31 0.153 -0.006 0.9433
conv3 0 -1.72 -6.03 17.66 15.69 175.87 0.045 0.001 0.9438
conv3 1 -2.43 7.67 13.55 16.42 17.83 0.039 0.001 0.9385
conv3 2 -1.58 1.49 23.71 25.04 37.15 0.037 -0.002 0.9310
conv3 3 -1.18 1.19 18.62 16.62 59.87 0.041 0.001 0.9516
conv3 4 0.38 0.40 27.74 26.47 93.41 0.035 -0.004 0.8600
conv3 5 3.48 -4.00 15.94 13.46 23.05 0.044 0.001 0.9525
conv3 6 -0.84 -3.72 20.77 19.48 32.96 0.041 0.000 0.9536
conv3 7 -1.44 -1.98 17.66 16.83 157.55 0.045 0.000 0.9557
conv3 8 -2.33 -6.26 15.26 14.26 91.55 0.045 0.002 0.9375
conv3 9 1.60 -1.63 25.45 24.88 116.28 0.041 -0.003 0.9368
conv3 10 3.79 -5.24 14.99 15.44 163.18 0.052 0.001 0.9511
conv3 11 -4.10 1.56 14.15 17.51 158.41 0.044 0.001 0.9498
conv3 12 -1.57 -4.35 21.70 20.29 28.34 0.035 -0.001 0.9097
conv3 13 -0.81 -1.87 17.52 18.30 95.87 0.040 0.001 0.9460
conv3 14 3.42 3.79 13.74 15.14 9.17 0.060 0.001 0.9488
conv3 15 0.28 0.18 12.69 13.63 146.36 0.055 0.002 0.9577
conv3 16 -2.30 -6.80 14.67 19.35 21.07 0.044 0.001 0.9331
conv3 17 1.15 -0.48 18.44 16.75 53.69 0.044 0.001 0.9403
conv3 18 -3.04 -3.03 14.26 13.61 90.42 0.048 0.002 0.9384
conv3 19 -0.70 1.71 19.61 18.63 136.62 0.044 0.001 0.9548
conv3 20 -2.72 -2.47 12.79 15.00 154.06 0.041 0.003 0.9230
conv3 21 0.77 -6.93 22.70 22.35 91.27 0.036 -0.001 0.9116
conv3 22 -0.07 1.18 14.89 19.06 4.07 0.044 0.001 0.9297
conv3 23 0.13 -1.52 14.16 15.86 5.61 0.039 0.001 0.9550
conv3 24 0.26 1.46 19.33 19.55 47.71 0.037 0.001 0.9425
conv3 25 0.29 1.50 18.20 16.30 28.02 0.049 0.001 0.9498
conv3 26 2.35 0.31 20.93 23.64 6.44 0.042 -0.000 0.9485
conv3 27 -0.22 1.47 13.63 17.78 138.02 0.048 0.001 0.9531
conv3 28 -0.24 -2.09 18.24 17.65 73.10 0.042 0.000 0.9600
conv3 29 0.43 -1.11 14.47 15.61 21.90 0.040 0.002 0.9389
conv3 30 -1.35 -0.69 14.64 16.51 174.64 0.049 0.001 0.9477
conv3 31 0.88 2.89 10.56 12.46 21.22 0.044 0.001 0.9522
conv3 32 0.26 0.22 21.13 22.14 2.40 0.030 -0.001 0.8922
conv3 33 -0.14 0.22 23.06 21.09 72.67 0.040 -0.000 0.9446
conv3 34 -0.64 0.87 16.95 17.85 34.29 0.042 0.001 0.9512
conv3 35 6.10 3.42 14.22 13.05 47.30 0.047 0.001 0.9589
conv3 36 0.41 -0.77 15.98 17.59 18.07 0.040 0.002 0.9421
conv3 37 -0.38 -1.11 19.24 20.25 17.19 0.043 0.001 0.9407
conv3 38 -0.51 -2.58 25.36 24.23 66.64 0.042 -0.002 0.9459
conv3 39 1.73 -1.31 16.82 19.55 6.67 0.042 0.001 0.9506
conv3 40 1.46 0.79 23.16 26.10 6.42 0.028 -0.002 0.8723
conv3 41 -2.78 1.06 13.11 13.62 172.20 0.053 0.001 0.9448
conv3 42 -0.24 3.01 15.23 14.40 109.10 0.050 0.002 0.9397
conv3 43 2.82 0.75 18.15 16.52 136.81 0.039 0.001 0.9474
conv3 44 0.93 2.70 13.18 14.74 173.14 0.058 0.002 0.9566
conv3 45 0.24 -0.63 19.43 21.43 46.78 0.047 -0.001 0.9525
conv3 46 0.59 -1.87 15.98 13.78 17.03 0.051 0.001 0.9570
conv3 47 -0.47 0.04 19.77 20.61 0.30 0.037 0.000 0.9512
conv3 48 1.42 0.42 18.52 16.56 162.51 0.042 0.002 0.9120
conv3 49 0.05 2.14 23.79 22.83 61.40 0.035 -0.001 0.9316
conv3 50 1.20 0.11 23.24 25.92 13.87 0.039 -0.002 0.9066
conv3 51 -0.97 0.73 20.63 19.35 124.12 0.041 0.000 0.9570
conv3 52 0.16 1.46 19.83 20.89 44.36 0.038 -0.000 0.9536
conv3 53 -1.09 1.60 18.54 17.16 40.90 0.041 0.002 0.9422
conv3 54 1.26 1.20 18.38 15.65 117.56 0.046 0.001 0.9394
conv3 55 0.30 0.24 23.48 24.43 15.49 0.028 -0.002 0.8864
conv3 56 -3.90 -0.79 25.24 29.56 13.38 0.038 -0.003 0.8724
conv3 57 0.18 -0.93 15.64 16.10 169.49 0.041 0.001 0.9596
conv3 58 2.34 -2.00 15.06 15.24 69.47 0.043 0.002 0.9278
conv3 59 -0.53 1.54 17.57 19.26 175.42 0.042 0.001 0.9576
conv3 60 4.64 -1.61 16.14 15.64 95.48 0.048 0.001 0.9462
conv3 61 1.51 2.11 21.23 19.91 38.90 0.044 -0.000 0.9477
conv3 62 0.39 -5.72 13.56 17.83 178.03 0.030 0.001 0.8627
conv3 63 -4.78 4.08 18.76 16.81 57.05 0.042 0.001 0.9181
conv3 64 -1.20 0.86 15.12 13.45 95.24 0.049 0.001 0.9569
conv3 65 0.77 -1.64 17.79 16.70 60.94 0.046 0.001 0.9554
conv3 66 0.59 -1.44 20.13 19.27 99.29 0.038 0.000 0.8985
conv3 67 1.07 0.48 22.69 20.57 60.76 0.036 -0.001 0.9501
conv3 68 -1.37 -1.12 22.97 20.73 133.39 0.044 -0.001 0.9535
conv3 69 0.06 -0.62 21.04 18.65 86.30 0.041 0.000 0.9399
conv3 70 0.86 -2.47 11.34 14.94 178.15 0.048 0.003 0.9324
conv3 71 -0.20 3.02 12.02 16.87 1.16 0.040 0.001 0.9509
conv3 72 -0.73 -3.26 14.69 13.51 114.00 0.051 0.001 0.9552
conv3 73 0.34 -2.49 18.97 21.84 19.13 0.036 0.001 0.9028
conv3 74 6.47 -2.66 15.96 16.97 145.51 0.043 0.002 0.9200
conv3 75 1.99 1.77 17.58 18.24 9.55 0.041 0.001 0.9343
conv3 76 -0.14 -1.23 13.30 15.07 173.77 0.046 0.001 0.9177
conv3 77 1.24 -1.67 16.68 17.56 12.65 0.051 0.001 0.9581
conv3 78 -0.79 -3.78 15.91 14.54 105.51 0.047 0.001 0.9432
conv3 79 -0.30 0.78 26.79 26.21 56.67 0.037 -0.004 0.9051
conv3 80 -0.91 0.05 17.86 16.98 65.09 0.038 0.002 0.9397
conv3 81 -2.93 -3.91 11.37 14.12 175.67 0.054 0.002 0.9337
conv3 82 -1.16 -8.68 17.75 15.99 139.55 0.045 0.002 0.9279
conv3 83 -1.09 -1.39 15.52 14.41 16.66 0.049 0.001 0.9643
conv3 84 -0.46 -1.96 15.85 11.98 74.04 0.040 0.002 0.8817
conv3 85 0.80 -5.03 11.10 11.83 0.80 0.050 0.002 0.9468
conv3 86 0.99 0.98 18.25 20.90 15.56 0.031 -0.000 0.8684
conv3 87 14.33 5.86 17.76 14.13 114.25 0.036 0.001 0.9321
conv3 88 1.52 -4.69 17.92 16.20 5.32 0.042 0.001 0.9547
conv3 89 -1.32 2.07 19.79 18.38 133.72 0.041 0.001 0.9505
conv3 90 2.65 -2.34 20.55 19.36 93.63 0.041 0.001 0.9350
conv3 91 -1.98 3.27 19.07 20.89 8.19 0.039 0.000 0.9415
conv3 92 -2.89 -2.99 18.49 22.42 179.27 0.035 0.000 0.9376
conv3 93 1.09 -0.65 20.37 21.55 9.14 0.029 -0.000 0.9226
conv3 94 1.25 4.99 11.70 13.18 164.89 0.045 0.002 0.9494
conv3 95 1.31 -0.75 16.19 14.76 146.81 0.042 0.002 0.9475
conv3 96 3.92 1.34 8.99 11.70 175.98 0.050 0.001 0.9536
conv3 97 -0.05 -1.33 19.82 19.61 113.49 0.042 0.000 0.9579
conv3 98 1.49 0.17 22.57 23.17 132.05 0.036 -0.002 0.8858
conv3 99 -3.48 -0.36 20.42 19.09 86.43 0.049 -0.000 0.9440
conv3 100 -5.50 0.94 17.87 14.75 112.09 0.043 0.001 0.9538
conv3 101 0.39 -0.27 12.93 11.53 86.89 0.050 0.001 0.9637
conv3 102 -1.81 0.68 14.04 15.56 156.16 0.045 0.001 0.9585
conv3 103 -0.06 0.15 14.45 14.77 169.48 0.054 0.001 0.9553
conv3 104 -0.67 -7.85 18.35 19.57 21.10 0.037 -0.000 0.9404
conv3 105 -2.94 -0.38 12.76 14.92 176.01 0.039 0.002 0.9073
conv3 106 -3.03 -0.97 17.53 21.02 16.03 0.044 -0.000 0.9292
conv3 107 10.80 0.76 13.85 14.24 55.21 0.045 0.002 0.9387
conv3 108 1.52 1.05 24.61 31.33 3.91 0.033 -0.004 0.7762
conv3 109 0.89 -0.00 13.39 13.51 158.31 0.056 0.002 0.9503
conv3 110 2.90 -2.82 25.79 21.74 83.18 0.032 -0.001 0.8091
conv3 111 0.60 -1.88 19.36 22.76 14.86 0.037 -0.001 0.9258
conv3 112 -4.15 -4.14 12.55 13.69 25.79 0.053 0.001 0.9603
conv3 113 -1.53 4.94 20.67 22.15 2.78 0.034 -0.000 0.8645
conv3 114 8.27 -4.32 11.93 12.70 146.77 0.063 0.001 0.9478
conv3 115 4.62 -0.32 21.68 18.48 45.45 0.031 0.001 0.7870
conv3 116 -2.49 -4.45 13.99 15.23 16.32 0.048 0.002 0.9420
conv3 117 -2.96 0.67 13.08 14.23 139.52 0.057 0.001 0.9351
conv3 118 -0.07 -1.00 17.38 15.42 134.61 0.042 0.002 0.9178
conv3 119 5.35 -6.46 13.05 15.88 8.04 0.046 0.002 0.9506
conv3 120 -2.25 -1.70 15.11 16.34 12.92 0.055 0.001 0.9573
conv3 121 -0.33 -0.54 18.62 17.60 56.96 0.038 0.001 0.9344
conv3 122 0.18 -5.46 12.40 14.09 171.40 0.054 0.001 0.9566
conv3 123 -0.20 -0.30 18.86 21.02 165.35 0.041 0.001 0.9488
conv3 124 -0.18 -0.76 21.84 20.65 78.56 0.045 -0.001 0.9540
conv3 125 -1.67 -1.60 14.97 15.50 3.64 0.057 0.001 0.9582
conv3 126 -0.59 -2.83 14.50 15.04 9.09 0.045 0.001 0.9563
conv3 127 -0.21 -2.04 17.72 16.22 79.19 0.048 0.001 0.9462
conv3 128 1.71 -4.61 12.60 13.68 172.26 0.046 0.001 0.9500
conv3 129 1.40 -4.92 17.16 16.01 71.38 0.046 0.001 0.9375
conv3 130 2.65 -2.39 15.89 17.19 157.19 0.039 0.000 0.9554
conv3 131 3.43 -1.70 12.90 11.97 81.83 0.060 0.001 0.9497
conv3 132 1.59 -1.74 13.03 16.17 172.92 0.042 0.002 0.9269
conv3 133 -0.73 6.04 17.26 16.70 130.77 0.035 0.002 0.9239
conv3 134 -0.33 -0.04 22.30 21.79 58.08 0.042 -0.001 0.9410
conv3 135 -1.09 0.11 19.74 20.60 27.78 0.040 0.000 0.9517
conv3 136 1.99 -2.07 24.77 22.97 49.77 0.036 -0.001 0.9216
conv3 137 -2.83 -2.79 19.77 20.61 144.10 0.043 0.001 0.9481
conv3 138 -0.85 -1.48 25.03 23.51 56.49 0.039 -0.002 0.8915
conv3 139 -4.25 -2.19 21.28 19.15 77.94 0.039 0.000 0.8617
conv3 140 1.73 -0.79 13.56 15.02 169.90 0.048 0.001 0.9499
conv3 141 1.10 4.80 14.30 13.52 77.21 0.039 0.002 0.9265
conv3 142 -0.10 3.65 22.01 20.80 89.87 0.040 0.000 0.9267
conv3 143 -3.12 -0.67 17.22 15.49 134.03 0.039 0.001 0.9295
conv3 144 0.59 0.44 21.65 26.14 178.69 0.039 -0.001 0.9354
conv3 145 -1.96 4.70 8.29 12.31 179.42 0.061 0.002 0.9395
conv3 146 1.85 0.82 25.73 28.76 155.40 0.033 -0.003 0.8429
conv3 147 -10.12 -9.01 18.66 15.44 129.10 0.033 0.001 0.9306
conv3 148 1.48 0.38 11.90 15.61 1.45 0.057 0.001 0.9566
conv3 149 1.90 -0.89 20.94 23.52 5.11 0.041 -0.000 0.9102
conv3 150 -1.37 -1.50 15.86 16.34 31.76 0.051 0.001 0.9561
conv3 151 -0.55 0.57 17.38 18.83 159.60 0.048 0.000 0.9479
conv3 152 0.89 -0.81 21.04 19.98 47.69 0.044 -0.000 0.9479
conv3 153 -0.52 -2.82 14.34 16.00 178.47 0.046 0.001 0.9587
conv3 154 -3.51 0.24 14.40 15.23 164.48 0.055 0.002 0.9516
conv3 155 1.97 -1.75 14.71 12.34 126.21 0.038 0.002 0.9207
conv3 156 2.25 -1.35 13.27 14.09 38.81 0.037 0.001 0.9549
conv3 157 0.41 2.11 14.82 16.60 174.75 0.043 0.001 0.9518
conv3 158 -0.33 -1.91 13.18 15.83 11.41 0.046 0.001 0.9589
conv3 159 1.23 -1.88 22.42 21.30 172.82 0.035 -0.000 0.9477
conv3 160 -1.50 -0.13 16.36 17.04 3.28 0.043 0.001 0.9591
conv3 161 0.25 0.12 20.91 21.60 121.04 0.026 -0.001 0.9356
conv3 162 -1.65 -1.13 16.32 13.55 88.56 0.042 0.001 0.9519
conv3 163 -0.32 -4.28 11.32 17.54 176.89 0.048 0.002 0.9119
conv3 164 -0.59 -1.19 16.92 15.79 53.88 0.047 0.001 0.9527
conv3 165 4.45 -0.68 21.55 19.12 81.08 0.039 0.001 0.9400
conv3 166 2.26 -2.06 20.43 18.98 64.89 0.041 0.001 0.9385
conv3 167 0.41 -4.78 23.04 22.08 105.70 0.035 -0.002 0.9162
conv3 168 -4.61 0.53 15.45 16.07 51.04 0.051 0.001 0.9590
conv3 169 -0.23 -7.83 9.84 16.88 179.93 0.052 0.002 0.9399
conv3 170 -0.30 1.16 17.86 18.90 10.29 0.040 -0.000 0.9439
conv3 171 -6.68 1.74 15.31 13.58 62.88 0.040 0.001 0.9210
conv3 172 -3.11 2.41 17.30 18.52 31.35 0.043 0.001 0.9307
conv3 173 0.05 2.03 18.76 13.86 34.94 0.044 0.001 0.9515
conv3 174 0.67 2.02 18.39 16.34 83.64 0.047 0.001 0.9614
conv3 175 0.25 -2.13 16.65 15.07 179.13 0.056 0.001 0.9481
conv3 176 0.27 -2.67 20.78 19.89 86.05 0.038 -0.000 0.9486
conv3 177 0.95 -1.18 13.55 16.25 170.81 0.044 0.002 0.9131
conv3 178 1.14 -0.53 17.31 15.61 26.45 0.041 0.001 0.9544
conv3 179 0.08 -0.79 17.69 19.05 145.77 0.038 0.001 0.9545
conv3 180 -7.23 -1.94 27.83 21.13 129.05 0.027 -0.001 0.7474
conv3 181 0.72 -1.16 21.70 20.40 82.01 0.042 -0.000 0.9568
conv3 182 -1.42 0.75 11.16 14.12 165.24 0.042 0.001 0.9546
conv3 183 -2.89 0.00 21.23 25.59 1.60 0.039 -0.001 0.9257
conv3 184 1.40 -2.38 17.44 18.62 16.77 0.045 0.000 0.9579
conv3 185 -0.53 -0.35 14.38 15.06 153.93 0.054 0.001 0.9491
conv3 186 1.41 -1.97 12.03 17.75 5.67 0.044 0.001 0.9530
conv3 187 2.49 -0.95 12.94 16.47 11.11 0.050 0.002 0.9545
conv3 188 -0.07 0.55 15.22 16.97 19.41 0.042 0.001 0.9490
conv3 189 -1.46 -0.80 25.43 26.66 142.21 0.032 -0.003 0.8804
conv3 190 5.85 -1.36 17.34 11.82 88.55 0.048 0.002 0.9180
conv3 191 0.99 -8.82 7.05 12.95 179.43 0.064 0.001 0.9485
conv3 192 -1.29 2.70 14.85 18.68 2.00 0.039 0.000 0.9581
conv3 193 -1.15 -0.29 12.39 13.85 165.14 0.061 0.001 0.9565
conv3 194 4.01 -1.48 14.15 8.86 111.09 0.056 0.002 0.9331
conv3 195 0.43 0.64 22.87 15.49 95.13 0.042 0.000 0.9125
conv3 196 1.89 -7.16 22.31 19.09 12.47 0.041 -0.000 0.9292
conv3 197 -3.26 0.37 17.88 13.32 111.53 0.040 0.002 0.8423
conv3 198 2.01 6.42 9.95 17.34 2.25 0.050 0.001 0.9273
conv3 199 0.41 -0.69 14.73 13.92 93.35 0.048 0.001 0.9523
conv3 200 -0.49 2.66 15.14 14.77 48.46 0.034 0.001 0.9408
conv3 201 -1.22 -1.72 11.97 13.45 147.56 0.050 0.001 0.9577
conv3 202 0.73 -10.05 14.06 15.34 3.99 0.037 0.003 0.8613
conv3 203 -1.28 -1.63 23.64 22.20 86.72 0.037 -0.002 0.8705
conv3 204 -4.23 -1.79 14.55 13.56 95.79 0.044 0.002 0.9478
conv3 205 0.96 -3.41 15.76 17.23 177.74 0.043 0.001 0.9445
conv3 206 0.67 -1.13 18.01 18.10 123.04 0.042 0.001 0.9409
conv3 207 -0.89 -2.63 13.60 12.80 140.90 0.049 0.002 0.9523
conv3 208 -1.32 2.38 15.86 14.63 58.46 0.042 0.001 0.9490
conv3 209 -0.32 -1.55 18.95 19.92 31.31 0.028 0.000 0.9340
conv3 210 4.39 -3.34 13.99 14.99 157.36 0.049 0.002 0.9397
conv3 211 -1.28 -3.83 23.49 21.38 76.05 0.041 -0.001 0.9344
conv3 212 -6.13 0.48 15.11 9.70 67.05 0.046 0.002 0.8956
conv3 213 -1.09 1.32 17.08 18.12 163.96 0.045 0.001 0.9454
conv3 214 -0.13 -0.12 13.00 10.95 74.12 0.056 0.001 0.9644
conv3 215 -4.10 1.37 21.74 24.62 13.21 0.032 -0.001 0.7908
conv3 216 -1.52 -7.06 17.50 14.79 162.44 0.034 0.001 0.9182
conv3 217 0.61 2.68 13.44 14.02 174.72 0.049 0.001 0.9598
conv3 218 -0.80 3.51 14.37 15.78 171.58 0.050 0.002 0.9555
conv3 219 -0.98 3.12 27.22 22.64 0.57 0.025 -0.002 0.7583
conv3 220 3.27 -4.50 20.55 24.21 30.29 0.036 -0.001 0.9071
conv3 221 -2.96 -2.35 14.40 13.09 104.59 0.052 0.001 0.9493
conv3 222 -8.85 -4.35 14.20 15.16 170.92 0.051 0.001 0.9455
conv3 223 -0.40 2.21 21.62 23.31 37.23 0.041 -0.002 0.9283
conv3 224 1.39 -3.48 24.51 25.76 156.03 0.030 -0.003 0.8449
conv3 225 1.33 1.52 13.55 14.67 42.30 0.054 0.001 0.9592
conv3 226 -3.16 -1.47 19.23 24.37 10.50 0.035 -0.001 0.9140
conv3 227 -5.68 0.61 18.15 12.33 94.42 0.045 0.001 0.9347
conv3 228 -3.69 3.73 15.27 11.04 118.38 0.049 0.002 0.9102
conv3 229 -2.03 -0.89 16.64 17.23 11.05 0.044 0.001 0.9460
conv3 230 -1.22 -5.45 23.06 18.47 93.31 0.027 0.000 0.7367
conv3 231 2.02 -1.30 16.70 13.54 48.57 0.041 0.001 0.9256
conv3 232 -1.77 -0.89 15.61 15.17 93.95 0.052 0.001 0.9620
conv3 233 -0.15 -1.82 19.79 18.61 150.82 0.048 0.000 0.9494
conv3 234 -3.45 -5.26 14.87 12.58 162.22 0.051 0.002 0.9320
conv3 235 0.65 -4.93 14.89 17.43 11.35 0.038 0.002 0.8561
conv3 236 -1.70 0.79 18.26 16.63 39.09 0.040 0.002 0.9377
conv3 237 -0.61 -1.18 18.26 19.00 170.07 0.042 0.000 0.9496
conv3 238 0.77 1.09 14.12 19.03 152.79 0.045 0.001 0.9565
conv3 239 1.44 -0.61 12.57 12.85 14.77 0.050 0.002 0.9534
conv3 240 -3.43 1.72 12.96 13.75 34.06 0.056 0.002 0.9517
conv3 241 -0.86 -4.26 17.54 18.64 140.53 0.037 0.000 0.9411
conv3 242 -1.21 1.17 12.95 13.87 13.84 0.054 0.002 0.9502
conv3 243 -5.28 -6.26 17.55 15.84 161.31 0.043 0.001 0.8939
conv3 244 -3.61 -3.50 12.37 13.84 27.86 0.050 0.002 0.9304
conv3 245 -3.14 -2.90 15.35 13.01 112.76 0.044 0.001 0.9625
conv3 246 0.27 -0.06 20.51 18.51 94.82 0.043 0.000 0.9400
conv3 247 0.78 -2.03 24.17 22.57 33.41 0.040 -0.002 0.9274
conv3 248 -1.65 -5.88 13.55 16.88 174.18 0.043 0.001 0.9461
conv3 249 -0.44 -5.84 14.97 16.02 0.14 0.040 0.002 0.9405
conv3 250 -2.41 -4.44 11.71 12.97 141.51 0.054 0.002 0.9439
conv3 251 -0.58 5.65 15.75 16.80 3.48 0.042 0.001 0.9446
conv3 252 0.64 0.52 16.63 14.56 22.19 0.043 0.001 0.9606
conv3 253 -0.84 -6.55 17.51 14.82 56.32 0.042 0.002 0.9266
conv3 254 -4.01 -3.10 16.31 18.06 163.99 0.048 0.001 0.9627
conv3 255 0.26 -2.42 15.85 14.82 82.35 0.049 0.001 0.9575
conv3 256 0.75 0.32 18.11 20.06 17.86 0.038 0.000 0.9527
conv3 257 0.45 3.30 20.24 20.96 140.00 0.041 0.000 0.9263
conv3 258 0.89 -0.51 20.72 22.10 4.80 0.042 -0.001 0.9509
conv3 259 -1.91 -3.14 18.47 20.04 34.70 0.046 0.000 0.9270
conv3 260 -4.03 -6.31 14.86 15.98 127.69 0.046 0.001 0.9147
conv3 261 0.32 -3.69 17.29 15.09 151.06 0.046 0.001 0.9314
conv3 262 -1.01 1.84 16.05 15.28 92.97 0.048 0.001 0.9492
conv3 263 -1.17 -4.80 12.07 12.90 17.84 0.056 0.002 0.9489
conv3 264 -1.02 -2.72 25.81 24.04 73.42 0.037 -0.002 0.9397
conv3 265 -1.09 -4.28 10.32 17.02 2.42 0.042 0.001 0.9334
conv3 266 -2.49 1.42 20.02 17.83 17.08 0.037 0.000 0.9303
conv3 267 1.58 -3.29 15.35 14.13 113.28 0.046 0.002 0.9453
conv3 268 0.36 -2.31 17.60 15.93 136.19 0.040 0.001 0.9569
conv3 269 -1.40 -1.16 19.55 20.46 177.18 0.041 0.001 0.9392
conv3 270 2.41 -1.93 10.40 14.71 178.09 0.048 0.002 0.9376
conv3 271 1.85 -4.01 18.12 15.67 30.70 0.042 0.001 0.9326
conv3 272 -1.79 1.48 13.75 16.17 12.36 0.044 0.001 0.9502
conv3 273 -1.32 -0.33 17.81 16.08 28.30 0.044 0.000 0.9470
conv3 274 1.49 -0.51 20.09 21.22 175.77 0.034 -0.000 0.9531
conv3 275 1.44 2.08 20.80 24.05 9.21 0.035 -0.001 0.8799
conv3 276 0.91 4.68 13.90 15.69 177.82 0.045 0.001 0.9541
conv3 277 3.14 -0.33 12.86 16.69 31.03 0.046 0.002 0.9482
conv3 278 1.38 1.38 16.50 16.03 142.79 0.046 0.001 0.9450
conv3 279 -0.70 1.89 14.19 14.63 23.35 0.049 0.002 0.9553
conv3 280 1.98 -0.83 15.66 16.63 148.20 0.041 0.001 0.9587
conv3 281 -1.65 -1.69 14.93 14.51 89.00 0.055 0.001 0.9616
conv3 282 0.50 -0.44 13.87 15.25 164.12 0.041 0.001 0.9561
conv3 283 0.09 -0.91 12.31 17.19 10.85 0.047 0.001 0.9571
conv3 284 1.20 1.01 18.72 17.99 17.61 0.038 0.001 0.9435
conv3 285 -0.79 -2.22 18.64 19.15 4.90 0.046 -0.001 0.9305
conv3 286 -1.03 1.33 19.43 18.85 91.09 0.036 0.001 0.9091
conv3 287 -0.21 -2.06 17.06 15.43 153.31 0.042 0.001 0.9539
conv3 288 0.69 -3.01 11.25 13.43 2.40 0.045 0.001 0.9560
conv3 289 1.23 -9.36 9.97 14.59 172.81 0.047 0.002 0.9395
conv3 290 -5.03 1.71 17.60 15.40 140.72 0.046 0.001 0.9367
conv3 291 -6.29 1.41 17.62 13.58 58.15 0.042 0.002 0.9326
conv3 292 1.04 1.73 20.69 15.93 128.71 0.043 0.001 0.9250
conv3 293 0.44 -5.36 24.56 22.77 87.61 0.033 -0.002 0.8634
conv3 294 -6.96 0.58 14.27 12.84 57.30 0.044 0.001 0.9328
conv3 295 -0.02 1.79 15.10 17.65 0.71 0.043 0.001 0.9574
conv3 296 -0.26 -0.68 24.11 25.11 30.48 0.041 -0.002 0.9408
conv3 297 -1.28 -0.29 13.75 15.04 165.60 0.051 0.002 0.9527
conv3 298 1.39 -2.28 14.51 16.27 17.84 0.036 0.001 0.9469
conv3 299 -0.30 -4.16 18.53 16.46 143.17 0.048 0.001 0.9552
conv3 300 5.88 -3.47 19.18 16.02 82.20 0.040 0.001 0.8418
conv3 301 -0.36 -1.63 19.90 18.92 116.71 0.044 0.001 0.9587
conv3 302 0.79 -3.12 14.66 17.16 174.83 0.049 0.001 0.9548
conv3 303 0.52 -0.69 16.98 20.15 151.03 0.044 0.000 0.9523
conv3 304 2.48 -4.76 13.57 17.90 143.89 0.045 0.001 0.9494
conv3 305 -1.02 0.66 16.06 13.81 89.49 0.049 0.001 0.9486
conv3 306 1.89 -3.34 13.25 14.76 11.04 0.053 0.001 0.9615
conv3 307 -0.80 -1.58 14.23 14.69 12.36 0.061 0.001 0.9563
conv3 308 -0.24 1.71 17.21 15.92 84.45 0.047 0.001 0.9645
conv3 309 -1.59 3.03 15.57 10.87 0.67 0.049 0.001 0.9441
conv3 310 -0.88 -6.22 11.01 16.67 1.97 0.043 0.002 0.9340
conv3 311 -0.05 -2.26 14.52 19.79 139.58 0.043 0.001 0.9294
conv3 312 -0.58 3.61 15.06 17.31 169.61 0.044 0.001 0.9464
conv3 313 -1.17 5.29 18.36 17.45 74.62 0.040 0.002 0.9119
conv3 314 -1.46 1.11 20.95 20.15 99.86 0.039 0.000 0.9467
conv3 315 1.88 -0.20 14.40 16.18 174.73 0.043 0.002 0.9409
conv3 316 1.89 -10.36 10.97 16.30 163.42 0.038 0.003 0.8796
conv3 317 3.71 1.47 15.70 17.00 170.07 0.037 0.002 0.8779
conv3 318 -0.90 1.01 13.54 13.87 20.90 0.057 0.001 0.9471
conv3 319 1.02 -3.51 16.07 10.20 173.29 0.043 0.003 0.9142
conv3 320 2.62 -2.72 13.33 14.31 10.12 0.049 0.001 0.9466
conv3 321 1.95 -5.15 11.85 14.56 175.08 0.048 0.002 0.9359
conv3 322 -1.07 -1.48 19.83 18.39 133.39 0.048 -0.000 0.9533
conv3 323 1.61 -2.82 17.91 19.15 22.91 0.036 0.001 0.9381
conv3 324 0.54 -0.23 12.43 17.31 5.04 0.040 0.002 0.8848
conv3 325 -2.12 -2.80 11.86 13.15 158.17 0.053 0.002 0.9532
conv3 326 1.29 0.61 21.46 24.86 171.42 0.031 -0.001 0.9295
conv3 327 2.31 -3.60 23.32 25.24 138.64 0.037 -0.001 0.9116
conv3 328 -0.45 -0.80 16.15 15.67 72.78 0.052 0.001 0.9536
conv3 329 -1.05 0.12 17.34 17.90 35.39 0.048 0.000 0.9561
conv3 330 -1.92 -1.29 16.07 12.00 2.15 0.044 0.002 0.9026
conv3 331 -1.17 -1.68 17.64 15.32 88.19 0.047 0.001 0.9501
conv3 332 0.54 -3.95 17.65 19.32 138.69 0.039 0.001 0.8885
conv3 333 3.97 -1.65 17.87 21.87 12.60 0.039 -0.000 0.9530
conv3 334 -0.05 -0.57 22.03 20.05 172.79 0.035 -0.001 0.9206
conv3 335 2.51 -1.72 15.12 16.35 167.86 0.043 0.002 0.9556
conv3 336 1.71 -0.26 23.51 22.11 30.19 0.039 -0.001 0.9351
conv3 337 -4.59 -7.30 14.31 13.84 44.35 0.043 0.001 0.9501
conv3 338 -0.00 -1.46 15.44 18.56 5.00 0.043 0.000 0.9602
conv3 339 9.91 -2.27 11.26 10.32 81.87 0.049 0.002 0.9245
conv3 340 -0.09 -0.82 22.26 20.32 92.66 0.041 -0.000 0.9550
conv3 341 -0.15 -0.88 20.89 19.34 168.07 0.037 -0.000 0.9496
conv3 342 -3.03 -4.15 12.78 14.16 15.07 0.052 0.002 0.9464
conv3 343 -2.81 10.70 22.93 19.48 145.09 0.037 0.000 0.8344
conv3 344 0.34 -4.39 19.02 18.59 95.89 0.040 0.002 0.9213
conv3 345 -1.15 -1.50 16.46 15.48 86.65 0.046 0.001 0.9574
conv3 346 1.85 -2.42 17.76 16.46 95.27 0.043 0.001 0.9519
conv3 347 -4.14 1.09 15.04 15.75 99.77 0.052 0.001 0.9410
conv3 348 3.92 -4.96 16.83 14.75 45.50 0.046 0.001 0.9467
conv3 349 13.93 -2.26 15.54 14.43 85.57 0.040 0.001 0.9373
conv3 350 -0.78 -0.87 17.10 20.90 169.06 0.047 0.001 0.9558
conv3 351 -0.39 0.97 15.53 16.15 5.57 0.043 0.001 0.9591
conv3 352 -0.19 1.62 14.19 13.99 120.53 0.048 0.002 0.9562
conv3 353 -0.63 -1.11 20.56 19.25 141.71 0.044 0.001 0.9487
conv3 354 2.02 -5.35 12.09 12.92 162.47 0.052 0.002 0.9397
conv3 355 -0.36 2.01 20.49 20.91 54.45 0.039 0.000 0.9301
conv3 356 1.70 -2.70 11.70 14.00 12.08 0.052 0.002 0.9495
conv3 357 0.31 3.35 12.46 15.57 2.83 0.043 0.002 0.9337
conv3 358 1.09 -0.75 19.22 20.50 147.37 0.044 0.000 0.9573
conv3 359 0.53 -0.66 16.21 18.01 2.24 0.042 0.001 0.9608
conv3 360 -1.02 0.03 22.93 22.30 124.73 0.042 -0.001 0.9467
conv3 361 3.42 -2.63 15.29 14.18 66.51 0.051 0.001 0.9563
conv3 362 -0.69 4.91 16.13 11.29 178.53 0.045 0.002 0.9190
conv3 363 -0.16 -7.25 16.53 14.91 35.02 0.045 0.002 0.9502
conv3 364 3.73 -0.48 12.79 12.20 116.13 0.055 0.002 0.9623
conv3 365 -2.25 -1.21 22.96 21.31 106.80 0.037 -0.001 0.9118
conv3 366 0.82 5.94 16.33 12.35 31.88 0.042 0.002 0.8826
conv3 367 -2.50 -1.68 12.32 12.56 157.23 0.050 0.001 0.9565
conv3 368 0.99 -0.57 16.18 16.56 21.94 0.043 0.001 0.9554
conv3 369 1.92 -0.15 25.08 24.29 44.11 0.040 -0.002 0.9268
conv3 370 -4.24 -0.37 15.47 17.27 162.11 0.043 0.001 0.9256
conv3 371 1.31 -3.09 19.30 16.76 147.74 0.034 0.000 0.9115
conv3 372 -2.05 3.32 13.86 15.08 178.66 0.053 0.001 0.9526
conv3 373 -1.67 -9.14 13.66 15.37 1.09 0.044 0.002 0.9444
conv3 374 0.85 2.11 18.93 17.43 101.76 0.039 0.001 0.9120
conv3 375 -7.26 5.99 16.47 12.42 18.17 0.038 0.002 0.9145
conv3 376 -1.97 -2.75 19.08 17.95 83.58 0.038 0.001 0.9351
conv3 377 0.12 -4.05 18.04 16.50 139.69 0.037 0.001 0.9230
conv3 378 1.13 -1.07 14.13 14.84 167.72 0.040 0.001 0.9357
conv3 379 -0.93 -1.61 23.15 20.82 72.00 0.035 -0.001 0.8391
conv3 380 -2.23 -12.32 10.82 19.55 179.17 0.048 0.002 0.9076
conv3 381 0.62 -1.89 19.23 21.00 175.23 0.040 0.000 0.9440
conv3 382 0.83 3.84 17.59 19.97 155.24 0.042 0.001 0.9523
conv3 383 -0.01 -14.59 12.63 13.65 157.73 0.051 0.003 0.9160
conv4 0 0.94 3.84 18.46 19.37 129.58 0.071 0.000 0.9695
conv4 1 1.10 4.13 21.50 20.53 104.92 0.049 0.000 0.9558
conv4 2 -2.52 1.31 16.09 17.06 172.92 0.075 0.001 0.9720
conv4 3 -0.70 0.23 17.45 17.31 76.38 0.076 0.001 0.9719
conv4 4 -1.07 -3.81 16.17 17.72 179.88 0.073 0.001 0.9641
conv4 5 0.42 -2.20 19.24 20.61 167.51 0.054 0.001 0.9430
conv4 6 -0.32 2.04 17.07 17.90 166.53 0.053 0.002 0.9488
conv4 7 2.32 -2.19 19.48 20.69 14.74 0.065 0.000 0.9681
conv4 8 0.40 2.22 17.18 18.18 174.10 0.071 0.001 0.9703
conv4 9 -2.82 -0.83 18.23 17.95 9.08 0.071 0.000 0.9702
conv4 10 2.12 -10.66 18.00 21.11 173.59 0.049 0.001 0.9187
conv4 11 0.99 2.00 16.57 18.73 6.50 0.055 0.001 0.9451
conv4 12 1.26 -2.76 17.21 19.05 3.94 0.073 0.001 0.9656
conv4 13 0.01 -0.98 16.65 17.97 172.08 0.068 0.001 0.9680
conv4 14 0.85 -1.69 20.58 18.45 10.99 0.066 0.001 0.9691
conv4 15 1.92 -2.63 17.83 20.67 174.15 0.063 0.001 0.9633
conv4 16 0.64 -4.52 19.40 15.28 163.99 0.067 0.001 0.9587
conv4 17 -0.99 -3.83 22.85 21.52 156.07 0.053 0.000 0.9225
conv4 18 1.32 -2.91 17.29 17.62 32.66 0.071 0.001 0.9666
conv4 19 -3.38 -4.45 19.28 17.06 20.80 0.067 0.001 0.9646
conv4 20 0.35 0.85 14.98 21.03 169.48 0.062 0.001 0.9583
conv4 21 1.41 2.44 15.70 18.64 176.63 0.070 0.001 0.9558
conv4 22 -0.09 -0.81 16.46 17.77 6.13 0.070 0.001 0.9686
conv4 23 1.42 -1.06 17.21 18.15 6.56 0.069 0.001 0.9664
conv4 24 -0.58 2.58 18.79 20.97 165.62 0.056 0.001 0.9643
conv4 25 0.90 -1.26 18.52 20.63 1.67 0.066 0.001 0.9703
conv4 26 1.87 0.25 18.45 18.11 128.38 0.054 0.001 0.9492
conv4 27 1.12 -1.58 19.99 19.19 178.68 0.057 0.000 0.9417
conv4 28 -0.68 -8.77 19.84 17.19 177.84 0.066 0.001 0.9588
conv4 29 1.67 -5.56 16.39 18.49 176.39 0.073 0.001 0.9710
conv4 30 2.71 -6.87 19.33 18.09 92.24 0.062 0.001 0.9700
conv4 31 1.27 -4.53 14.67 17.93 0.74 0.066 0.001 0.9607
conv4 32 1.73 0.26 20.45 19.60 106.17 0.058 0.001 0.9627
conv4 33 0.45 -3.64 18.11 19.03 73.56 0.065 0.001 0.9615
conv4 34 0.71 -1.01 17.74 18.73 62.38 0.061 0.001 0.9635
conv4 35 8.72 2.54 19.96 17.40 148.99 0.059 0.001 0.9225
conv4 36 -2.34 -1.72 18.81 19.66 58.30 0.067 0.001 0.9685
conv4 37 0.07 1.72 18.87 17.80 136.18 0.068 0.001 0.9667
conv4 38 1.66 -0.40 16.40 15.77 72.89 0.059 0.001 0.9623
conv4 39 1.29 -5.92 17.13 18.46 6.56 0.067 0.001 0.9697
conv4 40 0.70 1.68 19.54 18.19 154.80 0.068 0.000 0.9688
conv4 41 -1.10 1.71 15.32 16.18 163.57 0.071 0.001 0.9640
conv4 42 -0.59 -0.65 17.21 17.82 125.06 0.070 0.001 0.9700
conv4 43 2.86 3.04 14.93 16.50 174.07 0.078 0.001 0.9706
conv4 44 1.83 -2.14 18.47 20.93 172.79 0.052 0.000 0.9624
conv4 45 -2.14 1.62 16.81 19.08 3.47 0.069 0.001 0.9706
conv4 46 2.15 1.02 15.03 15.20 5.92 0.079 0.001 0.9704
conv4 47 0.63 0.95 17.24 16.97 79.68 0.076 0.001 0.9583
conv4 48 1.91 -4.06 19.17 17.49 87.29 0.072 0.000 0.9686
conv4 49 -2.49 3.87 18.96 20.69 169.04 0.045 0.001 0.9332
conv4 50 1.46 2.14 19.41 18.22 93.70 0.070 0.001 0.9595
conv4 51 0.10 -1.02 15.57 17.28 0.95 0.075 0.001 0.9629
conv4 52 3.15 -1.45 18.48 18.16 141.20 0.071 0.000 0.9673
conv4 53 -1.37 0.02 19.96 18.96 90.91 0.061 0.001 0.9615
conv4 54 0.28 -0.51 17.19 16.84 124.74 0.068 0.001 0.9591
conv4 55 -4.12 -1.74 18.17 21.90 0.01 0.055 0.001 0.9510
conv4 56 2.00 -3.00 15.12 16.56 15.56 0.063 0.001 0.9613
conv4 57 1.01 -1.79 23.08 22.75 117.41 0.062 -0.001 0.9280
conv4 58 1.32 -1.99 18.65 19.47 25.63 0.068 0.001 0.9600
conv4 59 1.38 -0.25 17.16 17.38 4.61 0.060 0.001 0.9675
conv4 60 -6.89 -0.83 16.97 17.65 177.88 0.072 0.001 0.9657
conv4 61 -0.08 -2.02 17.76 19.23 176.89 0.070 0.001 0.9685
conv4 62 0.05 -2.51 19.68 20.53 11.14 0.063 0.001 0.9689
conv4 63 0.92 -2.69 17.60 19.16 161.91 0.064 0.001 0.9702
conv4 64 5.48 3.17 16.42 17.03 166.45 0.074 0.001 0.9640
conv4 65 -1.19 -1.66 17.71 18.34 24.57 0.070 0.001 0.9700
conv4 66 0.07 -4.99 19.91 18.39 98.90 0.072 0.000 0.9675
conv4 67 0.87 -4.44 16.45 18.50 0.22 0.072 0.001 0.9714
conv4 68 7.06 -3.59 17.96 20.12 144.82 0.050 0.001 0.9476
conv4 69 -8.66 -2.62 18.38 18.96 39.37 0.067 0.001 0.9602
conv4 70 -1.48 -1.17 18.55 17.88 91.53 0.066 0.001 0.9652
conv4 71 5.58 2.33 21.63 19.48 119.78 0.059 0.001 0.9578
conv4 72 0.44 0.23 16.50 14.84 150.30 0.060 0.001 0.9590
conv4 73 2.20 4.51 16.28 15.84 52.58 0.070 0.001 0.9698
conv4 74 -1.13 -0.58 20.08 22.43 179.71 0.052 0.001 0.9475
conv4 75 0.80 -0.29 16.64 17.61 66.83 0.069 0.001 0.9661
conv4 76 -0.48 -4.34 18.24 19.64 172.97 0.053 0.001 0.9366
conv4 77 0.44 -2.85 16.76 18.25 179.45 0.072 0.001 0.9648
conv4 78 0.28 -1.72 17.54 18.59 14.08 0.065 0.001 0.9667
conv4 79 1.26 -0.72 20.44 21.52 16.62 0.061 0.001 0.9570
conv4 80 1.09 0.04 17.30 16.77 78.94 0.073 0.001 0.9676
conv4 81 1.74 -5.11 18.48 20.00 5.69 0.051 0.001 0.9517
conv4 82 3.07 -4.28 26.47 27.88 171.50 0.040 -0.001 0.9108
conv4 83 -0.29 -3.29 17.85 17.52 73.74 0.072 0.001 0.9644
conv4 84 6.90 -3.15 16.88 17.87 169.69 0.066 0.001 0.9665
conv4 85 1.83 2.95 16.46 19.29 7.07 0.066 0.001 0.9645
conv4 86 0.37 -2.78 21.17 19.83 96.64 0.053 0.000 0.9674
conv4 87 -4.28 -4.53 19.63 17.85 120.88 0.055 0.001 0.9515
conv4 88 -0.01 -1.02 16.96 17.88 151.89 0.056 0.001 0.9599
conv4 89 -3.70 -2.20 17.18 18.02 163.41 0.054 0.002 0.9402
conv4 90 1.58 1.79 20.30 18.82 155.46 0.063 0.000 0.9658
conv4 91 -6.58 -1.92 16.10 15.78 91.84 0.075 0.001 0.9665
conv4 92 4.31 -2.18 19.28 19.88 172.65 0.053 0.001 0.9526
conv4 93 -0.37 -2.67 21.23 19.65 106.47 0.062 0.001 0.9581
conv4 94 3.40 -3.67 18.80 18.39 110.86 0.066 0.000 0.9660
conv4 95 -0.86 -1.14 18.76 19.84 175.13 0.046 0.000 0.9541
conv4 96 1.71 -3.09 18.66 20.78 177.17 0.054 0.001 0.9620
conv4 97 0.72 -5.01 17.52 16.78 115.79 0.075 0.001 0.9672
conv4 98 -4.15 -0.95 18.06 19.15 142.51 0.054 0.002 0.9348
conv4 99 2.76 -1.26 16.45 18.00 179.00 0.071 0.001 0.9664
conv4 100 -0.10 -4.08 15.36 16.68 6.21 0.067 0.001 0.9591
conv4 101 0.78 -1.74 20.82 17.51 179.13 0.057 0.001 0.9551
conv4 102 0.74 -0.35 16.36 19.53 176.57 0.061 0.001 0.9559
conv4 103 0.24 -2.53 17.20 20.14 172.19 0.068 0.001 0.9554
conv4 104 1.50 0.87 15.21 18.42 178.06 0.064 0.001 0.9666
conv4 105 -1.30 5.94 17.84 20.01 2.60 0.059 0.001 0.9551
conv4 106 1.29 0.31 20.82 18.89 95.37 0.069 0.000 0.9689
conv4 107 1.51 1.05 17.08 19.69 9.50 0.066 0.001 0.9657
conv4 108 1.22 0.26 17.66 18.34 15.32 0.068 0.001 0.9723
conv4 109 3.26 2.09 17.98 19.18 3.27 0.058 0.001 0.9639
conv4 110 1.60 -2.69 16.65 19.57 177.50 0.073 0.001 0.9709
conv4 111 -2.47 -3.85 16.36 17.21 144.08 0.056 0.002 0.9338
conv4 112 -0.80 -2.38 18.60 20.65 1.02 0.064 0.001 0.9670
conv4 113 -2.22 0.21 19.97 17.15 7.59 0.057 0.001 0.9642
conv4 114 3.75 -2.93 17.31 19.07 4.60 0.069 0.001 0.9701
conv4 115 -0.17 2.80 16.30 18.22 36.21 0.048 0.001 0.9301
conv4 116 -0.08 3.85 21.60 20.42 164.27 0.037 0.000 0.9351
conv4 117 -1.11 -4.10 19.56 18.72 78.33 0.071 0.000 0.9642
conv4 118 1.39 -2.89 14.41 18.21 179.48 0.062 0.001 0.9568
conv4 119 1.01 -2.06 20.60 21.65 46.18 0.064 -0.000 0.9382
conv4 120 3.03 0.48 23.35 24.36 6.10 0.043 -0.000 0.9466
conv4 121 0.40 -3.09 18.05 17.66 81.68 0.064 0.001 0.9697
conv4 122 -0.53 -2.21 20.19 20.81 132.63 0.066 -0.000 0.9623
conv4 123 0.51 2.07 18.64 21.30 3.31 0.055 0.001 0.9589
conv4 124 2.65 0.01 19.20 20.45 165.30 0.063 0.001 0.9674
conv4 125 2.34 -1.37 18.04 20.10 163.75 0.061 0.001 0.9633
conv4 126 -1.96 -5.14 16.47 17.16 157.71 0.052 0.002 0.9191
conv4 127 1.98 -1.49 15.51 19.02 0.46 0.065 0.001 0.9519
conv4 128 1.68 -0.75 18.15 19.71 164.82 0.063 0.001 0.9652
conv4 129 1.23 -0.68 20.58 21.61 168.95 0.057 0.000 0.9651
conv4 130 4.88 -3.98 17.37 18.57 13.32 0.058 0.001 0.9629
conv4 131 2.01 0.28 26.21 24.26 71.20 0.050 -0.001 0.9251
conv4 132 -1.22 -0.30 20.52 20.33 52.44 0.069 0.000 0.9643
conv4 133 -1.49 -0.92 16.55 18.21 170.84 0.070 0.001 0.9717
conv4 134 -1.45 -4.24 16.51 18.13 162.33 0.061 0.002 0.9482
conv4 135 -0.26 -0.94 18.55 20.04 11.58 0.062 0.000 0.9680
conv4 136 1.39 -2.07 18.78 20.98 178.23 0.070 0.000 0.9634
conv4 137 1.40 -1.91 18.62 16.55 85.82 0.079 0.000 0.9616
conv4 138 -0.43 5.52 17.04 18.19 12.67 0.068 0.001 0.9480
conv4 139 0.12 3.51 19.64 18.70 83.60 0.070 0.000 0.9615
conv4 140 2.48 1.93 20.53 23.43 6.07 0.043 0.001 0.9219
conv4 141 1.39 -1.38 18.58 18.21 100.74 0.064 0.001 0.9693
conv4 142 1.55 -0.67 21.61 23.22 8.88 0.051 0.000 0.9519
conv4 143 2.52 -0.52 19.85 21.28 1.07 0.053 0.000 0.9640
conv4 144 0.56 0.96 16.57 17.31 93.46 0.071 0.001 0.9653
conv4 145 -1.57 3.48 16.59 17.33 178.83 0.069 0.001 0.9566
conv4 146 2.26 -1.92 19.88 17.30 77.09 0.069 0.001 0.9615
conv4 147 -0.13 0.53 20.65 20.35 168.74 0.058 0.000 0.9609
conv4 148 1.12 2.15 19.31 20.65 0.99 0.055 0.000 0.9595
conv4 149 0.08 3.22 16.57 18.97 3.52 0.066 0.001 0.9645
conv4 150 -0.08 0.56 20.57 19.14 123.63 0.065 0.001 0.9695
conv4 151 -0.72 1.24 18.26 20.92 3.74 0.058 0.001 0.9579
conv4 152 2.65 -3.02 14.79 19.49 5.83 0.063 0.001 0.9570
conv4 153 1.64 -1.20 17.38 17.18 70.79 0.076 0.001 0.9689
conv4 154 -2.56 4.13 21.23 18.02 172.49 0.067 0.000 0.9659
conv4 155 -0.84 0.62 21.80 21.04 92.49 0.064 -0.000 0.9244
conv4 156 -1.64 0.07 18.61 17.42 90.74 0.071 0.001 0.9635
conv4 157 2.36 0.52 17.30 16.11 127.09 0.054 0.002 0.9447
conv4 158 0.03 8.02 20.07 18.40 90.18 0.070 0.000 0.9621
conv4 159 -4.37 -1.12 20.41 18.14 81.14 0.065 0.001 0.9625
conv4 160 0.22 -0.51 21.18 18.05 66.88 0.067 0.000 0.9565
conv4 161 1.59 0.74 17.75 19.54 11.22 0.063 0.001 0.9630
conv4 162 0.46 0.26 22.47 19.27 4.10 0.060 0.001 0.9673
conv4 163 -1.42 -3.40 31.46 28.77 99.18 0.042 -0.002 0.9133
conv4 164 1.87 -2.11 17.51 20.58 175.50 0.054 0.001 0.9465
conv4 165 -0.80 -4.13 14.70 16.91 1.41 0.066 0.001 0.9564
conv4 166 3.86 -5.65 16.36 17.20 167.27 0.066 0.001 0.9712
conv4 167 0.83 -3.20 12.63 18.14 3.67 0.070 0.001 0.9528
conv4 168 1.57 -5.48 15.57 16.40 162.01 0.074 0.001 0.9670
conv4 169 -1.73 1.12 17.46 19.02 15.52 0.066 0.001 0.9600
conv4 170 0.18 3.95 21.49 19.91 176.43 0.066 -0.000 0.9480
conv4 171 -0.13 4.65 17.83 18.95 139.77 0.051 0.001 0.9431
conv4 172 0.47 -5.21 21.63 19.06 85.88 0.070 -0.000 0.9605
conv4 173 1.11 -9.11 18.98 16.24 175.47 0.060 0.001 0.9480
conv4 174 -0.03 -5.23 17.88 18.06 18.92 0.057 0.001 0.9376
conv4 175 4.12 -1.59 19.12 18.40 131.07 0.058 0.001 0.9672
conv4 176 -0.04 -0.70 19.82 17.93 95.24 0.074 0.000 0.9614
conv4 177 3.87 1.22 15.97 17.65 10.85 0.068 0.001 0.9686
conv4 178 -0.19 -0.96 14.97 14.32 49.34 0.079 0.001 0.9729
conv4 179 1.21 -0.91 20.78 21.05 11.79 0.057 0.000 0.9630
conv4 180 1.18 4.00 15.20 15.65 171.91 0.072 0.001 0.9617
conv4 181 0.41 -4.40 20.66 21.46 129.83 0.053 0.000 0.9681
conv4 182 -0.08 -1.79 18.38 16.89 47.75 0.076 0.001 0.9700
conv4 183 1.40 5.76 20.62 18.60 173.28 0.066 0.001 0.9642
conv4 184 -0.35 -5.04 15.10 16.35 3.07 0.061 0.001 0.9508
conv4 185 -0.02 6.65 18.50 19.14 90.84 0.065 0.001 0.9608
conv4 186 12.61 -1.01 17.03 18.94 39.16 0.053 0.002 0.8991
conv4 187 -1.16 0.22 21.29 18.36 92.62 0.062 0.001 0.9658
conv4 188 0.47 -4.28 18.74 20.28 179.64 0.068 0.000 0.9684
conv4 189 0.19 0.39 15.57 19.89 3.75 0.062 0.001 0.9549
conv4 190 2.78 0.65 17.36 18.04 37.72 0.070 0.001 0.9642
conv4 191 0.23 -3.51 14.63 16.10 172.18 0.076 0.001 0.9708
conv4 192 1.36 2.98 16.34 17.02 150.56 0.068 0.001 0.9661
conv4 193 1.51 -1.62 15.56 18.66 175.12 0.074 0.001 0.9612
conv4 194 -1.72 -6.43 19.22 19.73 83.43 0.067 0.000 0.9694
conv4 195 -1.54 -3.21 20.28 21.80 170.44 0.053 0.001 0.9576
conv4 196 -1.00 -1.44 18.48 19.61 162.41 0.061 0.001 0.9684
conv4 197 3.57 1.53 21.35 18.10 33.86 0.061 0.001 0.9593
conv4 198 1.60 -4.15 13.17 18.39 5.82 0.065 0.001 0.9368
conv4 199 -0.51 -6.15 18.02 17.85 113.74 0.065 0.001 0.9610
conv4 200 -1.58 -1.50 16.30 19.03 177.31 0.060 0.001 0.9534
conv4 201 1.90 -3.53 19.13 18.91 138.77 0.068 0.000 0.9730
conv4 202 -3.51 1.28 20.89 19.76 122.76 0.063 0.000 0.9583
conv4 203 3.22 3.41 22.03 18.64 29.77 0.045 0.000 0.9470
conv4 204 -1.48 3.93 17.19 18.89 15.79 0.056 0.001 0.9550
conv4 205 1.36 0.52 18.32 20.36 14.84 0.071 0.000 0.9659
conv4 206 -1.43 1.05 17.91 19.65 2.23 0.068 0.001 0.9646
conv4 207 1.54 -0.41 20.29 22.27 1.02 0.055 0.001 0.9582
conv4 208 0.38 -6.51 12.98 18.59 0.10 0.061 0.001 0.9363
conv4 209 2.40 -1.41 17.76 18.41 167.70 0.056 0.001 0.9653
conv4 210 -2.37 -2.90 19.82 19.31 94.14 0.064 0.001 0.9547
conv4 211 4.00 3.64 16.60 22.70 162.23 0.067 0.001 0.9595
conv4 212 1.96 -3.13 19.92 18.98 50.31 0.064 0.000 0.9651
conv4 213 -0.27 -1.10 19.58 17.12 88.46 0.075 0.000 0.9620
conv4 214 0.53 0.27 19.12 18.25 93.11 0.067 0.001 0.9718
conv4 215 3.11 -2.71 21.15 19.12 66.48 0.063 0.000 0.9614
conv4 216 1.18 -1.19 19.56 18.35 145.82 0.058 0.001 0.9636
conv4 217 2.10 -2.72 14.44 15.17 158.83 0.073 0.001 0.9689
conv4 218 -0.02 1.11 18.34 17.15 87.58 0.077 0.001 0.9705
conv4 219 1.48 0.36 17.33 18.94 2.59 0.061 0.001 0.9632
conv4 220 2.70 -2.82 15.73 16.80 134.04 0.063 0.001 0.9570
conv4 221 1.89 4.79 22.63 25.22 3.22 0.046 -0.000 0.9123
conv4 222 -4.28 0.36 18.76 18.18 55.11 0.069 0.000 0.9699
conv4 223 1.42 -3.09 16.23 18.97 6.80 0.059 0.001 0.9492
conv4 224 -1.20 1.75 20.29 18.01 93.20 0.059 0.001 0.9487
conv4 225 -0.98 -0.82 18.86 16.63 88.38 0.078 0.001 0.9673
conv4 226 4.78 -1.97 17.94 20.03 5.63 0.071 0.001 0.9746
conv4 227 0.69 -1.40 22.30 20.53 86.96 0.061 -0.000 0.9562
conv4 228 -0.70 2.25 18.21 16.88 14.60 0.064 0.001 0.9653
conv4 229 1.29 -2.51 19.23 20.65 172.43 0.057 0.001 0.9537
conv4 230 -0.32 -1.47 17.88 18.63 84.37 0.072 0.001 0.9679
conv4 231 4.68 -1.43 19.02 19.87 120.46 0.062 0.001 0.9684
conv4 232 0.00 0.59 18.66 18.43 45.55 0.073 0.001 0.9699
conv4 233 0.48 5.97 19.86 21.71 3.87 0.057 0.000 0.9561
conv4 234 0.05 -1.04 18.02 17.47 133.56 0.056 0.001 0.9588
conv4 235 -0.23 6.14 16.67 18.12 162.37 0.073 0.001 0.9644
conv4 236 0.71 -0.82 23.77 22.32 27.02 0.046 0.000 0.9548
conv4 237 0.94 -2.00 17.91 14.83 3.88 0.060 0.001 0.9602
conv4 238 1.40 -1.15 14.89 16.50 67.34 0.066 0.001 0.9632
conv4 239 1.72 -5.52 19.07 19.58 9.78 0.063 0.000 0.9645
conv4 240 1.01 0.64 18.94 18.70 66.96 0.050 0.001 0.9590
conv4 241 -0.79 -0.04 16.37 20.40 178.09 0.062 0.001 0.9664
conv4 242 1.24 -0.08 18.84 17.75 112.70 0.074 0.001 0.9656
conv4 243 3.08 1.93 16.61 18.88 9.11 0.052 0.001 0.9565
conv4 244 -0.58 1.30 17.30 18.68 14.90 0.051 0.001 0.9449
conv4 245 0.30 -1.34 18.14 18.94 7.72 0.071 0.001 0.9745
conv4 246 -0.78 -0.53 18.31 19.92 6.89 0.069 0.001 0.9716
conv4 247 0.47 -7.78 13.47 19.65 0.33 0.060 0.001 0.9296
conv4 248 2.08 0.33 20.66 24.01 18.77 0.050 0.000 0.9506
conv4 249 -1.88 -6.81 14.52 16.09 170.50 0.078 0.001 0.9612
conv4 250 -2.03 -1.31 18.98 20.12 171.36 0.068 0.001 0.9678
conv4 251 0.42 -2.58 16.92 18.47 168.48 0.076 0.001 0.9678
conv4 252 0.04 6.19 17.94 19.14 9.42 0.071 0.001 0.9556
conv4 253 2.61 4.32 18.97 19.53 171.79 0.065 0.000 0.9695
conv4 254 -0.81 2.48 19.75 18.93 87.27 0.073 0.000 0.9656
conv4 255 1.31 -6.29 14.38 13.19 96.79 0.078 0.001 0.9675
conv5 0 1.54 3.80 23.83 25.73 3.91 0.038 0.000 0.9588
conv5 1 0.01 -0.51 23.07 22.37 77.96 0.050 0.000 0.9658
conv5 2 -1.47 -4.23 22.01 22.45 171.85 0.053 0.000 0.9724
conv5 3 1.87 4.59 21.54 22.03 26.84 0.055 0.000 0.9711
conv5 4 0.21 -6.01 26.09 25.04 29.30 0.040 -0.000 0.9499
conv5 5 1.31 0.06 22.57 23.97 13.13 0.055 0.000 0.9652
conv5 6 3.01 -2.74 22.94 23.46 31.52 0.057 0.000 0.9683
conv5 7 3.12 -3.60 23.63 24.85 6.67 0.063 0.000 0.9678
conv5 8 4.37 1.53 18.10 20.82 11.42 0.049 0.001 0.9582
conv5 9 2.19 -5.58 23.07 23.70 172.83 0.054 0.000 0.9713
conv5 10 -1.27 0.21 20.30 22.85 16.68 0.056 0.000 0.9684
conv5 11 1.24 1.02 18.94 20.61 33.46 0.049 0.000 0.9629
conv5 12 0.97 0.24 22.72 23.94 16.14 0.050 0.000 0.9692
conv5 13 1.42 -5.06 22.81 25.22 178.79 0.033 0.000 0.9062
conv5 14 1.42 -3.45 24.77 22.95 16.16 0.051 0.000 0.9632
conv5 15 2.33 -4.77 20.14 25.33 0.85 0.046 0.001 0.9538
conv5 16 2.39 1.03 26.00 24.64 166.97 0.045 0.000 0.9633
conv5 17 2.57 -0.35 21.52 23.59 3.08 0.059 0.000 0.9710
conv5 18 1.25 -4.55 25.89 24.87 175.87 0.054 -0.000 0.9699
conv5 19 0.82 -1.49 21.99 24.04 0.10 0.060 0.000 0.9659
conv5 20 1.71 -1.07 22.02 22.60 173.38 0.061 0.000 0.9698
conv5 21 1.76 -3.10 21.32 22.13 176.30 0.048 0.000 0.9675
conv5 22 2.24 -2.08 23.42 22.09 89.26 0.053 0.000 0.9730
conv5 23 0.86 -3.39 21.23 22.36 173.87 0.050 0.000 0.9677
conv5 24 0.81 3.15 24.97 25.33 171.38 0.044 -0.000 0.9684
conv5 25 -0.12 -2.45 22.48 23.81 4.25 0.050 0.000 0.9684
conv5 26 0.72 -3.45 23.08 24.69 165.32 0.041 0.000 0.9356
conv5 27 2.99 -2.69 27.55 28.72 171.60 0.034 -0.000 0.9558
conv5 28 1.81 -1.22 23.07 23.72 3.21 0.058 0.000 0.9698
conv5 29 1.14 -1.80 21.66 22.54 16.82 0.057 0.001 0.9694
conv5 30 1.38 -3.31 25.45 26.43 5.94 0.049 -0.000 0.9619
conv5 31 0.66 -0.88 22.60 21.94 36.80 0.051 0.000 0.9631
conv5 32 0.73 -0.73 24.65 24.35 103.01 0.045 -0.000 0.9537
conv5 33 1.96 0.00 23.48 23.32 72.40 0.048 0.000 0.9677
conv5 34 0.13 4.08 20.57 20.99 11.59 0.057 0.000 0.9693
conv5 35 1.07 1.51 24.56 26.30 174.52 0.040 0.000 0.9697
conv5 36 2.39 0.40 23.42 25.90 7.82 0.057 -0.000 0.9655
conv5 37 1.38 -1.00 20.46 22.37 0.23 0.065 0.001 0.9698
conv5 38 2.35 -1.29 23.52 24.46 28.42 0.041 0.000 0.9657
conv5 39 4.65 -0.56 29.14 30.12 165.25 0.046 -0.001 0.9553
conv5 40 0.58 -2.99 24.00 24.90 76.62 0.048 0.000 0.9588
conv5 41 3.82 -6.05 21.71 24.11 7.92 0.050 0.000 0.9628
conv5 42 0.88 -1.83 23.03 23.93 38.66 0.052 0.000 0.9700
conv5 43 1.74 0.74 20.43 19.98 76.98 0.060 0.001 0.9686
conv5 44 2.47 1.03 21.12 20.87 64.56 0.049 0.000 0.9663
conv5 45 0.82 0.58 22.78 22.03 76.63 0.059 0.000 0.9668
conv5 46 2.51 -2.00 24.47 25.82 155.96 0.044 -0.000 0.9679
conv5 47 1.22 -3.13 22.98 23.92 6.32 0.039 0.000 0.9599
conv5 48 0.40 -4.06 23.80 24.75 170.33 0.057 -0.000 0.9660
conv5 49 0.89 1.52 23.09 24.90 2.01 0.040 0.000 0.9627
conv5 50 1.99 -4.00 21.30 25.34 179.07 0.048 0.000 0.9617
conv5 51 1.27 -2.61 24.08 25.71 0.59 0.053 -0.000 0.9671
conv5 52 1.14 0.12 23.59 22.48 85.20 0.054 0.000 0.9643
conv5 53 1.01 -5.68 26.13 24.36 156.10 0.055 -0.000 0.9590
conv5 54 0.01 -4.56 24.97 23.46 29.84 0.042 0.000 0.9540
conv5 55 2.36 1.04 22.27 25.66 1.31 0.054 0.000 0.9693
conv5 56 0.80 -1.74 20.37 23.18 12.31 0.052 0.000 0.9629
conv5 57 0.12 -0.79 19.81 21.10 10.96 0.059 0.001 0.9680
conv5 58 3.32 1.06 17.35 16.88 82.17 0.062 0.001 0.9601
conv5 59 0.11 -1.97 21.83 23.06 164.83 0.064 0.000 0.9674
conv5 60 2.27 -1.54 22.17 26.15 0.71 0.054 0.000 0.9636
conv5 61 0.53 -0.38 23.83 24.72 7.25 0.055 0.000 0.9710
conv5 62 0.84 1.26 23.01 24.45 4.03 0.048 0.000 0.9597
conv5 63 1.91 0.63 23.46 24.82 177.55 0.047 0.000 0.9660
conv5 64 2.58 -3.21 23.83 24.30 136.55 0.046 0.000 0.9591
conv5 65 2.78 -0.11 24.99 27.32 8.93 0.046 -0.000 0.9647
conv5 66 -0.97 2.14 23.32 23.81 162.15 0.060 -0.000 0.9698
conv5 67 0.02 1.41 22.09 22.84 5.26 0.048 0.000 0.9718
conv5 68 2.86 -2.04 21.71 22.72 171.29 0.050 0.000 0.9658
conv5 69 3.95 -4.31 20.21 23.33 2.68 0.058 0.000 0.9713
conv5 70 2.13 1.28 22.04 23.45 10.91 0.060 0.000 0.9675
conv5 71 2.08 0.65 21.40 22.69 5.01 0.061 0.000 0.9660
conv5 72 -0.13 0.97 21.89 23.85 3.29 0.052 0.000 0.9691
conv5 73 1.67 -1.62 20.95 21.47 22.38 0.067 0.000 0.9678
conv5 74 2.01 -0.09 25.02 25.47 145.08 0.056 -0.000 0.9624
conv5 75 1.74 -2.54 20.64 22.46 2.24 0.057 0.000 0.9679
conv5 76 2.85 -0.88 23.90 26.38 1.45 0.042 -0.000 0.9555
conv5 77 2.90 -0.07 18.50 19.78 3.33 0.058 0.000 0.9689
conv5 78 0.47 0.72 22.90 25.36 177.61 0.034 0.000 0.9495
conv5 79 -2.20 -3.13 23.82 23.26 131.66 0.055 0.000 0.9696
conv5 80 2.54 -1.23 25.01 24.03 6.50 0.058 -0.000 0.9621
conv5 81 2.21 -2.25 21.04 22.33 7.51 0.057 0.000 0.9708
conv5 82 5.61 -1.53 21.72 25.41 2.55 0.056 0.001 0.9556
conv5 83 2.03 -1.04 26.29 26.77 18.76 0.044 -0.000 0.9586
conv5 84 1.31 -0.72 23.19 24.04 19.31 0.056 0.000 0.9635
conv5 85 1.84 0.91 21.72 24.00 172.21 0.045 0.000 0.9676
conv5 86 0.98 -1.87 24.78 25.36 20.88 0.052 -0.000 0.9651
conv5 87 2.02 1.78 21.97 20.81 85.62 0.062 0.000 0.9720
conv5 88 1.81 -1.72 28.35 28.10 93.86 0.039 -0.001 0.9599
conv5 89 0.23 -2.64 19.77 21.10 177.54 0.048 0.001 0.9648
conv5 90 1.99 -1.98 27.75 26.28 179.55 0.048 -0.000 0.9646
conv5 91 0.36 -2.94 28.18 28.76 0.68 0.047 -0.001 0.9540
conv5 92 1.29 -0.73 24.00 24.61 34.64 0.047 -0.000 0.9605
conv5 93 2.42 0.22 21.72 20.82 107.01 0.064 0.000 0.9668
conv5 94 1.35 -1.45 24.05 25.44 6.28 0.049 0.000 0.9689
conv5 95 2.52 -0.71 19.77 20.51 170.14 0.063 0.001 0.9681
conv5 96 1.32 0.35 24.07 25.98 172.47 0.042 0.000 0.9675
conv5 97 3.23 -2.35 21.76 24.58 1.39 0.050 0.000 0.9659
conv5 98 2.03 -2.36 21.58 23.82 173.46 0.047 0.001 0.9607
conv5 99 0.70 -2.79 23.40 23.93 14.29 0.046 0.000 0.9570
conv5 100 0.77 -4.00 22.39 24.41 175.63 0.041 0.000 0.9490
conv5 101 1.03 -2.08 18.02 18.78 37.86 0.071 0.001 0.9682
conv5 102 3.64 0.02 25.60 26.83 179.98 0.051 0.000 0.9597
conv5 103 1.69 2.38 21.83 23.12 2.37 0.055 0.000 0.9675
conv5 104 2.91 -1.92 20.73 23.14 13.79 0.060 0.001 0.9684
conv5 105 2.77 -1.00 21.16 21.96 6.50 0.065 0.000 0.9616
conv5 106 1.86 2.24 20.44 20.27 66.44 0.061 0.000 0.9735
conv5 107 2.92 -1.94 19.86 22.41 4.29 0.063 0.001 0.9714
conv5 108 1.20 -2.61 22.02 25.07 3.62 0.057 0.000 0.9706
conv5 109 0.91 -1.32 27.05 28.13 177.29 0.040 -0.000 0.9590
conv5 110 2.22 -0.36 21.84 23.17 18.00 0.051 0.000 0.9669
conv5 111 2.27 -0.54 25.28 22.90 10.89 0.048 0.000 0.9680
conv5 112 0.96 3.60 21.59 23.54 5.80 0.047 0.000 0.9686
conv5 113 3.38 -2.43 22.43 22.09 50.40 0.060 0.000 0.9667
conv5 114 2.45 -5.12 20.85 22.01 171.42 0.054 0.000 0.9670
conv5 115 2.17 -3.11 23.37 25.71 6.32 0.045 -0.000 0.9562
conv5 116 2.45 0.09 24.34 25.21 176.79 0.055 0.000 0.9694
conv5 117 2.55 -2.09 22.49 24.55 10.08 0.040 0.000 0.9515
conv5 118 1.66 -2.38 21.69 21.86 138.93 0.052 0.000 0.9647
conv5 119 1.08 1.90 18.60 22.20 179.56 0.060 0.001 0.9681
conv5 120 -1.41 -1.88 23.99 25.49 175.94 0.049 0.000 0.9621
conv5 121 0.10 1.10 26.18 25.56 45.71 0.040 -0.000 0.9652
conv5 122 -0.92 -0.21 23.47 22.94 87.74 0.059 -0.000 0.9657
conv5 123 0.94 0.39 21.63 22.39 7.35 0.046 0.000 0.9661
conv5 124 2.25 1.30 22.12 22.77 164.80 0.060 0.000 0.9718
conv5 125 2.66 -4.48 22.48 23.54 9.44 0.050 0.000 0.9605
conv5 126 2.08 -0.81 26.70 27.75 14.67 0.046 -0.000 0.9588
conv5 127 0.23 -1.33 25.07 25.53 148.30 0.056 -0.000 0.9747
conv5 128 2.55 0.98 24.31 26.98 170.36 0.050 -0.000 0.9607
conv5 129 1.63 -3.71 21.81 23.65 10.48 0.045 0.001 0.9598
conv5 130 0.90 0.34 23.62 22.06 78.61 0.051 0.000 0.9657
conv5 131 3.05 -3.03 20.54 23.24 177.78 0.049 0.001 0.9605
conv5 132 1.22 1.96 23.34 21.22 14.66 0.048 0.000 0.9663
conv5 133 1.61 -3.30 21.43 22.70 5.28 0.059 0.000 0.9716
conv5 134 1.04 1.24 25.44 25.75 174.06 0.053 -0.000 0.9558
conv5 135 2.63 0.16 24.86 25.64 173.87 0.041 -0.000 0.9627
conv5 136 2.83 -1.32 30.08 28.86 39.24 0.045 -0.001 0.9539
conv5 137 2.29 -2.52 24.05 20.65 8.35 0.058 0.001 0.9708
conv5 138 0.67 -1.31 22.70 21.21 86.60 0.064 0.000 0.9635
conv5 139 1.55 -2.34 24.66 25.33 14.62 0.041 0.000 0.9577
conv5 140 1.97 -1.05 21.81 23.57 174.86 0.041 0.000 0.9624
conv5 141 3.65 -1.22 21.35 20.99 72.38 0.062 0.001 0.9709
conv5 142 0.89 0.53 24.58 26.01 179.86 0.042 -0.000 0.9669
conv5 143 3.18 2.42 23.54 27.25 11.28 0.050 0.000 0.9524
conv5 144 2.41 -1.93 24.61 25.13 169.62 0.046 0.000 0.9454
conv5 145 0.97 0.82 20.96 23.27 10.19 0.056 0.000 0.9688
conv5 146 1.29 -1.22 21.84 22.54 21.57 0.061 0.000 0.9716
conv5 147 3.71 0.92 21.08 21.73 3.76 0.063 0.000 0.9744
conv5 148 0.32 -5.18 20.73 23.97 5.85 0.047 0.000 0.9457
conv5 149 1.82 -1.93 20.07 19.78 69.14 0.060 0.000 0.9691
conv5 150 1.92 -1.27 22.24 23.50 6.31 0.043 0.000 0.9640
conv5 151 2.04 -3.21 24.49 26.45 170.40 0.053 -0.000 0.9599
conv5 152 1.13 -2.07 20.41 23.05 4.54 0.062 0.000 0.9687
conv5 153 0.22 -1.04 26.75 25.20 75.91 0.052 -0.000 0.9587
conv5 154 1.60 -2.65 23.04 23.56 11.95 0.046 0.000 0.9676
conv5 155 1.78 0.20 21.18 24.06 6.65 0.055 0.000 0.9730
conv5 156 1.21 -1.39 22.82 23.68 0.59 0.054 0.000 0.9634
conv5 157 0.87 0.43 23.03 24.87 2.53 0.058 0.000 0.9684
conv5 158 0.24 -3.46 25.79 25.34 8.79 0.054 -0.000 0.9586
conv5 159 1.35 -2.50 21.98 23.46 17.85 0.046 0.000 0.9664
conv5 160 2.21 1.39 23.40 22.94 100.51 0.052 0.000 0.9669
conv5 161 -0.98 -1.30 24.61 24.11 82.49 0.058 0.000 0.9636
conv5 162 -0.43 -3.35 21.03 22.03 5.39 0.054 0.001 0.9616
conv5 163 2.13 -3.01 29.02 28.54 122.86 0.039 -0.001 0.9611
conv5 164 1.46 -1.55 25.65 26.04 125.96 0.045 -0.000 0.9582
conv5 165 2.86 -2.02 20.64 21.98 99.35 0.060 0.000 0.9676
conv5 166 1.94 -2.14 24.79 26.84 12.57 0.049 -0.000 0.9616
conv5 167 3.28 -0.98 22.25 25.13 174.12 0.052 0.000 0.9686
conv5 168 2.99 -0.02 22.85 23.60 22.04 0.056 0.000 0.9720
conv5 169 1.87 -2.46 22.60 23.61 173.70 0.043 0.000 0.9592
conv5 170 2.55 0.58 24.97 26.74 7.37 0.051 -0.000 0.9618
conv5 171 2.37 0.53 31.31 29.65 170.99 0.041 -0.001 0.9437
conv5 172 3.34 -0.73 21.23 23.91 179.04 0.048 0.000 0.9627
conv5 173 2.16 0.63 22.58 22.21 128.31 0.059 0.000 0.9736
conv5 174 1.76 -1.53 20.40 22.27 9.96 0.061 0.000 0.9731
conv5 175 3.71 -1.97 21.34 23.00 1.44 0.061 0.001 0.9673
conv5 176 3.36 0.94 24.78 26.25 89.21 0.051 -0.000 0.9593
conv5 177 0.54 -1.65 18.37 18.98 6.43 0.054 0.001 0.9676
conv5 178 -0.37 -4.09 21.06 24.15 178.59 0.039 0.000 0.9334
conv5 179 0.12 -1.92 21.66 21.98 169.01 0.062 0.000 0.9745
conv5 180 3.09 -0.79 19.00 24.27 4.10 0.041 0.001 0.9481
conv5 181 3.06 2.90 20.33 23.42 170.86 0.056 0.001 0.9658
conv5 182 3.43 -0.64 21.49 22.39 3.94 0.063 0.000 0.9727
conv5 183 1.24 -1.53 27.57 24.27 176.86 0.049 -0.000 0.9672
conv5 184 2.96 -1.28 22.52 21.65 105.41 0.064 0.000 0.9720
conv5 185 0.65 -0.54 22.11 23.36 8.25 0.045 0.000 0.9660
conv5 186 2.56 -2.86 20.32 21.74 17.79 0.061 0.001 0.9712
conv5 187 -1.06 -1.28 23.67 24.61 6.94 0.047 -0.000 0.9608
conv5 188 3.59 -1.26 22.15 22.81 158.44 0.051 0.000 0.9730
conv5 189 0.79 -5.72 25.24 23.18 11.04 0.042 0.000 0.9556
conv5 190 1.72 -0.56 21.18 23.69 179.54 0.050 0.000 0.9610
conv5 191 1.58 1.31 24.58 25.77 175.19 0.039 0.000 0.9536
conv5 192 1.39 -0.86 21.29 22.97 5.12 0.064 0.000 0.9718
conv5 193 2.13 -1.92 26.22 26.00 144.41 0.049 -0.000 0.9625
conv5 194 1.60 -0.21 21.27 23.14 13.83 0.056 0.000 0.9712
conv5 195 0.51 0.26 23.68 25.25 90.48 0.059 -0.000 0.9604
conv5 196 2.06 0.34 24.27 24.88 58.95 0.050 -0.000 0.9666
conv5 197 1.56 0.65 28.32 27.63 149.25 0.043 -0.001 0.9414
conv5 198 1.27 1.12 23.26 24.93 3.40 0.037 0.000 0.9338
conv5 199 2.60 -1.02 21.89 23.66 12.84 0.045 0.000 0.9620
conv5 200 2.52 2.95 22.49 23.98 1.24 0.040 0.000 0.9596
conv5 201 0.98 0.03 22.76 22.52 88.07 0.059 0.000 0.9716
conv5 202 1.37 -1.69 22.53 25.30 179.17 0.040 0.000 0.9547
conv5 203 3.09 -4.88 22.14 22.37 9.56 0.056 0.000 0.9713
conv5 204 2.77 -3.09 22.36 21.82 77.37 0.061 0.000 0.9712
conv5 205 1.12 -1.88 24.11 24.00 94.11 0.054 -0.000 0.9616
conv5 206 0.12 -0.80 22.85 23.12 161.67 0.048 0.000 0.9603
conv5 207 1.66 -1.95 23.23 22.13 40.49 0.058 0.000 0.9692
conv5 208 0.69 -1.73 26.72 25.82 6.78 0.041 -0.000 0.9501
conv5 209 -1.04 -4.12 21.50 22.29 123.92 0.055 0.001 0.9653
conv5 210 1.15 0.24 26.58 27.92 8.16 0.038 -0.000 0.9461
conv5 211 3.04 -5.94 24.03 25.37 150.62 0.040 0.000 0.9487
conv5 212 2.54 -0.72 19.65 20.65 7.46 0.066 0.000 0.9701
conv5 213 -0.32 -1.10 25.39 24.58 21.33 0.048 -0.000 0.9687
conv5 214 2.54 -2.85 22.91 24.14 12.14 0.054 -0.000 0.9465
conv5 215 1.39 1.19 21.24 21.44 14.88 0.048 0.000 0.9576
conv5 216 1.46 -2.27 20.23 22.81 15.46 0.045 0.000 0.9535
conv5 217 4.39 -2.81 21.84 23.30 5.17 0.061 0.000 0.9716
conv5 218 0.73 -0.91 20.52 21.82 9.89 0.060 0.000 0.9722
conv5 219 0.80 -0.11 28.46 29.74 169.54 0.037 -0.001 0.9503
conv5 220 0.52 0.53 21.39 22.01 15.00 0.061 0.000 0.9670
conv5 221 2.53 -3.17 24.24 25.94 170.69 0.037 -0.000 0.9573
conv5 222 1.90 -0.67 27.93 25.29 179.10 0.040 -0.000 0.9578
conv5 223 1.03 -3.45 21.16 22.25 8.49 0.059 0.000 0.9706
conv5 224 0.76 -2.68 20.40 21.95 1.74 0.062 0.000 0.9720
conv5 225 2.61 -0.33 21.92 20.42 102.74 0.066 0.000 0.9694
conv5 226 3.60 -1.19 21.14 21.89 17.08 0.064 0.000 0.9715
conv5 227 1.38 -1.95 24.89 23.76 38.12 0.057 0.000 0.9673
conv5 228 -0.08 -1.23 20.55 21.53 20.88 0.060 0.000 0.9751
conv5 229 0.49 -4.24 22.95 22.60 46.15 0.058 0.000 0.9700
conv5 230 2.51 1.66 21.96 23.26 177.44 0.059 0.000 0.9706
conv5 231 2.94 -5.09 24.12 25.30 171.21 0.049 -0.000 0.9683
conv5 232 1.06 1.26 21.04 24.48 8.46 0.058 0.001 0.9655
conv5 233 2.09 0.46 25.61 26.11 113.08 0.043 -0.000 0.9615
conv5 234 2.26 0.31 20.90 20.45 76.97 0.064 0.000 0.9654
conv5 235 1.50 -1.58 23.96 23.90 126.33 0.050 0.000 0.9639
conv5 236 0.73 -2.11 19.88 24.47 177.29 0.055 0.000 0.9670
conv5 237 0.18 2.05 22.01 22.75 179.31 0.056 0.000 0.9707
conv5 238 3.47 0.12 23.02 23.83 37.97 0.053 0.000 0.9653
conv5 239 2.76 2.05 23.20 23.79 10.84 0.046 0.000 0.9682
conv5 240 -0.37 -2.21 20.74 24.33 177.74 0.057 0.001 0.9698
conv5 241 0.56 0.52 25.10 25.55 1.58 0.050 -0.000 0.9682
conv5 242 3.70 1.07 24.53 26.39 176.47 0.038 -0.000 0.9445
conv5 243 0.72 -2.88 22.06 23.13 164.62 0.045 0.000 0.9468
conv5 244 0.01 -0.15 20.80 23.72 10.84 0.058 0.000 0.9665
conv5 245 0.62 0.03 20.84 21.79 44.45 0.063 0.001 0.9657
conv5 246 1.47 0.55 25.57 26.18 31.66 0.046 -0.000 0.9671
conv5 247 0.40 -2.37 26.93 27.06 12.69 0.040 -0.000 0.9661
conv5 248 0.13 -3.18 24.56 24.06 144.74 0.034 0.000 0.9523
conv5 249 1.02 -0.94 22.31 23.06 26.23 0.053 0.000 0.9686
conv5 250 1.34 -3.64 21.93 21.04 40.98 0.059 0.000 0.9661
conv5 251 -0.03 -3.29 21.59 21.32 85.48 0.054 0.001 0.9616
conv5 252 1.37 -3.57 26.85 26.18 132.18 0.037 -0.000 0.9599
conv5 253 -1.34 -0.63 23.72 22.79 112.81 0.057 0.000 0.9660
conv5 254 2.85 -3.20 26.68 23.94 6.11 0.056 -0.000 0.9453
conv5 255 1.71 -4.00 23.81 25.20 8.42 0.048 0.000 0.9637
