conv1 0 0.92 2.03 0.49 0.83 6.58 2.383 0.114 0.8587
conv1 1 3.26 -1.39 2.30 1.31 116.82 1.264 0.152 0.7771
conv1 2 1.51 0.71 1.09 0.37 34.08 1.381 0.427 0.1494
conv1 3 -0.13 -0.78 2.26 3.05 175.36 1.218 -0.026 0.6567
conv1 4 0.32 -6.44 0.05 7.53 12.03 5.002 0.414 0.1243
conv1 5 -6.96 -15.76 5.92 0.30 93.04 236.280 0.414 0.2178
conv1 6 0.33 -0.34 0.59 2.37 45.74 1.302 0.408 0.4743
conv1 7 0.22 -0.39 2.95 3.48 171.90 0.829 0.063 0.3276
conv1 8 -3.24 -3.71 1.22 0.89 127.62 1.146 0.402 0.2975
conv1 9 -0.26 0.16 3.72 3.22 152.13 1.049 -0.050 0.4945
conv1 10 -0.81 -2.72 1.60 2.67 161.47 0.910 0.089 0.6014
conv1 11 0.46 0.42 3.07 2.22 96.09 0.636 0.189 0.3122
conv1 12 -2.47 -0.06 3.26 1.79 96.59 0.819 0.077 0.5804
conv1 13 0.13 0.33 2.20 3.79 6.96 1.027 0.008 0.5601
conv1 14 -1.27 0.20 0.52 2.95 11.96 1.538 0.225 0.7039
conv1 15 -6.50 -6.50 1.00 1.00 89.00 -1.000 -1.000 0.0182
conv1 16 0.46 -0.94 5.81 2.67 64.48 0.832 0.051 0.3811
conv1 17 -1.31 -5.92 5.07 1.81 0.67 0.717 0.425 0.1995
conv1 18 0.13 -0.10 2.95 2.30 91.09 0.976 0.016 0.5649
conv1 19 3.59 -2.75 1.20 3.24 172.10 1.066 0.310 0.4824
conv1 20 1.97 2.22 0.26 0.97 92.40 5.881 0.405 0.2126
conv1 21 -2.45 -3.92 2.99 0.15 132.53 3.189 0.384 0.1316
conv1 22 0.38 1.81 0.58 2.23 179.38 1.507 0.301 0.6565
conv1 23 0.03 -0.42 3.07 0.60 99.99 1.376 0.418 0.3715
conv1 24 -0.76 -0.95 3.36 1.89 90.50 0.980 0.009 0.6151
conv1 25 -2.12 0.97 2.43 2.04 75.85 1.210 0.006 0.6392
conv1 26 -2.08 -1.27 1.37 2.56 175.57 0.860 0.141 0.5384
conv1 27 -0.19 0.19 4.04 3.63 106.85 1.431 -0.275 0.4932
conv1 28 -1.21 -0.51 4.39 2.17 96.88 0.871 0.013 0.5019
conv1 29 -9.43 -0.54 4.44 7.36 179.24 1.080 -0.021 0.3861
conv1 30 -1.01 0.12 3.24 1.84 86.10 1.100 0.105 0.5398
conv1 31 -2.43 0.22 0.64 0.68 46.97 1.683 0.050 0.9517
conv1 32 -1.97 -0.84 2.72 0.56 72.71 1.398 0.282 0.6563
conv1 33 1.71 1.09 3.45 1.69 95.76 0.953 0.109 0.6026
conv1 34 1.01 0.11 2.77 1.56 103.57 1.335 0.026 0.6973
conv1 35 3.99 0.29 0.27 1.86 89.45 4.515 0.413 0.2416
conv1 36 -2.37 2.18 2.35 1.75 124.91 1.013 0.236 0.5497
conv1 37 0.42 0.46 0.94 1.47 22.70 1.162 0.269 0.4688
conv1 38 -2.04 -4.54 2.95 0.78 59.14 0.873 0.359 0.2603
conv1 39 0.74 -2.14 0.66 0.73 71.73 1.856 0.061 0.9432
conv1 40 -2.35 -0.70 1.24 0.75 128.52 1.176 0.297 0.3637
conv1 41 0.47 0.65 2.44 2.35 117.06 0.974 0.067 0.5930
conv1 42 -0.19 2.98 0.71 1.59 171.51 1.244 0.446 0.3058
conv1 43 -6.50 -6.50 1.00 1.00 89.00 -1.000 -1.000 -0.0089
conv1 44 0.96 1.01 1.33 2.34 17.42 1.022 0.194 0.4674
conv1 45 -0.62 0.18 0.85 0.76 178.92 1.641 0.077 0.8088
conv1 46 -4.78 -0.82 1.07 0.51 88.39 1.789 0.166 0.7334
conv1 47 3.88 -3.25 3.46 0.27 90.29 1.949 0.451 0.1463
conv1 48 0.03 2.72 1.68 3.39 159.55 0.986 0.033 0.6871
conv1 49 -4.76 -0.81 0.28 4.75 16.94 1.084 0.420 0.2116
conv1 50 -0.82 -0.34 2.53 0.54 125.77 1.303 0.334 0.5872
conv1 51 0.95 3.48 0.28 2.91 9.18 1.048 0.357 0.3047
conv1 52 -2.47 1.77 2.41 1.01 50.98 0.474 0.305 0.1733
conv1 53 4.00 2.64 0.56 0.18 67.97 7.358 0.451 0.1248
conv1 54 -0.77 0.24 0.78 2.68 172.62 1.502 0.244 0.7053
conv1 55 -1.40 -2.10 3.84 1.85 21.40 0.964 0.059 0.5982
conv1 56 -6.50 -6.50 1.00 1.00 89.00 -1.000 -1.000 -0.0061
conv1 57 -0.40 -0.58 1.57 2.74 161.93 0.831 0.126 0.5428
conv1 58 -0.57 -3.18 1.26 2.20 0.72 1.215 0.212 0.6845
conv1 59 2.41 -3.12 2.27 0.29 179.65 1.998 0.446 0.2083
conv1 60 0.71 -0.45 2.63 2.28 145.65 0.746 0.112 0.3643
conv1 61 -3.23 10.48 3.92 6.03 30.16 2.800 0.037 0.6486
conv1 62 -6.50 -6.50 1.00 1.00 89.00 -1.000 -1.000 -0.0288
conv1 63 -1.33 1.75 2.40 1.51 163.18 0.820 0.171 0.5479
conv2 0 0.80 0.04 5.09 6.07 149.16 0.181 0.006 0.9629
conv2 1 -1.81 0.77 9.37 3.29 110.30 0.205 0.010 0.9226
conv2 2 -18.08 -5.78 5.09 3.98 92.37 0.143 0.007 0.9307
conv2 3 1.55 -8.86 12.31 14.86 166.45 0.122 0.002 0.7929
conv2 4 -3.87 -10.43 7.97 13.97 9.82 0.131 0.012 0.7958
conv2 5 -2.20 -4.12 13.71 11.49 127.14 0.126 0.005 0.8946
conv2 6 0.36 2.20 10.59 9.92 120.71 0.121 0.009 0.8857
conv2 7 -2.23 0.16 18.62 12.65 57.46 0.093 0.008 0.6334
conv2 8 -1.22 -4.87 7.18 13.07 164.26 0.139 0.009 0.9124
conv2 9 0.48 -0.38 15.79 15.06 106.25 0.131 -0.004 0.8329
conv2 10 4.84 -8.31 9.75 10.58 170.09 0.146 0.010 0.8971
conv2 11 -0.63 -0.80 7.90 7.21 97.75 0.129 0.021 0.8743
conv2 12 -1.18 -3.37 11.87 4.65 90.44 0.176 0.014 0.9027
conv2 13 -1.79 -2.20 11.39 11.87 151.95 0.139 0.007 0.8923
conv2 14 -8.27 -8.09 12.95 10.11 73.39 0.128 0.007 0.9206
conv2 15 3.29 -2.83 16.13 13.86 124.94 0.135 -0.003 0.8643
conv2 16 -0.52 -4.93 17.31 15.86 4.05 0.133 -0.017 0.6489
conv2 17 5.24 -6.37 43.82 30.13 52.91 0.198 -0.107 0.5465
conv2 18 -1.23 -5.13 13.42 7.31 94.19 0.078 0.024 0.6145
conv2 19 -0.62 -0.49 28.83 26.48 144.69 0.215 -0.108 0.6935
conv2 20 -2.97 1.49 14.11 12.60 113.36 0.111 0.010 0.8088
conv2 21 14.03 -1.51 6.39 5.19 72.14 0.180 0.005 0.9598
conv2 22 -2.69 -3.26 9.10 9.54 8.67 0.121 0.015 0.8612
conv2 23 -1.96 1.14 12.74 12.05 123.32 0.128 0.002 0.8941
conv2 24 -5.48 17.35 4.57 8.03 169.11 0.174 0.008 0.9583
conv2 25 3.79 -0.38 9.17 11.60 18.49 0.131 0.014 0.8658
conv2 26 -0.10 -4.55 4.97 5.28 34.88 0.140 0.049 0.5159
conv2 27 2.77 3.45 7.66 10.35 163.72 0.138 0.014 0.8909
conv2 28 5.18 5.86 1238.81 1112.52 173.32 141.251 -141.170 0.4924
conv2 29 -0.57 -5.00 11.81 10.94 81.55 0.122 0.012 0.8734
conv2 30 0.15 0.63 17.00 12.15 86.24 0.109 0.006 0.7916
conv2 31 -2.83 -2.60 10.23 8.76 88.56 0.151 0.007 0.9282
conv2 32 2.75 1.65 18.59 16.12 25.17 0.132 -0.010 0.7896
conv2 33 2.61 -6.93 12.89 11.06 66.67 0.102 0.011 0.7216
conv2 34 -0.11 1.15 5.06 13.22 1.31 0.160 0.009 0.9359
conv2 35 -3.21 -1.64 10.25 7.03 131.24 0.150 0.012 0.8961
conv2 36 -0.25 -0.93 40.05 38.12 9.60 0.370 -0.266 0.7397
conv2 37 4.97 -1.31 5.64 7.30 178.23 0.168 0.015 0.8664
conv2 38 1.51 7.70 16.83 8.24 7.68 0.131 0.007 0.8775
conv2 39 5.15 -8.44 6.62 10.51 151.92 0.136 0.017 0.8927
conv2 40 2.43 12.86 4.11 5.02 16.32 0.134 0.007 0.8652
conv2 41 -1.53 -1.74 24.54 25.30 172.02 0.166 -0.071 0.7252
conv2 42 1.18 -2.53 13.93 14.29 164.26 0.112 0.004 0.8132
conv2 43 0.45 -6.67 16.62 11.00 95.31 0.090 0.012 0.6252
conv2 44 1.59 -7.71 5.40 9.13 5.50 0.164 0.017 0.8770
conv2 45 -5.36 -10.91 8.92 15.05 13.41 0.104 0.025 0.7919
conv2 46 15.53 0.07 8.62 3.49 73.58 0.191 0.016 0.8834
conv2 47 -1.01 -0.90 10.55 8.24 120.66 0.141 0.011 0.9020
conv2 48 15.09 0.60 4.00 4.36 24.01 0.111 0.008 0.8438
conv2 49 0.25 -1.18 7.13 3.22 152.69 0.203 0.015 0.8806
conv2 50 5.05 6.93 7.93 3.31 31.84 0.202 0.011 0.9287
conv2 51 -10.42 -5.39 11.06 6.12 61.13 0.087 0.044 0.4994
conv2 52 -1.15 -5.79 6.70 5.22 54.38 0.186 0.005 0.9058
conv2 53 6.05 1.23 16.32 14.77 108.50 0.122 0.002 0.7757
conv2 54 0.58 -0.89 11.56 10.77 146.71 0.129 0.009 0.8545
conv2 55 1.62 -3.02 7.09 14.09 11.04 0.096 0.035 0.6763
conv2 56 -1.15 2.78 23.00 19.48 102.19 0.135 -0.026 0.6507
conv2 57 -0.34 3.35 9.42 23.56 175.45 0.118 -0.002 0.6841
conv2 58 -4.51 -0.14 12.88 11.79 130.80 0.130 0.005 0.9136
conv2 59 -8.37 -9.64 10.86 9.21 58.75 0.127 0.008 0.9112
conv2 60 -1.15 -8.71 6.47 2.81 20.27 0.205 0.011 0.9109
conv2 61 -1.21 -1.34 27.87 25.14 48.42 0.213 -0.089 0.7431
conv2 62 -4.26 0.32 8.04 9.36 6.57 0.132 0.020 0.8677
conv2 63 9.86 9.40 9.85 6.86 58.08 0.154 0.013 0.9021
conv2 64 0.86 -4.95 15.17 16.34 151.76 0.120 -0.005 0.7933
conv2 65 2.01 1.11 13.83 11.42 124.65 0.121 0.011 0.8344
conv2 66 0.35 -5.86 5.41 12.58 179.24 0.148 0.020 0.8076
conv2 67 0.56 -1.05 13.62 15.79 164.97 0.149 -0.008 0.8574
conv2 68 0.17 3.15 28.17 22.83 89.17 0.197 -0.077 0.7605
conv2 69 -4.51 -1.43 10.06 7.59 129.40 0.124 0.012 0.7246
conv2 70 0.14 0.80 14.68 13.49 78.63 0.127 -0.004 0.8775
conv2 71 -6.62 -17.66 3.98 7.00 9.08 0.179 0.008 0.9455
conv2 72 -0.00 -3.34 10.19 12.31 2.92 0.124 0.005 0.9191
conv2 73 -11.58 -11.19 11.35 8.99 89.29 0.117 0.019 0.8068
conv2 74 1.07 0.27 9.45 6.07 146.13 0.127 0.017 0.7109
conv2 75 -9.55 9.29 8.46 5.64 135.61 0.138 0.015 0.8721
conv2 76 8.97 -2.14 7.88 4.13 106.75 0.151 0.021 0.6650
conv2 77 2.40 2.29 8.48 8.77 178.63 0.149 0.011 0.8834
conv2 78 -10.69 -0.94 8.76 7.86 66.26 0.123 0.013 0.8686
conv2 79 -8.95 7.89 9.46 5.91 148.16 0.126 0.016 0.8773
conv2 80 -1.52 -12.95 5.01 9.42 179.89 0.173 0.017 0.8685
conv2 81 -0.50 -3.26 13.69 16.35 21.74 0.121 0.005 0.7897
conv2 82 3.08 0.80 5.35 10.87 3.57 0.158 0.008 0.8982
conv2 83 -6.69 -1.47 13.01 12.74 74.35 0.102 0.003 0.7021
conv2 84 0.61 -1.57 13.66 8.21 113.44 0.134 0.011 0.8745
conv2 85 -8.14 0.63 9.11 6.65 127.76 0.128 0.031 0.5743
conv2 86 -0.28 -3.40 20.10 17.10 74.34 0.142 -0.029 0.7620
conv2 87 1.42 -13.49 4.99 9.07 174.96 0.170 0.009 0.9430
conv2 88 -10.88 -1.54 7.45 6.18 12.50 0.162 0.015 0.8673
conv2 89 -0.09 12.62 5.05 10.64 1.88 0.145 0.026 0.8131
conv2 90 4.89 -0.75 9.07 5.22 78.24 0.132 0.035 0.6144
conv2 91 7.86 -4.55 9.67 6.34 119.69 0.144 0.018 0.8349
conv2 92 -5.40 -7.73 3.56 10.62 5.10 0.125 0.034 0.5320
conv2 93 -4.75 0.90 8.96 10.32 168.15 0.109 0.017 0.8261
conv2 94 7.52 8.52 4.21 4.37 21.01 0.165 0.004 0.9595
conv2 95 12.20 2.30 8.44 4.39 93.40 0.177 0.018 0.8867
conv2 96 -10.71 3.44 8.11 4.74 135.23 0.175 0.015 0.8638
conv2 97 -2.02 2.79 14.59 11.39 79.19 0.116 0.007 0.7973
conv2 98 -0.71 7.75 6.71 3.00 23.63 0.207 0.013 0.8670
conv2 99 -12.89 3.90 10.55 5.35 121.72 0.137 0.019 0.8761
conv2 100 7.39 7.93 10.00 4.30 53.80 0.158 0.019 0.8590
conv2 101 -1.43 0.20 6.52 7.29 144.49 0.126 0.014 0.9055
conv2 102 -1.03 1.72 5.32 5.99 137.03 0.142 0.010 0.8939
conv2 103 6.16 -11.91 5.55 11.25 175.81 0.118 0.027 0.7458
conv2 104 -0.84 -0.78 9.88 8.58 76.09 0.141 0.006 0.9323
conv2 105 -11.35 2.71 9.93 6.59 110.83 0.153 0.009 0.9336
conv2 106 -3.16 2.83 12.62 10.87 141.20 0.107 0.010 0.8114
conv2 107 1.42 -1.77 4.21 4.14 79.66 0.146 0.006 0.9365
conv2 108 -3.98 -0.63 18.74 16.91 29.32 0.102 -0.005 0.7158
conv2 109 -1.16 -0.00 16.83 13.66 68.23 0.152 -0.012 0.8595
conv2 110 -1.33 -1.92 11.46 10.80 88.76 0.105 0.006 0.8905
conv2 111 -0.46 -0.06 4.96 14.92 179.99 0.161 0.016 0.9032
conv2 112 -1.35 1.75 11.53 10.34 90.71 0.123 0.007 0.8842
conv2 113 1.42 -1.12 8.00 12.83 165.99 0.142 0.008 0.9075
conv2 114 0.02 -1.51 14.95 22.23 179.67 0.119 -0.005 0.7435
conv2 115 4.72 4.18 17.16 14.53 66.13 0.107 0.001 0.7870
conv2 116 1.48 0.59 4.40 10.66 25.37 0.151 0.012 0.9190
conv2 117 -1.71 -4.31 7.98 9.04 171.79 0.116 0.013 0.8857
conv2 118 5.91 7.80 9.57 6.34 22.91 0.115 0.029 0.7309
conv2 119 -3.30 2.30 8.00 4.15 135.20 0.174 0.012 0.8796
conv2 120 2.32 -2.98 11.84 11.33 8.83 0.137 0.006 0.8380
conv2 121 0.81 -2.90 100.58 94.35 1.85 1.463 -1.367 0.6342
conv2 122 -3.22 -7.26 11.02 12.17 0.44 0.111 0.014 0.8823
conv2 123 -6.95 6.90 10.03 16.41 172.89 0.113 0.019 0.8248
conv2 124 16.04 5.80 7.95 4.81 76.55 0.166 0.011 0.9349
conv2 125 -1.22 -2.31 9.46 7.45 86.21 0.124 0.022 0.8270
conv2 126 -0.50 4.08 11.26 16.36 13.51 0.118 0.004 0.7857
conv2 127 -3.84 -2.50 7.64 4.90 50.90 0.186 0.012 0.8645
conv2 128 0.05 -2.05 14.30 13.13 123.63 0.116 0.006 0.8545
conv2 129 0.97 -1.80 14.73 12.06 20.85 0.127 -0.001 0.8701
conv2 130 -0.81 1.31 11.59 11.02 39.97 0.139 0.007 0.9204
conv2 131 -0.57 11.23 3.36 10.24 178.49 0.199 0.018 0.8806
conv2 132 -1.58 -2.83 18.50 6.75 89.85 0.122 0.012 0.7715
conv2 133 4.41 -4.88 11.96 9.64 112.11 0.132 -0.003 0.7757
conv2 134 -9.52 -6.31 20.03 15.88 122.10 0.098 0.002 0.7267
conv2 135 6.10 -10.47 4.66 5.43 142.15 0.148 0.008 0.9214
conv2 136 -1.41 5.99 14.55 11.02 82.07 0.110 0.016 0.7268
conv2 137 1.44 -1.53 14.34 11.32 75.20 0.138 0.004 0.8821
conv2 138 -0.53 -1.39 17.96 16.19 91.35 0.135 -0.019 0.7412
conv2 139 9.15 -10.58 14.68 10.05 78.07 0.133 0.001 0.8913
conv2 140 2.10 -0.47 12.07 9.72 59.34 0.139 0.003 0.9362
conv2 141 0.97 2.86 9.03 7.88 124.68 0.137 0.012 0.8707
conv2 142 -2.49 6.49 8.54 13.08 6.27 0.102 0.009 0.8792
conv2 143 -10.17 4.04 10.15 4.09 89.56 0.174 0.017 0.8756
conv2 144 0.62 -4.41 9.09 11.22 176.25 0.143 0.002 0.8639
conv2 145 -9.03 -1.61 8.26 8.60 31.51 0.130 0.012 0.8383
conv2 146 2.67 -4.61 10.47 9.78 90.24 0.125 0.007 0.9158
conv2 147 -2.23 12.45 7.76 3.51 169.03 0.180 0.016 0.8681
conv2 148 1.82 -0.05 11.16 8.19 91.32 0.147 0.006 0.9477
conv2 149 1.86 -5.84 9.26 10.93 172.77 0.130 0.008 0.8991
conv2 150 3.89 -5.89 7.50 5.88 125.15 0.157 0.022 0.8587
conv2 151 -2.72 5.10 11.21 15.06 1.31 0.131 0.016 0.8425
conv2 152 -1.07 -1.58 13.58 15.82 4.48 0.134 -0.008 0.8655
conv2 153 0.28 3.01 5.95 9.77 22.17 0.147 0.011 0.8968
conv2 154 1.63 -2.02 7.54 10.30 174.88 0.137 0.012 0.8919
conv2 155 -3.11 -0.03 8.81 6.07 42.28 0.146 0.010 0.9219
conv2 156 -0.06 0.35 6.64 13.40 4.50 0.142 0.013 0.8895
conv2 157 -9.81 0.03 8.46 5.24 136.58 0.131 0.030 0.6941
conv2 158 -1.09 -11.62 6.69 5.89 125.91 0.137 0.024 0.7579
conv2 159 -3.40 -3.13 9.43 2.74 69.22 0.202 0.012 0.9011
conv2 160 9.06 -0.10 17.90 12.12 85.27 0.142 -0.009 0.8196
conv2 161 -0.19 -1.09 10.66 13.33 178.56 0.118 0.011 0.8469
conv2 162 -2.54 -4.94 20.02 16.86 97.72 0.137 -0.017 0.8083
conv2 163 -2.29 -11.16 3.47 6.58 177.05 0.194 0.015 0.8646
conv2 164 -0.39 5.94 14.97 13.16 88.08 0.115 0.007 0.7838
conv2 165 -6.42 8.43 17.38 11.56 109.49 0.075 0.021 0.5896
conv2 166 0.83 -1.94 19.68 22.50 4.48 0.134 -0.030 0.7131
conv2 167 3.17 3.25 9.48 6.35 69.93 0.145 0.010 0.8873
conv2 168 0.06 -1.54 7.77 9.78 167.02 0.143 0.012 0.8541
conv2 169 3.35 -1.89 8.42 3.87 157.63 0.165 0.017 0.8382
conv2 170 1.81 -1.96 11.90 9.41 107.68 0.138 0.006 0.9045
conv2 171 6.10 2.02 12.90 10.29 88.39 0.151 -0.007 0.8252
conv2 172 0.02 1.24 14.29 13.31 20.93 0.128 -0.003 0.9094
conv2 173 -1.21 -8.16 9.79 18.40 1.20 0.044 0.033 0.3535
conv2 174 -2.78 7.72 22.87 16.36 139.51 0.096 -0.003 0.5699
conv2 175 -4.04 -2.70 15.43 16.53 177.70 0.114 0.004 0.7161
conv2 176 -0.82 -5.12 19.71 17.83 156.56 0.122 -0.013 0.7759
conv2 177 -4.80 12.71 5.61 12.12 172.60 0.121 0.029 0.6992
conv2 178 5.43 -12.77 4.98 7.65 133.22 0.148 0.014 0.8852
conv2 179 -13.05 13.55 8.59 5.36 140.57 0.163 0.013 0.8895
conv2 180 0.13 -1.17 9.64 8.48 68.74 0.116 0.018 0.8313
conv2 181 -0.17 -2.87 14.33 15.03 160.17 0.122 0.005 0.7979
conv2 182 -14.14 2.03 6.83 4.65 77.18 0.158 0.018 0.8236
conv2 183 -1.03 -1.37 12.69 14.11 143.33 0.139 0.007 0.8540
conv2 184 -1.55 0.73 17.37 20.95 159.48 0.142 -0.022 0.7869
conv2 185 -5.22 -5.23 8.74 9.21 173.70 0.149 0.004 0.8683
conv2 186 0.59 -4.43 9.34 11.06 167.98 0.124 0.011 0.8800
conv2 187 -3.51 -16.14 13.45 4.60 5.99 0.124 0.031 0.7370
conv2 188 -11.89 -3.30 7.36 3.72 78.57 0.185 0.017 0.8780
conv2 189 12.42 -7.01 5.19 5.60 149.47 0.170 0.021 0.8755
conv2 190 0.52 -0.01 25.61 30.03 25.51 0.180 -0.082 0.6975
conv2 191 -0.86 -0.77 10.45 9.08 112.56 0.105 0.023 0.7176
conv3 0 -1.38 2.38 14.66 18.35 30.53 0.038 0.002 0.9091
conv3 1 -0.73 -1.88 15.42 13.33 12.25 0.049 0.001 0.8865
conv3 2 4.97 1.21 14.16 12.86 96.21 0.048 0.001 0.9502
conv3 3 5.21 8.19 17.54 16.66 93.19 0.040 0.000 0.9417
conv3 4 -0.60 -5.22 16.60 17.82 14.95 0.046 0.001 0.9565
conv3 5 2.56 -4.78 15.80 20.57 1.42 0.046 0.001 0.9451
conv3 6 9.52 4.85 17.09 23.54 177.37 0.034 -0.001 0.8751
conv3 7 0.15 -4.45 14.96 14.25 88.45 0.050 0.002 0.9167
conv3 8 -6.32 -1.04 10.84 10.74 49.32 0.055 0.002 0.9474
conv3 9 -0.28 4.92 15.38 16.14 64.16 0.043 0.002 0.9085
conv3 10 2.64 1.61 15.82 16.77 147.88 0.048 0.001 0.9536
conv3 11 -8.64 1.18 19.25 15.83 157.78 0.038 0.002 0.8330
conv3 12 0.54 3.18 19.27 16.73 23.01 0.039 0.001 0.9022
conv3 13 2.90 -1.26 34.20 35.42 35.19 0.040 -0.010 0.7877
conv3 14 -1.90 -1.64 18.68 16.02 160.92 0.039 0.002 0.9161
conv3 15 2.87 2.15 24.07 26.11 3.31 0.036 -0.003 0.8291
conv3 16 -2.04 -7.18 16.23 21.00 26.24 0.045 0.001 0.8946
conv3 17 0.44 0.63 18.56 20.52 177.94 0.045 0.001 0.9008
conv3 18 -4.10 -3.39 11.57 13.17 166.34 0.062 0.002 0.9472
conv3 19 2.32 -1.71 16.22 17.43 8.90 0.036 0.001 0.8836
conv3 20 2.57 0.80 17.71 19.12 5.93 0.031 0.000 0.9319
conv3 21 0.38 3.87 12.66 11.47 153.16 0.042 0.002 0.8900
conv3 22 -2.86 -1.11 13.00 19.99 168.72 0.044 0.001 0.9275
conv3 23 -0.70 -1.53 14.87 9.55 89.31 0.060 0.002 0.9558
conv3 24 3.03 -0.81 21.43 18.83 23.67 0.036 0.001 0.8413
conv3 25 1.37 -0.56 27.39 23.75 145.92 0.037 -0.003 0.8907
conv3 26 0.62 -3.93 12.43 14.49 4.05 0.049 0.002 0.9516
conv3 27 0.73 0.10 11.58 18.40 144.80 0.050 0.002 0.9362
conv3 28 4.14 -0.31 16.03 12.65 84.43 0.050 0.002 0.9447
conv3 29 3.85 -4.79 19.59 14.46 85.74 0.052 0.001 0.8889
conv3 30 0.25 -3.67 19.58 17.65 82.49 0.039 0.001 0.9330
conv3 31 -3.22 -8.81 15.75 18.07 172.05 0.039 0.000 0.9420
conv3 32 3.47 5.96 16.66 13.72 103.41 0.051 0.003 0.8918
conv3 33 -0.18 -0.52 22.50 20.84 99.56 0.041 -0.001 0.9121
conv3 34 0.76 -4.29 7.82 14.40 169.17 0.053 0.002 0.8988
conv3 35 -7.08 -0.01 14.78 12.90 53.81 0.044 0.002 0.9347
conv3 36 0.31 -1.39 15.00 14.27 98.56 0.043 0.002 0.9425
conv3 37 0.80 -3.40 18.00 23.92 2.93 0.041 0.000 0.9150
conv3 38 1.58 1.28 14.17 13.77 102.75 0.046 0.003 0.9091
conv3 39 3.14 -1.67 17.50 19.90 15.84 0.045 0.001 0.9499
conv3 40 -0.18 1.96 14.83 19.47 7.53 0.048 0.002 0.9426
conv3 41 -0.48 -3.00 24.49 26.81 2.08 0.037 -0.003 0.9185
conv3 42 -2.85 -8.81 24.76 22.34 162.58 0.037 -0.002 0.8611
conv3 43 -3.71 -1.40 21.30 25.74 2.72 0.038 -0.001 0.9077
conv3 44 1.06 1.42 14.67 15.24 37.02 0.049 0.001 0.9601
conv3 45 12.49 1.30 12.83 22.48 176.64 0.029 0.000 0.8432
conv3 46 0.34 -0.13 30.30 29.66 160.94 0.042 -0.007 0.8613
conv3 47 -0.42 -2.37 28.27 25.62 8.70 0.035 -0.004 0.8810
conv3 48 -2.41 -0.77 24.92 23.36 89.50 0.043 -0.004 0.8629
conv3 49 0.43 -1.20 13.34 14.53 169.31 0.054 0.002 0.9536
conv3 50 -8.31 -4.36 14.96 16.45 158.42 0.041 0.002 0.8877
conv3 51 1.84 -0.05 14.65 15.82 58.10 0.041 0.003 0.9269
conv3 52 2.52 3.07 10.32 11.31 175.09 0.066 0.002 0.9522
conv3 53 -6.68 -11.85 15.70 12.78 37.13 0.033 0.002 0.7868
conv3 54 -5.11 0.59 17.16 11.82 34.90 0.044 0.002 0.9442
conv3 55 -0.91 -1.08 13.36 14.36 24.27 0.055 0.002 0.9495
conv3 56 4.95 3.49 13.60 15.35 167.50 0.043 0.002 0.8835
conv3 57 0.12 -2.18 17.75 18.85 169.74 0.037 0.001 0.9373
conv3 58 5.15 -1.24 18.89 16.03 122.29 0.041 0.001 0.9425
conv3 59 -1.37 -0.92 21.61 21.20 72.75 0.047 -0.000 0.9446
conv3 60 -3.24 -4.92 19.33 17.88 170.01 0.044 0.001 0.9451
conv3 61 3.32 2.09 11.96 11.61 166.16 0.059 0.001 0.9596
conv3 62 1.07 -2.62 20.79 21.31 24.49 0.049 -0.001 0.9483
conv3 63 -2.15 0.18 12.58 14.67 168.79 0.050 0.001 0.8361
conv3 64 1.25 0.76 28.28 22.65 177.32 0.026 -0.002 0.7307
conv3 65 0.97 0.42 14.94 15.87 147.84 0.040 0.002 0.9140
conv3 66 1.10 5.06 21.27 19.81 170.87 0.039 -0.000 0.8901
conv3 67 -0.42 -2.26 16.15 15.05 104.00 0.050 0.001 0.9483
conv3 68 1.37 0.12 17.21 16.06 137.30 0.042 0.001 0.9334
conv3 69 -0.04 -0.22 23.54 21.85 120.91 0.041 -0.001 0.9307
conv3 70 -0.43 0.89 23.33 24.61 9.82 0.036 -0.003 0.8430
conv3 71 -1.98 -25.57 6.54 17.85 1.50 0.051 0.005 0.7484
conv3 72 3.02 9.69 37.00 29.61 178.74 0.030 -0.004 0.7270
conv3 73 -1.29 -0.38 18.42 15.59 49.04 0.040 0.001 0.8295
conv3 74 4.12 -0.28 12.92 15.05 11.67 0.044 0.002 0.9123
conv3 75 3.21 1.26 11.50 15.71 175.81 0.038 0.001 0.8717
conv3 76 3.05 -9.11 21.46 26.21 8.81 0.034 -0.000 0.7890
conv3 77 0.60 -3.13 8.61 15.32 161.40 0.048 0.003 0.8971
conv3 78 -0.64 3.25 20.94 26.80 2.70 0.034 -0.002 0.8500
conv3 79 0.88 -7.36 11.99 13.65 5.41 0.038 0.002 0.9004
conv3 80 1.28 -1.23 27.36 28.13 173.52 0.037 -0.005 0.8600
conv3 81 -2.13 3.80 19.79 20.76 22.13 0.037 0.001 0.8934
conv3 82 -1.56 6.74 18.37 17.52 90.31 0.037 0.001 0.8904
conv3 83 -2.50 -4.34 19.02 18.05 106.13 0.046 0.001 0.9323
conv3 84 -5.99 -1.58 20.87 17.46 172.13 0.036 0.001 0.8915
conv3 85 -0.39 1.21 25.00 22.92 130.91 0.042 -0.002 0.8689
conv3 86 -0.93 -3.40 17.80 16.15 49.49 0.040 0.002 0.9340
conv3 87 12.07 1.15 18.21 24.39 172.36 0.025 -0.000 0.8381
conv3 88 4.49 1.68 11.38 12.46 113.21 0.058 0.002 0.9550
conv3 89 3.80 -8.20 18.28 15.57 80.85 0.037 0.001 0.9242
conv3 90 5.40 1.51 13.18 14.20 29.55 0.047 0.002 0.9304
conv3 91 -3.03 0.99 13.67 10.43 91.18 0.047 0.003 0.9002
conv3 92 2.85 -1.24 17.81 23.27 6.95 0.033 -0.001 0.8909
conv3 93 1.25 -1.20 15.62 14.20 103.13 0.048 0.002 0.9480
conv3 94 -2.91 -19.74 7.54 11.32 18.47 0.052 0.003 0.9045
conv3 95 7.87 4.16 10.17 11.73 25.61 0.049 0.002 0.9310
conv3 96 1.06 7.44 32.20 34.93 2.93 0.031 -0.007 0.7122
conv3 97 3.51 -0.49 19.83 21.68 132.46 0.040 -0.000 0.9516
conv3 98 -5.20 5.40 20.62 18.54 93.39 0.041 0.001 0.9446
conv3 99 -7.06 -1.30 13.02 13.81 36.23 0.046 0.003 0.9163
conv3 100 0.44 1.00 15.87 10.95 120.09 0.051 0.002 0.9331
conv3 101 0.98 0.79 17.79 21.82 1.70 0.047 0.001 0.9473
conv3 102 -3.42 -2.67 11.14 15.92 2.32 0.040 0.003 0.8971
conv3 103 -0.80 -5.16 10.89 15.74 30.42 0.036 0.002 0.8799
conv3 104 0.83 -1.79 16.21 13.72 121.78 0.048 0.002 0.9249
conv3 105 -1.98 -1.60 17.33 14.04 169.68 0.049 0.002 0.9504
conv3 106 -4.58 2.92 15.50 22.96 2.46 0.043 0.000 0.9210
conv3 107 -22.63 -1.67 9.57 6.70 94.86 0.060 0.003 0.8961
conv3 108 1.64 -7.68 15.78 12.58 176.89 0.053 0.002 0.9609
conv3 109 0.27 -0.89 24.99 26.17 84.70 0.041 -0.004 0.8706
conv3 110 6.40 3.03 18.28 13.18 92.90 0.048 0.001 0.9080
conv3 111 -1.88 -3.62 15.23 17.24 0.37 0.041 0.002 0.9132
conv3 112 -3.69 -3.04 21.75 20.65 46.53 0.039 0.000 0.9104
conv3 113 -0.36 -10.02 14.74 17.68 9.01 0.042 0.001 0.9622
conv3 114 -0.06 -4.29 22.55 18.43 45.64 0.039 0.001 0.8653
conv3 115 -0.40 -2.22 17.14 18.29 49.70 0.040 0.001 0.8983
conv3 116 -2.87 -1.38 14.25 21.62 33.30 0.043 0.001 0.9288
conv3 117 1.04 -1.20 17.08 19.15 173.60 0.042 0.001 0.9149
conv3 118 2.90 -2.11 22.67 23.10 63.33 0.029 -0.002 0.8106
conv3 119 5.27 -5.26 13.58 17.73 13.18 0.042 0.002 0.9275
conv3 120 1.18 0.26 16.76 22.20 174.42 0.040 0.000 0.9203
conv3 121 -2.94 -1.98 19.57 16.67 112.21 0.045 0.001 0.9464
conv3 122 10.78 6.94 17.39 31.07 0.93 0.026 -0.001 0.8459
conv3 123 3.23 -13.97 10.73 9.61 119.40 0.064 0.002 0.9568
conv3 124 -0.15 -0.60 20.01 18.84 94.56 0.040 0.001 0.9255
conv3 125 -0.44 1.97 18.99 19.36 20.08 0.039 0.001 0.9374
conv3 126 -1.38 1.94 26.45 25.28 61.88 0.044 -0.004 0.9037
conv3 127 3.95 3.70 14.51 18.74 171.61 0.046 0.001 0.9423
conv3 128 0.17 -1.46 19.21 18.16 81.59 0.049 0.001 0.9530
conv3 129 1.24 -9.57 12.90 17.87 8.24 0.041 0.002 0.8242
conv3 130 2.50 -0.83 12.61 17.70 176.19 0.050 0.001 0.8907
conv3 131 -0.83 -2.67 20.87 21.25 14.80 0.042 -0.000 0.9485
conv3 132 0.28 -0.78 24.35 25.88 173.57 0.044 -0.003 0.9296
conv3 133 1.51 -4.32 16.42 14.02 94.64 0.050 0.001 0.9500
conv3 134 -3.44 2.67 18.27 16.52 106.42 0.039 0.001 0.9379
conv3 135 0.83 -0.90 25.59 24.71 78.34 0.036 -0.003 0.8953
conv3 136 -4.61 8.86 18.50 15.24 83.52 0.037 0.002 0.8540
conv3 137 -1.54 -0.91 18.78 17.82 160.28 0.041 0.001 0.9482
conv3 138 7.74 7.67 9.16 8.27 52.27 0.062 0.003 0.9324
conv3 139 0.81 -0.31 21.50 22.66 152.01 0.037 -0.001 0.8521
conv3 140 1.70 1.22 13.01 14.00 14.32 0.046 0.002 0.9231
conv3 141 0.22 0.22 18.44 17.16 84.75 0.050 0.001 0.9590
conv3 142 1.04 -11.30 16.73 15.45 92.74 0.045 0.002 0.9353
conv3 143 -0.65 -6.37 11.59 12.19 5.29 0.066 0.001 0.9636
conv3 144 -1.83 -1.20 14.67 20.83 175.72 0.042 0.001 0.9211
conv3 145 0.38 1.96 19.27 22.13 179.66 0.041 -0.000 0.9307
conv3 146 -3.15 4.60 13.66 11.90 88.22 0.057 0.002 0.9547
conv3 147 6.91 -0.90 14.11 16.82 166.67 0.039 0.000 0.8875
conv3 148 4.04 0.59 24.47 23.22 110.44 0.038 -0.003 0.8875
conv3 149 -2.82 -1.63 18.26 23.83 175.08 0.039 0.000 0.9368
conv3 150 -0.79 -5.47 13.24 12.63 8.99 0.045 0.003 0.8655
conv3 151 -1.64 -1.88 15.28 15.65 25.55 0.045 0.002 0.9312
conv3 152 3.53 -5.32 12.18 15.12 176.74 0.040 0.002 0.9125
conv3 153 1.36 1.54 25.54 27.32 144.13 0.033 -0.004 0.8595
conv3 154 -2.46 0.08 21.53 20.02 98.84 0.047 -0.001 0.9323
conv3 155 -9.62 -4.46 26.44 25.10 37.95 0.032 -0.001 0.7334
conv3 156 -0.56 0.72 11.43 18.28 1.41 0.055 0.003 0.9393
conv3 157 -1.83 -5.70 16.34 18.00 176.34 0.039 0.001 0.9362
conv3 158 -0.18 -3.37 9.85 18.18 1.52 0.047 0.003 0.9109
conv3 159 0.15 -3.51 14.79 14.43 59.33 0.052 0.001 0.9434
conv3 160 -0.04 -3.47 18.06 21.70 176.06 0.039 0.001 0.8607
conv3 161 0.17 3.92 12.75 13.18 24.49 0.042 0.002 0.9160
conv3 162 -1.00 -0.06 16.75 13.75 104.10 0.050 0.001 0.9546
conv3 163 3.83 12.23 7.45 9.18 49.14 0.052 0.002 0.9290
conv3 164 -2.39 1.63 22.09 22.90 151.31 0.038 -0.001 0.9405
conv3 165 6.45 0.57 15.40 16.31 127.33 0.042 0.002 0.9197
conv3 166 2.46 2.15 15.08 20.68 1.07 0.037 0.001 0.7783
conv3 167 2.34 0.87 12.34 9.93 62.44 0.048 0.002 0.9366
conv3 168 0.26 0.40 18.26 17.14 96.28 0.040 0.002 0.9377
conv3 169 7.71 3.46 15.51 22.80 178.92 0.029 0.001 0.8660
conv3 170 1.96 -1.18 17.47 17.93 160.15 0.042 0.002 0.9380
conv3 171 -2.84 0.76 17.20 18.63 8.34 0.057 0.001 0.9512
conv3 172 -4.72 -11.97 17.03 20.05 173.73 0.042 0.001 0.9306
conv3 173 -0.83 -1.61 12.46 21.38 24.80 0.045 0.001 0.9202
conv3 174 -5.06 -2.92 18.62 16.53 132.81 0.038 0.001 0.8010
conv3 175 -1.46 2.03 20.22 18.04 111.58 0.030 0.002 0.9071
conv3 176 1.30 -1.80 16.55 12.64 93.97 0.050 0.002 0.9359
conv3 177 0.11 -0.04 19.53 18.21 15.06 0.042 0.000 0.9485
conv3 178 2.46 -0.74 23.30 21.04 98.50 0.049 -0.001 0.9385
conv3 179 -1.75 -5.94 18.61 15.31 64.80 0.040 0.001 0.9435
conv3 180 3.99 -4.25 11.47 11.18 96.70 0.052 0.003 0.9179
conv3 181 0.78 -2.31 13.61 11.47 130.40 0.048 0.002 0.9388
conv3 182 -0.98 -0.87 15.80 16.49 136.70 0.044 0.002 0.9486
conv3 183 5.89 0.58 21.63 17.10 12.10 0.038 0.001 0.9067
conv3 184 2.40 2.54 18.90 16.59 165.50 0.046 0.001 0.9305
conv3 185 4.55 2.57 14.25 15.16 14.60 0.038 0.002 0.9125
conv3 186 -1.02 1.67 11.26 24.87 1.91 0.047 0.001 0.9150
conv3 187 -4.16 -1.87 18.83 15.06 106.79 0.038 0.002 0.8877
conv3 188 1.07 3.65 8.20 13.77 179.94 0.050 0.003 0.8813
conv3 189 0.34 2.90 15.02 15.55 149.38 0.055 0.001 0.9406
conv3 190 -0.33 0.52 18.99 13.41 86.10 0.047 0.001 0.8876
conv3 191 3.93 18.14 9.36 15.73 11.01 0.047 0.003 0.8218
conv3 192 0.37 -9.66 14.74 21.22 5.81 0.039 0.002 0.8824
conv3 193 -1.67 -1.92 19.81 19.37 106.06 0.039 0.000 0.9207
conv3 194 0.14 -2.02 18.79 16.36 88.90 0.046 0.001 0.9357
conv3 195 0.06 5.97 22.69 13.40 90.35 0.043 0.002 0.8953
conv3 196 -3.27 4.24 16.89 15.19 44.28 0.045 0.001 0.9494
conv3 197 2.60 -0.27 17.29 14.36 90.45 0.041 0.002 0.8724
conv3 198 0.56 5.66 12.58 20.97 0.58 0.049 0.001 0.9208
conv3 199 0.87 -3.18 21.28 18.93 99.83 0.035 0.000 0.9436
conv3 200 -1.91 -1.23 22.12 20.76 129.96 0.044 -0.001 0.9230
conv3 201 -0.92 1.99 27.22 27.02 55.57 0.044 -0.005 0.9062
conv3 202 -1.92 1.76 20.36 18.10 112.43 0.046 0.001 0.9274
conv3 203 -2.20 -2.80 16.09 13.68 150.14 0.040 0.001 0.8945
conv3 204 1.52 -0.68 21.78 19.80 65.42 0.041 -0.000 0.9434
conv3 205 4.00 3.95 17.69 10.63 43.93 0.049 0.003 0.9214
conv3 206 2.73 8.16 23.12 23.80 8.09 0.029 -0.000 0.8044
conv3 207 7.03 4.98 27.13 31.82 19.72 0.027 -0.003 0.6150
conv3 208 3.70 -6.24 20.71 25.33 1.57 0.035 -0.001 0.8472
conv3 209 2.45 0.25 10.71 13.10 173.87 0.048 0.002 0.9115
conv3 210 2.42 -1.20 16.50 13.24 66.22 0.055 0.001 0.9247
conv3 211 1.33 -3.21 23.57 18.71 81.56 0.041 0.000 0.9277
conv3 212 1.31 0.64 18.50 14.95 93.29 0.045 0.001 0.8835
conv3 213 -6.26 2.82 6.88 6.60 108.92 0.068 0.002 0.9379
conv3 214 -0.65 -3.07 34.38 33.00 139.53 0.040 -0.009 0.8003
conv3 215 4.40 1.58 15.23 12.47 82.17 0.044 0.003 0.8663
conv3 216 -0.38 -2.86 16.24 14.59 97.95 0.058 0.002 0.9611
conv3 217 -2.47 2.53 18.23 14.96 126.11 0.037 0.002 0.8744
conv3 218 -1.34 2.19 20.75 19.76 99.91 0.042 -0.001 0.8963
conv3 219 1.42 1.67 14.95 18.35 173.87 0.049 0.001 0.9334
conv3 220 -2.79 -0.92 15.64 12.03 126.06 0.048 0.002 0.9170
conv3 221 3.09 4.15 12.27 11.84 130.20 0.055 0.002 0.9445
conv3 222 14.69 -7.43 16.07 12.91 120.17 0.042 0.002 0.9257
conv3 223 3.63 0.18 10.06 9.68 109.23 0.052 0.002 0.9185
conv3 224 3.90 1.80 19.72 18.57 51.61 0.043 0.001 0.9309
conv3 225 -1.12 -1.61 24.93 24.46 110.46 0.041 -0.002 0.9008
conv3 226 0.16 2.90 11.07 14.05 12.36 0.053 0.001 0.8941
conv3 227 -1.97 1.15 21.08 11.19 81.95 0.052 0.002 0.9223
conv3 228 2.80 1.20 14.98 16.62 12.11 0.050 0.001 0.9460
conv3 229 0.14 -2.92 19.03 19.59 176.65 0.045 0.001 0.9537
conv3 230 -2.33 -5.21 17.28 17.65 143.38 0.047 0.001 0.9549
conv3 231 -2.98 2.83 22.01 9.84 69.34 0.049 0.002 0.9095
conv3 232 1.42 0.32 18.59 17.78 87.99 0.030 0.001 0.9016
conv3 233 -3.12 -2.20 12.14 11.81 70.69 0.058 0.001 0.9595
conv3 234 5.48 2.77 19.92 18.21 71.18 0.037 0.002 0.8735
conv3 235 -0.85 7.15 18.44 12.84 34.18 0.042 0.003 0.8250
conv3 236 -2.92 -4.62 17.49 19.98 171.57 0.044 0.000 0.9411
conv3 237 7.54 8.42 14.91 20.44 35.14 0.034 0.002 0.8642
conv3 238 -2.41 -4.29 21.73 14.90 161.09 0.043 0.001 0.9404
conv3 239 2.02 -1.08 10.15 9.43 91.15 0.051 0.002 0.9320
conv3 240 2.36 0.15 31.69 29.25 158.37 0.035 -0.006 0.7140
conv3 241 2.25 -3.52 21.77 20.33 49.73 0.036 0.000 0.9099
conv3 242 -0.16 0.98 14.09 14.42 111.05 0.053 0.002 0.9489
conv3 243 11.65 5.15 16.01 11.14 46.47 0.042 0.002 0.9267
conv3 244 -0.59 -1.40 12.57 16.25 10.56 0.054 0.001 0.9026
conv3 245 9.17 -0.85 23.49 18.29 89.07 0.037 0.001 0.9113
conv3 246 -4.33 -5.98 19.62 18.54 119.48 0.040 0.001 0.9298
conv3 247 -0.92 -4.58 14.01 12.61 109.19 0.051 0.001 0.9158
conv3 248 2.55 -2.74 23.93 24.69 175.34 0.038 -0.002 0.9042
conv3 249 8.37 8.09 15.35 17.98 1.03 0.041 0.000 0.9483
conv3 250 2.75 9.37 15.80 21.96 16.97 0.034 0.003 0.7579
conv3 251 1.12 1.86 20.27 22.00 9.44 0.039 -0.001 0.8641
conv3 252 1.16 -0.88 17.62 15.78 102.71 0.043 0.002 0.9191
conv3 253 5.58 6.35 11.65 13.30 13.60 0.054 0.003 0.9364
conv3 254 22.21 6.20 27.95 17.18 33.44 0.024 0.001 0.6643
conv3 255 0.91 -1.59 21.44 20.48 84.96 0.032 0.000 0.9234
conv3 256 -0.09 3.09 15.72 14.17 91.48 0.040 0.001 0.9613
conv3 257 -0.44 -0.17 24.96 25.46 28.46 0.039 -0.003 0.8733
conv3 258 -0.07 0.61 13.19 12.53 96.93 0.045 0.001 0.9431
conv3 259 -1.13 -4.03 15.46 16.79 166.48 0.044 0.001 0.8861
conv3 260 -7.73 7.44 11.91 14.33 174.21 0.050 0.002 0.9058
conv3 261 1.91 -10.78 13.60 11.31 68.26 0.045 0.001 0.9249
conv3 262 0.52 -1.76 20.86 21.94 162.32 0.040 -0.001 0.8777
conv3 263 1.41 -5.91 31.97 35.27 7.19 0.042 -0.009 0.7349
conv3 264 5.23 2.95 18.28 19.23 144.97 0.033 0.001 0.9249
conv3 265 -0.74 -3.27 16.09 15.32 65.09 0.045 0.001 0.9250
conv3 266 0.06 -1.70 15.86 13.47 90.56 0.055 0.002 0.9582
conv3 267 -2.04 -3.22 19.27 13.72 125.14 0.047 0.002 0.9335
conv3 268 0.44 -1.66 9.89 12.51 137.65 0.052 0.002 0.9287
conv3 269 -0.03 0.48 22.81 23.36 120.23 0.031 -0.001 0.9264
conv3 270 -2.42 -3.56 26.07 24.50 131.64 0.035 -0.002 0.9181
conv3 271 -6.11 5.53 17.57 12.94 129.63 0.038 0.002 0.9067
conv3 272 0.39 -7.39 20.16 22.83 155.12 0.039 -0.000 0.8859
conv3 273 -4.54 1.05 12.01 6.93 82.18 0.054 0.002 0.9376
conv3 274 -0.03 -2.12 19.79 20.11 128.11 0.049 -0.001 0.9438
conv3 275 -3.24 -3.21 17.20 15.56 97.58 0.041 0.001 0.8975
conv3 276 0.44 -4.96 18.35 16.61 163.70 0.046 0.001 0.9351
conv3 277 -2.69 2.40 18.92 15.11 48.05 0.044 0.001 0.9200
conv3 278 5.65 -6.30 14.53 11.67 112.67 0.047 0.002 0.9272
conv3 279 -0.67 -3.89 14.90 15.82 174.50 0.045 0.002 0.9185
conv3 280 1.67 -5.04 6.78 14.44 3.08 0.057 0.002 0.9273
conv3 281 -1.21 -4.79 18.60 20.32 4.00 0.040 0.001 0.9106
conv3 282 1.04 -1.08 19.99 18.51 60.57 0.047 0.001 0.9363
conv3 283 8.78 -5.07 14.96 27.86 1.71 0.037 0.001 0.8345
conv3 284 18.78 2.42 16.59 26.18 170.98 0.031 0.000 0.8553
conv3 285 -1.76 -9.40 17.47 21.44 177.32 0.034 0.000 0.8461
conv3 286 1.33 -3.78 20.40 19.94 83.83 0.037 -0.000 0.8833
conv3 287 2.36 -2.44 31.77 27.09 32.00 0.036 -0.005 0.8216
conv3 288 -1.93 4.03 26.03 25.17 60.00 0.042 -0.001 0.9054
conv3 289 -0.80 6.56 31.30 30.70 123.98 0.038 -0.007 0.7817
conv3 290 -3.77 2.85 15.89 19.10 179.04 0.044 0.001 0.9237
conv3 291 17.64 -1.97 17.35 9.48 101.90 0.046 0.003 0.8560
conv3 292 15.48 -1.30 17.94 15.63 60.52 0.042 0.002 0.8978
conv3 293 0.21 -2.85 17.83 20.40 172.00 0.048 0.001 0.9530
conv3 294 1.21 -0.63 14.34 11.36 175.11 0.046 0.002 0.9366
conv3 295 2.93 -5.86 21.21 19.97 108.66 0.031 0.001 0.9099
conv3 296 2.86 0.50 14.09 14.83 162.47 0.043 0.002 0.9500
conv3 297 -0.11 -1.15 14.79 11.10 140.58 0.052 0.002 0.9436
conv3 298 1.39 -2.54 17.64 16.91 85.71 0.051 0.002 0.9366
conv3 299 1.92 -3.31 24.82 27.29 35.44 0.038 -0.003 0.8556
conv3 300 2.56 -2.14 18.13 21.31 14.92 0.044 0.000 0.9328
conv3 301 1.61 4.99 14.87 20.61 1.67 0.041 0.000 0.9225
conv3 302 -1.02 0.38 19.15 16.64 152.70 0.034 0.001 0.8714
conv3 303 6.04 -3.20 18.15 16.77 90.06 0.048 0.001 0.8949
conv3 304 3.43 -0.50 12.97 20.83 153.09 0.049 0.001 0.9456
conv3 305 0.52 -0.53 16.91 13.11 70.18 0.047 0.002 0.9508
conv3 306 -1.35 8.21 35.55 30.41 156.48 0.023 -0.004 0.5412
conv3 307 -2.02 -1.45 23.93 22.42 99.83 0.036 -0.003 0.8529
conv3 308 0.58 -5.93 17.80 16.42 63.01 0.032 0.000 0.9313
conv3 309 11.14 -11.16 24.27 18.17 128.54 0.029 0.002 0.6476
conv3 310 -1.78 6.37 8.39 9.73 162.77 0.053 0.002 0.9088
conv3 311 2.72 -1.09 16.66 13.33 147.07 0.049 0.001 0.9583
conv3 312 6.54 -5.25 10.93 12.17 109.29 0.058 0.002 0.9454
conv3 313 1.86 -15.62 15.64 12.11 85.12 0.039 0.002 0.8540
conv3 314 -0.80 -3.97 20.46 19.32 82.72 0.045 -0.000 0.9518
conv3 315 -2.57 2.64 18.77 20.64 166.61 0.042 0.000 0.8668
conv3 316 -3.60 16.50 7.73 8.49 162.44 0.044 0.002 0.8882
conv3 317 0.53 2.80 16.79 11.51 41.27 0.045 0.003 0.8636
conv3 318 4.05 -3.90 26.86 24.24 89.67 0.035 -0.002 0.7781
conv3 319 -0.28 4.63 12.29 14.04 23.99 0.048 0.003 0.8695
conv3 320 0.63 -0.98 20.67 18.67 53.54 0.043 0.000 0.9387
conv3 321 0.28 -8.85 17.14 14.28 115.36 0.052 0.001 0.9203
conv3 322 -1.88 0.18 10.89 14.41 172.95 0.035 0.002 0.8782
conv3 323 2.17 -0.14 23.17 23.51 22.51 0.042 -0.002 0.9414
conv3 324 0.32 -1.89 11.80 6.46 150.79 0.057 0.003 0.8964
conv3 325 -0.08 -5.71 32.25 26.52 57.93 0.026 -0.003 0.6051
conv3 326 0.70 -0.81 8.39 16.38 178.09 0.050 0.001 0.9582
conv3 327 -6.49 6.54 14.02 15.78 3.57 0.037 0.002 0.8973
conv3 328 0.31 1.13 21.10 23.10 92.90 0.029 0.000 0.8008
conv3 329 1.28 3.70 15.96 15.48 36.45 0.051 0.002 0.9470
conv3 330 0.73 -7.17 24.15 22.01 92.86 0.036 -0.001 0.8912
conv3 331 0.13 -12.58 8.15 9.41 31.63 0.053 0.002 0.9396
conv3 332 4.61 6.10 12.15 19.52 1.10 0.032 0.001 0.9369
conv3 333 -7.52 -6.52 16.16 11.12 92.94 0.037 0.002 0.8974
conv3 334 -0.99 -1.45 13.49 11.93 125.18 0.056 0.003 0.9264
conv3 335 2.57 -3.07 25.74 23.93 56.07 0.034 -0.002 0.9038
conv3 336 2.59 -0.58 15.02 16.37 37.26 0.049 0.001 0.9480
conv3 337 -2.70 -3.22 21.22 19.17 102.97 0.044 0.000 0.9356
conv3 338 1.30 0.61 20.73 22.89 169.33 0.035 -0.000 0.9213
conv3 339 -17.90 -0.56 7.74 9.58 127.00 0.056 0.002 0.9213
conv3 340 0.14 -1.83 17.40 17.82 2.85 0.043 0.001 0.9237
conv3 341 -1.20 -2.99 18.91 17.54 99.42 0.041 0.001 0.9583
conv3 342 1.23 -0.90 23.05 23.80 5.14 0.038 -0.002 0.8462
conv3 343 4.10 -11.02 12.13 11.66 99.42 0.062 0.001 0.9661
conv3 344 -9.43 3.86 14.91 13.88 127.90 0.040 0.002 0.8863
conv3 345 2.71 -0.54 14.18 14.92 141.87 0.050 0.003 0.9422
conv3 346 -0.23 -2.17 18.69 15.29 21.24 0.046 0.002 0.9268
conv3 347 -1.88 -5.66 20.21 21.03 142.57 0.039 -0.000 0.9352
conv3 348 -3.94 4.06 27.69 30.33 132.08 0.030 -0.004 0.8283
conv3 349 -11.36 2.63 23.28 20.09 159.56 0.032 0.001 0.7623
conv3 350 0.65 -2.73 13.03 18.08 175.71 0.047 0.002 0.9345
conv3 351 0.98 -3.01 20.59 19.74 29.94 0.035 0.000 0.9435
conv3 352 3.87 -0.85 24.21 20.03 107.34 0.035 -0.001 0.9058
conv3 353 -4.45 -2.93 17.54 18.42 177.16 0.039 0.001 0.9433
conv3 354 3.16 2.47 7.51 13.22 1.99 0.055 0.002 0.8845
conv3 355 -1.52 1.81 22.29 24.30 159.85 0.040 -0.002 0.8826
conv3 356 2.03 -3.75 23.14 20.15 168.36 0.035 -0.001 0.8711
conv3 357 -2.03 1.75 21.71 22.77 6.81 0.041 -0.001 0.9211
conv3 358 -5.28 -1.43 20.04 17.75 143.55 0.042 0.001 0.9443
conv3 359 1.80 1.99 20.20 17.67 5.57 0.049 0.001 0.9488
conv3 360 2.94 -0.01 14.87 13.33 135.49 0.043 0.002 0.9128
conv3 361 3.92 1.95 12.05 10.46 81.84 0.066 0.002 0.9539
conv3 362 -4.23 -8.70 22.30 18.75 69.63 0.033 0.000 0.7824
conv3 363 8.18 9.16 15.57 12.50 35.60 0.042 0.001 0.9381
conv3 364 1.20 -7.17 29.58 27.57 62.32 0.029 -0.003 0.8057
conv3 365 -4.12 -0.54 18.19 16.25 99.97 0.044 0.002 0.9470
conv3 366 -3.57 -4.15 14.74 11.13 66.89 0.049 0.002 0.8945
conv3 367 -1.88 -3.29 19.84 17.35 96.87 0.042 0.002 0.8713
conv3 368 -0.33 -2.49 14.49 12.60 97.78 0.053 0.002 0.9474
conv3 369 5.49 3.84 15.33 15.90 161.58 0.042 0.001 0.9497
conv3 370 -1.92 1.15 20.14 17.61 80.16 0.037 0.001 0.9254
conv3 371 2.51 6.88 11.98 16.18 3.67 0.045 0.002 0.9297
conv3 372 0.80 -3.80 29.59 26.63 75.74 0.036 -0.005 0.8125
conv3 373 -0.54 2.58 16.36 16.44 24.51 0.048 0.002 0.9501
conv3 374 -0.16 -15.80 10.50 9.75 123.04 0.060 0.004 0.8899
conv3 375 2.84 -2.73 15.58 14.81 122.53 0.044 0.001 0.9109
conv3 376 -1.05 -2.13 20.88 19.17 109.78 0.046 0.000 0.9528
conv3 377 3.86 -6.87 15.78 18.13 177.35 0.043 0.001 0.9155
conv3 378 0.98 1.23 14.69 16.07 16.97 0.038 0.001 0.9592
conv3 379 -0.78 3.85 18.36 23.28 5.73 0.040 0.000 0.8731
conv3 380 21.77 -1.56 11.84 25.47 0.43 0.030 0.000 0.7141
conv3 381 -1.99 0.65 9.76 12.32 176.99 0.044 0.002 0.8651
conv3 382 -0.37 0.10 21.04 24.07 25.85 0.034 -0.001 0.9015
conv3 383 0.67 -3.09 18.23 16.50 79.02 0.041 0.002 0.9363
conv4 0 7.88 3.78 26.76 22.78 143.80 0.041 -0.000 0.9230
conv4 1 3.73 0.10 17.82 20.57 177.37 0.069 0.001 0.9600
conv4 2 2.88 3.47 31.98 30.32 159.46 0.047 -0.003 0.8924
conv4 3 -0.26 -5.93 37.47 36.56 140.17 0.038 -0.005 0.8511
conv4 4 -0.33 -7.22 21.51 20.04 99.86 0.060 0.001 0.9452
conv4 5 -0.87 2.82 20.14 22.42 177.13 0.047 0.001 0.9437
conv4 6 0.72 0.41 20.85 18.30 75.72 0.054 0.001 0.9552
conv4 7 0.97 3.59 24.11 25.21 21.97 0.049 -0.001 0.9397
conv4 8 2.24 -2.21 28.47 30.02 146.90 0.041 -0.002 0.9135
conv4 9 5.20 -4.96 24.29 21.79 129.17 0.040 0.000 0.9215
conv4 10 2.30 2.42 17.58 15.05 100.02 0.078 0.001 0.9654
conv4 11 4.03 -2.51 16.91 18.86 166.73 0.062 0.001 0.9580
conv4 12 2.24 -1.16 25.17 22.47 173.09 0.046 -0.000 0.9356
conv4 13 4.53 -0.58 21.99 22.89 172.88 0.055 0.000 0.9575
conv4 14 -0.42 3.20 12.49 10.84 96.58 0.060 0.002 0.9216
conv4 15 -0.00 2.75 15.72 15.87 150.74 0.061 0.001 0.9604
conv4 16 -6.48 -2.36 22.94 14.11 107.69 0.061 0.002 0.9013
conv4 17 -1.50 -5.81 18.98 23.49 0.88 0.059 0.001 0.9516
conv4 18 3.81 -3.38 18.36 23.75 18.82 0.032 0.001 0.8505
conv4 19 2.87 2.44 14.28 22.85 178.13 0.065 0.001 0.9465
conv4 20 5.02 4.37 12.99 13.47 20.90 0.072 0.002 0.9466
conv4 21 4.46 -5.17 24.83 26.58 179.45 0.045 0.000 0.9346
conv4 22 -0.79 6.23 25.82 26.73 167.53 0.039 -0.001 0.9008
conv4 23 -1.41 -2.17 27.08 23.43 83.54 0.041 -0.001 0.8959
conv4 24 3.83 -2.40 25.89 24.07 75.17 0.056 -0.001 0.9422
conv4 25 -0.99 -1.04 26.09 21.54 158.20 0.050 -0.000 0.9292
conv4 26 -1.51 6.53 25.78 22.43 91.18 0.049 0.000 0.8760
conv4 27 1.43 -1.01 20.78 19.22 105.38 0.054 0.001 0.9556
conv4 28 -0.03 6.89 17.62 19.44 175.11 0.063 0.001 0.9601
conv4 29 -0.95 0.48 27.30 28.91 1.04 0.045 -0.002 0.9198
conv4 30 -4.22 5.27 20.00 22.87 24.16 0.055 0.000 0.9581
conv4 31 -2.12 -8.53 20.73 17.38 102.04 0.058 0.001 0.9147
conv4 32 0.72 -4.15 15.07 18.05 9.02 0.062 0.001 0.9304
conv4 33 -0.34 -2.60 21.00 21.19 161.65 0.061 0.001 0.9540
conv4 34 -1.58 -3.30 18.15 19.86 172.09 0.055 0.001 0.9539
conv4 35 -0.20 -1.82 21.08 21.92 134.70 0.060 0.000 0.9682
conv4 36 9.58 -2.83 19.57 17.92 52.37 0.058 0.001 0.9365
conv4 37 2.11 -0.92 19.51 17.94 52.12 0.049 0.001 0.9352
conv4 38 -0.01 6.82 23.60 21.90 91.29 0.057 0.000 0.9373
conv4 39 3.18 6.27 14.72 14.27 53.50 0.065 0.002 0.9510
conv4 40 4.92 -7.50 22.46 24.82 21.90 0.032 0.001 0.8453
conv4 41 4.32 1.55 17.57 14.15 176.72 0.050 0.001 0.7945
conv4 42 1.69 -3.16 22.09 20.38 61.75 0.055 0.000 0.9484
conv4 43 -0.99 -1.01 21.76 20.90 67.33 0.040 0.001 0.8898
conv4 44 -0.92 -2.54 26.23 24.16 98.36 0.057 -0.001 0.9294
conv4 45 -1.35 -1.36 23.83 18.37 34.05 0.054 0.001 0.8735
conv4 46 2.62 -1.05 25.44 23.75 98.70 0.043 0.000 0.9136
conv4 47 7.23 0.59 19.31 26.08 151.16 0.037 0.001 0.8606
conv4 48 9.24 4.30 24.28 18.16 162.42 0.046 0.001 0.8736
conv4 49 6.31 -1.53 21.72 20.16 96.49 0.058 0.000 0.9614
conv4 50 -1.75 -3.19 27.20 25.79 88.66 0.046 -0.002 0.9087
conv4 51 -3.61 -7.56 25.13 26.51 154.61 0.042 -0.001 0.9250
conv4 52 2.35 2.06 19.19 16.91 96.19 0.062 0.001 0.9440
conv4 53 -0.10 -0.14 18.52 16.81 86.17 0.075 0.001 0.9629
conv4 54 5.15 2.25 22.40 25.60 173.63 0.047 0.000 0.9225
conv4 55 1.12 1.87 23.00 22.63 41.94 0.049 0.000 0.9528
conv4 56 0.60 -3.66 27.25 26.59 91.49 0.056 -0.001 0.9446
conv4 57 9.07 6.37 27.09 34.65 173.33 0.035 -0.001 0.8540
conv4 58 1.87 -2.72 15.69 15.35 73.70 0.080 0.002 0.9617
conv4 59 -0.20 -4.87 31.79 32.87 165.58 0.048 -0.004 0.8690
conv4 60 -0.19 -3.88 22.71 26.67 174.38 0.051 -0.001 0.9305
conv4 61 -3.66 0.84 16.66 15.18 117.28 0.056 0.002 0.9375
conv4 62 0.55 -1.44 21.18 22.53 13.34 0.051 0.000 0.9669
conv4 63 -0.61 2.60 17.46 17.98 177.15 0.059 0.002 0.9290
conv4 64 0.14 -1.92 23.45 18.56 173.16 0.060 0.001 0.9497
conv4 65 6.14 -5.20 25.22 27.15 164.60 0.043 -0.001 0.8930
conv4 66 5.26 1.36 16.78 27.61 1.47 0.037 0.000 0.8306
conv4 67 0.94 1.80 26.99 26.70 119.20 0.049 -0.002 0.8814
conv4 68 -2.37 0.01 25.55 24.10 85.56 0.062 -0.001 0.9416
conv4 69 6.96 1.21 17.67 28.93 169.72 0.047 0.001 0.9474
conv4 70 1.97 -4.60 24.62 27.69 5.07 0.043 -0.000 0.9095
conv4 71 -4.00 1.21 21.87 11.46 86.40 0.045 0.003 0.7854
conv4 72 4.96 -5.64 23.84 22.01 100.66 0.055 -0.000 0.9442
conv4 73 2.53 -5.11 23.45 21.63 168.07 0.038 0.001 0.8765
conv4 74 1.55 -5.36 23.91 21.49 165.66 0.049 0.000 0.9443
conv4 75 0.82 -2.58 25.70 23.25 136.24 0.052 0.000 0.9209
conv4 76 -0.43 -0.24 18.93 18.69 55.08 0.057 0.001 0.9527
conv4 77 -0.00 1.03 20.33 21.25 7.38 0.042 0.001 0.9311
conv4 78 2.70 -1.51 23.52 20.87 121.43 0.048 -0.000 0.9499
conv4 79 -0.48 -0.63 18.59 17.51 51.58 0.053 0.001 0.9412
conv4 80 4.97 2.01 25.14 18.85 174.04 0.045 0.001 0.8939
conv4 81 2.06 3.36 23.98 23.56 60.38 0.056 -0.001 0.9574
conv4 82 -3.24 -1.32 17.86 18.67 172.38 0.055 0.002 0.9406
conv4 83 5.30 2.96 22.49 24.93 167.52 0.047 0.000 0.9182
conv4 84 -7.66 -1.38 18.93 20.29 171.90 0.057 0.001 0.9534
conv4 85 -5.65 -11.32 18.47 16.25 82.00 0.073 0.001 0.9604
conv4 86 1.84 1.17 18.48 20.54 176.43 0.050 0.001 0.9350
conv4 87 2.45 4.31 24.68 23.39 14.24 0.047 -0.001 0.9302
conv4 88 0.11 2.00 22.96 21.46 83.82 0.047 0.000 0.9492
conv4 89 1.42 2.58 28.12 26.46 93.15 0.044 -0.002 0.9090
conv4 90 0.23 2.58 20.11 17.00 94.56 0.057 0.002 0.9230
conv4 91 5.65 -2.09 25.10 26.04 2.80 0.038 -0.000 0.9352
conv4 92 -0.06 -5.38 15.90 16.67 13.50 0.063 0.002 0.9526
conv4 93 -0.83 -5.76 25.38 22.09 82.06 0.048 0.000 0.9140
conv4 94 -0.38 -4.36 20.53 17.95 170.07 0.054 0.001 0.9202
conv4 95 1.21 -0.20 20.79 23.29 162.82 0.045 0.000 0.9280
conv4 96 -0.72 3.37 23.11 18.60 88.39 0.063 0.001 0.9432
conv4 97 2.82 7.86 14.68 20.54 6.26 0.047 0.001 0.9200
conv4 98 12.54 -4.32 16.44 17.32 87.49 0.064 0.001 0.9693
conv4 99 2.59 2.51 21.42 24.45 162.59 0.044 -0.000 0.9435
conv4 100 -1.06 1.93 24.66 25.97 17.72 0.053 -0.001 0.9480
conv4 101 1.78 -5.09 22.32 19.42 79.06 0.060 0.000 0.9302
conv4 102 -1.44 -5.33 23.85 22.04 90.73 0.057 -0.001 0.9065
conv4 103 11.21 -10.04 19.46 18.30 111.65 0.044 0.002 0.8678
conv4 104 6.57 4.97 24.48 17.79 160.05 0.044 0.001 0.9081
conv4 105 -0.36 -0.40 21.63 23.19 8.98 0.060 0.001 0.9525
conv4 106 -1.36 2.11 21.77 23.50 174.79 0.035 0.000 0.9374
conv4 107 1.67 -1.93 19.93 20.62 152.19 0.050 0.001 0.9397
conv4 108 0.48 0.92 20.53 17.75 90.00 0.073 0.001 0.9594
conv4 109 0.03 4.27 22.43 23.23 95.92 0.056 -0.000 0.9467
conv4 110 -2.01 -5.69 19.20 23.78 170.30 0.047 0.001 0.9446
conv4 111 -5.75 -2.52 22.01 20.24 54.90 0.041 0.000 0.9334
conv4 112 0.23 -0.26 25.51 24.22 107.70 0.046 -0.001 0.9458
conv4 113 2.50 -5.20 21.75 18.85 97.37 0.062 0.001 0.9589
conv4 114 1.04 0.44 25.70 27.61 42.66 0.045 -0.000 0.9083
conv4 115 6.42 -0.16 19.09 21.30 17.40 0.066 0.001 0.9435
conv4 116 1.89 -3.84 20.30 21.85 172.85 0.069 0.000 0.9689
conv4 117 4.29 7.29 17.88 19.98 174.01 0.039 0.001 0.9250
conv4 118 0.87 -4.97 29.54 27.11 132.49 0.041 -0.001 0.9186
conv4 119 1.25 2.67 8.92 19.43 179.13 0.072 0.002 0.9066
conv4 120 3.21 -1.57 19.91 20.92 168.60 0.058 0.001 0.9572
conv4 121 2.35 3.01 27.03 27.68 169.81 0.045 -0.001 0.9439
conv4 122 -2.31 8.97 22.59 18.36 2.08 0.048 0.001 0.9389
conv4 123 2.76 -5.56 23.70 22.56 126.55 0.047 0.000 0.9464
conv4 124 -3.87 3.14 22.43 21.27 99.20 0.062 -0.000 0.9447
conv4 125 1.99 0.55 20.45 19.32 33.74 0.042 0.001 0.9256
conv4 126 -0.61 -1.39 22.11 23.26 9.27 0.058 0.000 0.9611
conv4 127 1.43 -9.65 18.30 17.34 76.23 0.050 0.002 0.8677
conv4 128 0.25 -0.25 18.73 20.24 98.81 0.070 0.000 0.9511
conv4 129 4.16 2.83 18.16 18.45 143.32 0.064 0.001 0.9555
conv4 130 -0.65 3.46 23.65 26.55 10.89 0.046 -0.001 0.8883
conv4 131 -0.73 -2.74 16.46 17.07 53.66 0.076 0.001 0.9615
conv4 132 2.09 0.21 22.36 24.82 4.49 0.057 -0.000 0.9359
conv4 133 5.25 1.12 19.12 23.42 175.48 0.049 0.001 0.9123
conv4 134 -3.83 1.65 25.57 24.70 69.06 0.044 -0.001 0.9341
conv4 135 4.60 -1.89 25.25 23.28 100.99 0.054 -0.001 0.9554
conv4 136 1.38 -0.24 17.97 21.10 2.08 0.057 0.001 0.9573
conv4 137 1.63 0.94 11.95 17.14 175.04 0.054 0.002 0.8944
conv4 138 0.28 -4.71 24.36 23.64 10.88 0.054 -0.001 0.9137
conv4 139 -0.53 -3.57 26.43 24.02 97.37 0.038 0.000 0.9355
conv4 140 1.00 -4.00 17.58 15.11 56.65 0.067 0.001 0.9496
conv4 141 3.08 -1.61 20.39 23.56 166.94 0.047 0.001 0.9218
conv4 142 0.22 2.56 19.88 15.92 78.18 0.055 0.001 0.9440
conv4 143 -0.58 1.33 11.14 14.09 0.24 0.074 0.002 0.9403
conv4 144 0.25 -7.87 20.57 22.19 155.29 0.042 0.000 0.9083
conv4 145 3.15 -1.88 20.58 19.34 97.97 0.047 0.001 0.9484
conv4 146 4.86 2.15 23.65 26.34 176.52 0.045 -0.000 0.9476
conv4 147 1.24 -1.16 17.49 18.28 176.46 0.060 0.001 0.9485
conv4 148 1.66 -7.58 20.63 16.04 91.99 0.060 0.001 0.9525
conv4 149 0.93 -2.50 21.15 21.65 166.11 0.048 0.000 0.9569
conv4 150 -0.65 1.36 23.96 26.12 163.68 0.038 -0.000 0.9364
conv4 151 4.58 0.30 23.27 24.87 177.98 0.051 -0.000 0.9560
conv4 152 2.58 2.38 28.52 27.97 89.68 0.040 -0.002 0.9127
conv4 153 -5.32 3.67 18.13 17.69 115.26 0.049 0.002 0.9311
conv4 154 0.59 -1.48 27.12 25.42 70.93 0.047 -0.001 0.9499
conv4 155 3.53 0.05 24.10 25.26 127.30 0.034 -0.000 0.8441
conv4 156 0.58 -7.24 19.21 21.13 1.25 0.048 0.001 0.9550
conv4 157 1.35 -0.09 24.03 24.87 162.42 0.047 -0.001 0.9520
conv4 158 -0.10 -8.24 15.76 17.61 148.11 0.063 0.002 0.9215
conv4 159 1.50 0.42 16.23 18.78 7.13 0.057 0.001 0.9478
conv4 160 6.79 -3.08 29.54 33.47 169.15 0.044 -0.002 0.8990
conv4 161 3.61 4.32 26.73 26.20 89.49 0.043 -0.001 0.8487
conv4 162 -1.73 1.20 24.27 22.09 162.99 0.052 -0.000 0.9318
conv4 163 2.39 1.78 14.62 16.43 4.19 0.065 0.001 0.9640
conv4 164 -0.60 -11.90 21.40 17.65 94.13 0.059 0.001 0.9283
conv4 165 0.05 0.69 30.37 29.70 45.90 0.044 -0.003 0.8857
conv4 166 4.33 -0.47 24.73 21.50 17.64 0.051 0.001 0.9507
conv4 167 -1.68 2.03 25.84 23.97 151.01 0.047 -0.001 0.9428
conv4 168 1.70 -0.38 20.63 22.96 3.97 0.048 0.000 0.9232
conv4 169 0.60 0.42 19.40 26.86 179.83 0.051 0.000 0.9522
conv4 170 2.03 -2.01 23.46 22.13 87.03 0.052 0.000 0.9591
conv4 171 2.24 0.01 12.56 18.09 178.74 0.070 0.001 0.9356
conv4 172 1.82 -0.14 13.40 10.60 116.10 0.066 0.002 0.9131
conv4 173 -2.22 1.26 22.47 24.44 27.68 0.036 0.001 0.9039
conv4 174 -4.21 -4.14 20.80 17.97 98.74 0.061 0.001 0.9651
conv4 175 1.55 4.08 30.61 31.78 145.76 0.041 -0.003 0.8307
conv4 176 1.63 -1.60 26.71 27.17 158.39 0.050 -0.001 0.9522
conv4 177 0.96 -9.94 19.52 20.59 18.60 0.064 0.001 0.9674
conv4 178 0.74 -1.67 14.29 17.11 157.47 0.056 0.002 0.9104
conv4 179 2.21 0.40 16.75 22.88 7.17 0.064 0.001 0.9482
conv4 180 1.23 -20.56 8.60 11.18 7.65 0.069 0.003 0.9137
conv4 181 1.88 5.92 20.30 19.05 151.89 0.060 0.000 0.9625
conv4 182 8.81 3.54 20.40 18.00 138.34 0.056 0.001 0.9575
conv4 183 2.62 -6.95 18.87 17.05 86.52 0.051 0.001 0.9517
conv4 184 0.78 -4.69 22.84 24.16 164.56 0.057 -0.000 0.9615
conv4 185 2.45 -2.77 17.17 17.12 79.06 0.074 0.001 0.9551
conv4 186 -6.21 0.39 14.84 14.01 121.58 0.074 0.002 0.9554
conv4 187 1.55 2.04 18.23 17.11 79.69 0.058 0.002 0.8746
conv4 188 5.98 1.49 17.40 20.74 166.54 0.043 0.001 0.9369
conv4 189 -0.23 -0.55 25.73 22.68 85.88 0.048 0.000 0.9455
conv4 190 7.61 2.53 20.68 25.71 177.77 0.040 0.000 0.9278
conv4 191 5.59 2.46 19.54 17.98 90.40 0.047 0.001 0.9044
conv4 192 3.00 -2.74 22.49 24.56 3.37 0.042 0.000 0.9323
conv4 193 1.61 1.12 15.64 19.16 3.77 0.062 0.001 0.9480
conv4 194 1.23 2.92 14.91 20.09 175.09 0.068 0.002 0.9531
conv4 195 1.06 1.11 17.89 16.73 81.37 0.072 0.001 0.9648
conv4 196 3.95 -3.19 26.75 26.16 90.25 0.048 -0.002 0.9194
conv4 197 -0.37 1.53 15.24 22.53 42.80 0.061 0.001 0.9435
conv4 198 6.23 -12.94 16.33 13.25 136.57 0.048 0.001 0.9127
conv4 199 7.99 -2.72 13.58 13.91 0.45 0.069 0.001 0.9588
conv4 200 2.82 3.19 16.00 18.02 8.98 0.050 0.001 0.9370
conv4 201 4.47 -2.76 21.63 21.06 85.13 0.049 0.001 0.9326
conv4 202 -2.21 0.30 23.04 20.96 110.97 0.060 0.000 0.9324
conv4 203 0.36 0.15 24.51 23.25 78.22 0.056 -0.001 0.9481
conv4 204 1.04 -3.45 20.77 19.71 109.60 0.060 0.001 0.9582
conv4 205 0.97 -8.17 17.08 22.11 1.37 0.054 0.001 0.9210
conv4 206 4.48 -5.54 24.55 26.41 176.67 0.045 -0.001 0.9156
conv4 207 0.73 -5.18 17.44 19.40 17.18 0.062 0.001 0.9558
conv4 208 -1.58 -1.82 23.64 23.92 14.56 0.055 -0.001 0.9427
conv4 209 3.22 -0.46 24.42 21.71 111.72 0.032 0.000 0.9356
conv4 210 -2.68 -7.07 12.56 12.60 171.17 0.078 0.002 0.9582
conv4 211 1.70 -0.39 20.95 14.79 126.97 0.063 0.002 0.9397
conv4 212 0.79 3.31 20.50 23.58 9.96 0.058 0.001 0.9026
conv4 213 -1.36 -4.26 19.78 24.76 170.17 0.041 0.000 0.9119
conv4 214 2.36 -1.79 16.52 17.67 154.57 0.056 0.001 0.9166
conv4 215 -6.13 -8.50 26.58 21.84 76.76 0.041 0.001 0.9031
conv4 216 -0.10 7.25 10.38 12.38 163.53 0.072 0.002 0.9023
conv4 217 9.03 3.08 19.39 31.62 176.52 0.039 0.000 0.8924
conv4 218 0.54 -4.88 18.82 13.63 92.76 0.057 0.002 0.9223
conv4 219 1.72 -2.48 28.76 27.47 106.74 0.047 -0.002 0.9267
conv4 220 2.16 3.48 22.00 24.95 178.39 0.043 -0.000 0.9356
conv4 221 -1.22 -5.65 11.63 15.20 1.73 0.078 0.002 0.9516
conv4 222 3.86 -2.82 17.06 19.23 2.05 0.079 0.001 0.9644
conv4 223 0.71 0.36 24.20 24.88 12.06 0.042 -0.000 0.9097
conv4 224 -1.78 -5.55 22.07 23.15 155.84 0.058 -0.000 0.9587
conv4 225 -2.15 0.26 22.05 23.01 34.31 0.051 0.001 0.9553
conv4 226 4.35 7.21 16.00 19.35 0.11 0.044 0.002 0.8366
conv4 227 -5.99 1.33 28.63 22.84 113.75 0.032 -0.001 0.7244
conv4 228 2.52 -0.49 15.33 13.46 161.24 0.057 0.002 0.8022
conv4 229 3.31 2.59 17.38 16.76 108.33 0.050 0.001 0.9440
conv4 230 -0.16 -0.22 24.56 25.12 15.39 0.043 -0.000 0.9474
conv4 231 1.56 -0.60 24.94 23.63 44.50 0.047 0.000 0.9479
conv4 232 1.83 -1.62 37.44 33.86 96.26 0.036 -0.004 0.8686
conv4 233 1.72 -10.73 20.97 23.07 1.41 0.043 0.000 0.9380
conv4 234 1.40 0.03 20.82 21.37 85.13 0.052 0.001 0.9523
conv4 235 1.60 -2.85 21.73 22.33 23.51 0.042 0.000 0.9632
conv4 236 -2.69 2.26 19.70 16.40 85.61 0.066 0.002 0.9564
conv4 237 0.87 0.07 27.10 24.60 93.25 0.049 -0.001 0.9514
conv4 238 2.16 -2.84 25.73 24.46 111.55 0.040 -0.001 0.9255
conv4 239 -0.15 0.95 16.32 17.68 164.60 0.059 0.002 0.9522
conv4 240 -0.56 -2.90 25.47 23.72 108.85 0.053 0.000 0.9516
conv4 241 0.52 -4.18 25.53 21.47 76.25 0.045 0.000 0.9355
conv4 242 1.41 -1.80 20.25 22.41 150.29 0.051 0.001 0.9127
conv4 243 1.62 0.16 16.26 16.71 7.65 0.073 0.001 0.9624
conv4 244 -3.92 5.22 22.18 21.97 132.01 0.061 -0.000 0.9512
conv4 245 1.35 0.31 22.18 17.86 176.61 0.064 0.001 0.9416
conv4 246 -0.18 -8.38 18.55 19.10 173.48 0.063 0.000 0.9424
conv4 247 -0.50 -1.02 18.16 16.42 104.99 0.069 0.001 0.9728
conv4 248 1.65 -1.22 14.91 15.85 164.21 0.051 0.001 0.9280
conv4 249 5.14 0.51 22.51 16.51 172.17 0.054 0.001 0.9386
conv4 250 1.69 -0.95 35.35 37.73 161.49 0.040 -0.005 0.8725
conv4 251 0.21 1.71 23.68 22.40 51.60 0.045 -0.000 0.9568
conv4 252 2.31 -6.24 18.80 23.01 167.17 0.051 0.001 0.9446
conv4 253 0.01 1.10 36.47 35.56 143.57 0.041 -0.005 0.8416
conv4 254 0.63 -0.17 17.18 13.37 86.46 0.066 0.002 0.9407
conv4 255 1.52 -2.75 24.29 25.13 100.63 0.047 -0.001 0.8595
conv5 0 2.17 -2.62 29.05 25.77 172.68 0.039 -0.000 0.9607
conv5 1 1.34 1.83 24.84 25.32 143.28 0.055 0.001 0.9485
conv5 2 2.00 -1.20 29.34 29.47 6.37 0.040 -0.000 0.9501
conv5 3 2.83 -4.81 26.28 19.81 167.31 0.045 0.001 0.9081
conv5 4 1.11 -1.24 24.85 26.21 161.38 0.042 0.000 0.9483
conv5 5 4.10 -1.26 29.34 23.73 165.17 0.038 0.000 0.9205
conv5 6 3.42 -0.89 38.26 37.12 133.32 0.032 -0.002 0.9060
conv5 7 2.02 4.26 31.28 32.65 5.25 0.037 -0.001 0.9421
conv5 8 4.02 -1.44 23.73 27.50 170.78 0.042 0.000 0.9462
conv5 9 0.52 -6.41 27.54 26.15 79.10 0.040 -0.000 0.9595
conv5 10 2.04 0.02 33.73 34.79 173.18 0.034 -0.001 0.9370
conv5 11 5.05 -0.08 18.70 23.11 178.68 0.051 0.001 0.9228
conv5 12 0.67 -11.14 17.90 27.20 176.16 0.045 0.001 0.9283
conv5 13 0.98 -2.52 32.16 33.91 167.40 0.041 -0.002 0.9326
conv5 14 -0.26 -2.09 25.56 31.60 173.84 0.046 -0.000 0.9356
conv5 15 0.40 -3.90 26.62 24.77 168.76 0.043 0.000 0.9412
conv5 16 0.18 -3.95 26.91 25.04 91.18 0.048 0.000 0.9533
conv5 17 0.43 -1.83 31.61 28.66 80.79 0.038 -0.001 0.9452
conv5 18 2.37 -3.34 19.75 24.01 2.53 0.048 0.001 0.9459
conv5 19 -0.39 -0.85 33.67 32.75 40.97 0.037 -0.001 0.9389
conv5 20 0.95 -1.23 35.18 35.05 49.08 0.034 -0.002 0.9166
conv5 21 4.24 -0.05 28.92 28.58 145.61 0.041 -0.000 0.9449
conv5 22 -1.41 -2.58 29.60 25.83 172.45 0.039 0.000 0.9372
conv5 23 2.21 1.31 23.93 25.70 8.10 0.053 0.001 0.9591
conv5 24 0.06 -1.27 29.56 30.59 27.72 0.050 -0.001 0.9548
conv5 25 4.75 0.56 33.39 28.71 166.54 0.042 -0.000 0.9351
conv5 26 2.18 -5.41 23.02 27.05 0.17 0.057 0.000 0.9685
conv5 27 1.21 -4.34 25.94 26.94 62.53 0.044 -0.000 0.9668
conv5 28 2.40 -1.24 21.30 18.49 147.51 0.040 0.001 0.9025
conv5 29 1.48 -3.19 33.95 33.02 123.50 0.044 -0.002 0.9266
conv5 30 1.51 -7.65 34.53 28.92 93.46 0.031 -0.001 0.8766
conv5 31 6.72 1.48 22.66 28.31 173.25 0.042 0.001 0.9025
conv5 32 2.21 -1.58 29.81 31.05 170.45 0.041 -0.001 0.9504
conv5 33 1.64 0.95 22.10 25.02 173.32 0.051 0.001 0.9569
conv5 34 1.16 -0.14 28.08 30.25 160.71 0.037 -0.000 0.9556
conv5 35 2.71 -0.23 22.32 19.71 165.81 0.045 0.001 0.9047
conv5 36 -0.31 -5.00 25.19 25.57 27.93 0.043 0.000 0.9361
conv5 37 5.19 -3.77 29.28 26.04 174.32 0.042 0.000 0.9559
conv5 38 3.21 -0.11 24.32 30.22 179.85 0.048 0.000 0.9627
conv5 39 2.61 -2.78 20.67 24.78 177.60 0.040 0.001 0.9129
conv5 40 2.80 -1.65 25.65 25.19 155.26 0.037 0.000 0.9464
conv5 41 -2.12 8.08 22.66 20.69 28.47 0.054 0.001 0.9291
conv5 42 -3.36 -5.84 26.25 27.75 8.70 0.033 0.000 0.8937
conv5 43 0.59 -4.85 38.60 40.25 90.77 0.038 -0.003 0.9076
conv5 44 1.91 -0.85 19.19 23.81 178.26 0.061 0.001 0.9544
conv5 45 -0.46 -11.21 23.73 28.79 178.50 0.042 0.000 0.9559
conv5 46 0.69 -0.22 27.22 27.73 93.06 0.046 -0.000 0.9620
conv5 47 3.58 -1.16 26.11 23.98 159.50 0.038 0.001 0.8842
conv5 48 8.13 13.66 29.47 23.02 170.08 0.031 0.000 0.8770
conv5 49 1.24 0.00 21.39 24.10 5.79 0.050 0.001 0.9512
conv5 50 -0.80 -11.45 26.96 20.14 87.91 0.045 0.001 0.8978
conv5 51 2.08 2.59 22.84 26.64 173.81 0.047 0.001 0.9595
conv5 52 2.77 0.28 25.32 29.23 176.66 0.039 -0.000 0.9558
conv5 53 3.13 -8.10 28.93 23.63 3.32 0.050 0.000 0.9378
conv5 54 2.83 0.38 31.29 28.52 44.97 0.041 -0.000 0.9523
conv5 55 2.08 -6.62 23.11 22.62 87.52 0.051 0.000 0.9683
conv5 56 1.51 -1.31 27.49 29.10 170.43 0.043 -0.001 0.9513
conv5 57 3.94 -5.96 29.34 27.58 99.70 0.042 -0.000 0.9219
conv5 58 1.46 -1.47 31.99 30.93 159.12 0.043 -0.001 0.9505
conv5 59 2.67 1.41 30.23 26.72 153.36 0.034 -0.000 0.9557
conv5 60 -2.95 -3.68 28.18 23.34 163.13 0.030 0.000 0.9014
conv5 61 2.98 -1.44 25.69 20.12 172.13 0.044 0.001 0.9396
conv5 62 3.04 -1.37 23.11 26.31 5.08 0.042 0.000 0.9548
conv5 63 0.35 -4.23 24.95 22.33 90.54 0.050 0.000 0.9649
conv5 64 -0.06 -0.40 24.08 21.76 52.22 0.050 0.001 0.9697
conv5 65 0.69 -1.44 29.41 31.31 130.30 0.036 -0.001 0.9548
conv5 66 -2.10 -2.82 37.66 36.59 102.02 0.036 -0.002 0.9158
conv5 67 0.20 -1.51 29.33 29.85 151.46 0.040 -0.000 0.9568
conv5 68 3.46 0.47 27.24 25.85 91.31 0.040 -0.000 0.9451
conv5 69 1.15 -0.84 24.48 22.80 73.55 0.052 0.001 0.9591
conv5 70 2.57 -1.39 24.73 27.48 17.82 0.041 0.000 0.9532
conv5 71 -0.35 -1.08 22.09 26.37 2.66 0.029 0.000 0.8925
conv5 72 -0.14 -0.06 27.79 24.89 11.17 0.041 -0.000 0.9606
conv5 73 2.28 -3.11 22.06 30.41 174.52 0.037 0.001 0.9338
conv5 74 -0.07 0.70 24.16 24.47 31.02 0.032 0.001 0.9385
conv5 75 2.07 2.30 27.56 29.47 14.88 0.048 -0.000 0.9623
conv5 76 2.03 0.77 22.45 24.15 163.94 0.042 0.001 0.9570
conv5 77 2.43 -5.07 24.16 25.67 143.40 0.052 0.000 0.9610
conv5 78 1.46 -2.25 27.47 27.85 162.67 0.045 -0.000 0.9277
conv5 79 0.04 2.83 28.99 26.65 9.92 0.037 -0.000 0.9507
conv5 80 4.18 -3.27 25.27 23.14 173.54 0.050 0.000 0.9556
conv5 81 0.52 1.86 23.19 25.18 151.27 0.038 0.001 0.9165
conv5 82 2.54 4.18 23.16 29.43 177.44 0.044 -0.000 0.9335
conv5 83 4.18 -7.72 22.91 26.17 14.22 0.041 0.000 0.9008
conv5 84 0.97 -4.74 22.16 23.08 176.69 0.045 0.001 0.9572
conv5 85 3.87 -1.17 29.74 33.48 177.27 0.046 -0.001 0.9568
conv5 86 0.26 -3.21 31.79 28.86 75.13 0.031 -0.001 0.9484
conv5 87 -0.03 -0.27 34.76 36.03 163.57 0.034 -0.002 0.8986
conv5 88 -1.14 -0.91 27.05 25.28 59.36 0.042 -0.000 0.9648
conv5 89 3.64 0.05 29.45 30.45 170.39 0.051 -0.000 0.9582
conv5 90 1.69 7.98 27.74 24.86 65.86 0.046 -0.000 0.9326
conv5 91 7.36 3.21 22.49 24.54 178.70 0.032 0.001 0.9119
conv5 92 -0.40 -1.15 28.64 27.94 76.64 0.039 -0.000 0.9579
conv5 93 3.89 2.30 28.18 30.05 169.30 0.040 -0.000 0.9617
conv5 94 3.67 -0.33 29.85 32.66 176.84 0.034 -0.001 0.9397
conv5 95 2.62 -2.35 28.53 25.09 139.91 0.040 0.000 0.9049
conv5 96 -0.03 -4.15 30.01 31.92 13.39 0.041 -0.001 0.9550
conv5 97 0.94 -2.36 29.10 25.66 86.88 0.045 0.000 0.9495
conv5 98 2.21 0.36 27.85 29.76 150.00 0.046 -0.001 0.9516
conv5 99 1.11 -3.87 29.96 28.21 97.98 0.044 -0.000 0.9478
conv5 100 4.48 0.17 25.63 27.01 107.39 0.042 0.000 0.9276
conv5 101 3.45 -0.66 21.44 25.30 174.99 0.046 0.001 0.9191
conv5 102 2.35 3.62 27.55 24.75 78.26 0.047 -0.000 0.9562
conv5 103 3.66 -11.98 22.07 26.87 169.24 0.048 0.000 0.9524
conv5 104 -0.40 -3.90 29.65 27.82 96.36 0.037 -0.000 0.9545
conv5 105 6.81 2.98 27.61 32.63 168.93 0.035 -0.000 0.9303
conv5 106 -5.59 -15.32 25.83 23.68 91.51 0.037 0.001 0.8902
conv5 107 -0.13 1.06 27.53 23.93 100.50 0.043 0.000 0.9231
conv5 108 0.10 -2.45 23.65 25.95 12.20 0.037 0.000 0.9383
conv5 109 -0.08 -5.68 28.02 26.63 67.45 0.040 -0.000 0.9604
conv5 110 6.11 -0.89 28.16 24.74 174.31 0.037 -0.000 0.9351
conv5 111 0.31 4.59 28.19 27.06 65.63 0.038 0.000 0.9533
conv5 112 1.63 3.12 22.32 23.37 176.15 0.048 0.001 0.9535
conv5 113 1.64 4.04 32.48 31.48 123.42 0.034 -0.001 0.9055
conv5 114 1.08 1.11 27.95 29.85 15.11 0.045 -0.001 0.9539
conv5 115 4.53 0.38 32.77 26.73 95.59 0.036 -0.001 0.9016
conv5 116 4.83 1.76 24.23 22.66 73.68 0.051 0.000 0.9581
conv5 117 2.18 -1.74 28.16 30.88 4.18 0.042 -0.001 0.9424
conv5 118 1.67 1.78 25.32 27.57 171.46 0.051 0.000 0.9603
conv5 119 2.29 -1.89 30.28 32.18 156.98 0.041 -0.001 0.9464
conv5 120 1.81 -2.66 28.78 27.44 112.29 0.042 -0.000 0.9529
conv5 121 -0.50 -0.94 26.59 24.75 19.83 0.043 0.000 0.9547
conv5 122 5.57 -0.35 30.55 25.61 168.35 0.037 0.000 0.9396
conv5 123 1.65 -4.56 28.88 32.17 142.42 0.037 -0.001 0.9463
conv5 124 6.51 -2.37 25.48 24.93 83.55 0.045 0.000 0.9666
conv5 125 3.01 -6.31 28.52 25.89 143.30 0.036 0.000 0.9551
conv5 126 8.32 -3.99 16.51 20.83 23.51 0.041 0.001 0.8642
conv5 127 1.14 -3.29 22.96 25.76 8.45 0.051 0.000 0.9657
conv5 128 1.01 -0.32 34.47 31.23 87.89 0.035 -0.001 0.9441
conv5 129 2.37 -0.36 26.42 24.72 67.64 0.050 0.000 0.9593
conv5 130 3.31 -1.78 29.95 28.65 101.17 0.041 -0.000 0.9535
conv5 131 2.90 -5.36 26.75 26.46 87.85 0.047 -0.000 0.9570
conv5 132 0.39 -0.08 20.90 19.40 28.21 0.064 0.001 0.9423
conv5 133 -1.89 -0.33 32.20 31.69 84.66 0.052 -0.002 0.9440
conv5 134 3.56 2.67 27.68 32.65 178.13 0.041 -0.000 0.9492
conv5 135 2.62 -1.96 28.63 27.17 82.75 0.048 -0.000 0.9639
conv5 136 1.23 -1.78 18.30 19.76 152.88 0.052 0.001 0.9630
conv5 137 1.19 -0.53 21.36 22.78 26.36 0.051 0.001 0.9606
conv5 138 1.39 -3.84 32.92 33.81 130.85 0.028 -0.001 0.8870
conv5 139 3.52 1.13 26.74 31.31 168.35 0.036 -0.000 0.9374
conv5 140 5.79 -4.55 27.76 29.00 170.88 0.049 -0.000 0.9626
conv5 141 2.80 0.67 28.48 28.92 8.65 0.044 -0.000 0.9563
conv5 142 2.93 2.19 21.66 23.28 132.30 0.046 0.001 0.9583
conv5 143 3.26 3.38 29.25 28.44 118.79 0.033 -0.000 0.9515
conv5 144 2.51 2.98 26.14 28.34 168.95 0.047 -0.000 0.9523
conv5 145 7.80 1.68 27.46 33.32 174.02 0.029 -0.000 0.9248
conv5 146 2.85 0.42 30.57 33.29 6.95 0.040 -0.001 0.9448
conv5 147 1.48 1.82 33.06 32.37 92.17 0.038 -0.001 0.9270
conv5 148 1.12 7.94 26.32 27.09 83.59 0.049 -0.000 0.9597
conv5 149 13.28 3.76 27.11 38.58 165.72 0.032 -0.000 0.8977
conv5 150 2.19 -2.15 22.17 17.09 83.12 0.052 0.001 0.9420
conv5 151 3.35 -1.43 24.06 25.39 165.92 0.046 0.000 0.9641
conv5 152 5.00 -3.96 23.75 27.94 158.50 0.039 0.000 0.9178
conv5 153 1.96 1.02 28.15 25.81 11.59 0.044 -0.000 0.9591
conv5 154 5.72 -1.48 31.70 34.88 166.38 0.040 -0.001 0.9428
conv5 155 4.81 -1.38 27.78 24.70 170.88 0.047 0.000 0.9550
conv5 156 1.67 -1.79 27.90 29.54 0.75 0.046 -0.001 0.9542
conv5 157 4.31 -1.46 20.22 18.00 137.74 0.048 0.001 0.9091
conv5 158 10.00 7.29 21.67 29.13 162.25 0.028 0.000 0.9024
conv5 159 3.38 -4.13 24.29 19.88 150.85 0.049 0.000 0.9727
conv5 160 3.63 -0.22 20.48 25.25 179.04 0.053 0.001 0.9600
conv5 161 2.19 2.59 11.13 20.66 0.84 0.054 0.001 0.8663
conv5 162 7.03 1.65 32.96 35.26 164.17 0.029 -0.001 0.9300
conv5 163 2.63 -4.03 26.28 27.42 21.86 0.042 -0.000 0.9543
conv5 164 5.26 -1.34 32.68 27.16 153.66 0.035 -0.000 0.9380
conv5 165 3.60 -4.18 24.42 22.52 101.62 0.047 0.001 0.9383
conv5 166 0.85 -1.50 22.68 22.27 115.34 0.044 0.001 0.9494
conv5 167 -0.76 4.37 29.26 27.08 69.78 0.039 -0.001 0.8852
conv5 168 2.10 0.14 32.02 33.08 178.55 0.029 -0.001 0.9429
conv5 169 3.47 0.58 29.51 31.09 163.42 0.046 -0.001 0.9529
conv5 170 2.90 -3.50 19.78 21.98 4.32 0.047 0.001 0.9555
conv5 171 1.77 -3.11 23.13 24.31 56.00 0.051 0.001 0.9577
conv5 172 2.45 -6.91 24.45 26.49 169.17 0.042 0.000 0.9545
conv5 173 2.31 0.86 27.88 25.13 172.14 0.039 -0.000 0.9636
conv5 174 -0.05 -3.01 24.87 26.14 102.59 0.031 0.000 0.9445
conv5 175 2.92 0.21 26.07 27.84 3.64 0.049 0.000 0.9665
conv5 176 1.45 -2.72 26.76 25.21 128.77 0.032 0.000 0.9583
conv5 177 1.62 0.57 27.93 29.78 172.22 0.049 -0.000 0.9528
conv5 178 -0.84 -4.83 27.79 21.64 173.63 0.048 0.000 0.9585
conv5 179 7.60 8.77 30.30 36.06 171.80 0.035 -0.001 0.9235
conv5 180 2.69 -0.17 26.99 28.47 17.91 0.045 -0.000 0.9668
conv5 181 2.10 -3.40 29.24 31.67 3.39 0.044 -0.001 0.9563
conv5 182 3.36 -2.02 22.82 25.53 173.51 0.038 0.001 0.9425
conv5 183 2.07 -3.48 20.23 23.97 62.59 0.044 0.001 0.9316
conv5 184 1.75 -1.70 29.66 30.44 165.57 0.038 -0.001 0.9500
conv5 185 4.76 0.88 27.12 19.54 178.39 0.045 0.001 0.8388
conv5 186 0.18 -5.79 23.97 25.57 167.17 0.046 0.000 0.9458
conv5 187 -4.60 2.78 27.86 23.40 76.99 0.050 0.000 0.9605
conv5 188 0.37 4.60 25.71 22.43 89.63 0.044 0.001 0.9479
conv5 189 4.69 4.05 26.47 30.71 172.65 0.035 0.000 0.9464
conv5 190 -0.32 -2.14 24.44 25.99 162.67 0.048 0.000 0.9629
conv5 191 5.31 -9.85 20.29 27.09 3.78 0.046 0.001 0.9502
conv5 192 8.87 4.74 28.08 23.75 165.40 0.049 0.000 0.9240
conv5 193 4.38 0.95 29.61 27.64 47.29 0.041 -0.000 0.9574
conv5 194 -0.88 0.39 22.62 23.25 31.59 0.045 0.001 0.9281
conv5 195 2.03 1.49 26.61 28.28 1.94 0.037 -0.000 0.9614
conv5 196 2.25 -2.60 32.12 31.47 45.77 0.050 -0.001 0.9582
conv5 197 3.43 -9.96 24.23 22.11 123.65 0.044 0.001 0.9296
conv5 198 0.13 -1.79 22.69 26.53 178.29 0.046 0.001 0.9488
conv5 199 0.68 -1.20 22.39 27.96 9.00 0.047 0.001 0.9461
conv5 200 1.03 -4.86 27.65 26.17 86.57 0.039 -0.000 0.9255
conv5 201 -0.40 2.38 38.78 37.98 19.21 0.029 -0.002 0.8933
conv5 202 -0.05 -2.75 28.16 24.93 178.53 0.042 0.000 0.9641
conv5 203 1.14 -2.80 28.42 30.66 0.29 0.042 -0.001 0.9433
conv5 204 0.96 1.86 26.22 24.98 42.29 0.044 0.000 0.9597
conv5 205 3.73 -1.49 21.17 23.41 175.93 0.042 0.001 0.9179
conv5 206 1.63 -1.17 20.75 24.94 174.28 0.059 0.001 0.9614
conv5 207 -1.05 0.03 32.18 33.55 172.75 0.043 -0.001 0.9500
conv5 208 1.93 -5.53 27.73 28.96 56.87 0.043 -0.000 0.9535
conv5 209 1.42 -6.30 31.41 27.48 92.16 0.039 -0.000 0.9447
conv5 210 5.78 2.15 24.06 19.77 113.43 0.035 0.001 0.8895
conv5 211 2.99 2.18 27.47 23.68 104.76 0.044 0.001 0.9401
conv5 212 0.98 2.47 30.77 29.57 59.50 0.029 -0.000 0.9007
conv5 213 -0.61 -7.14 27.08 25.58 120.16 0.043 0.000 0.9539
conv5 214 -0.34 -1.92 26.89 25.52 69.90 0.046 0.000 0.9432
conv5 215 4.91 1.59 30.07 33.07 6.38 0.043 -0.001 0.9471
conv5 216 1.90 -5.26 26.76 27.83 159.75 0.047 0.000 0.9576
conv5 217 1.17 2.20 36.53 35.61 16.90 0.041 -0.002 0.9403
conv5 218 1.78 -2.44 45.35 43.17 85.33 0.035 -0.005 0.8714
conv5 219 4.22 -2.73 27.84 28.60 151.96 0.045 -0.000 0.9404
conv5 220 0.26 -5.73 25.97 30.93 179.55 0.051 0.000 0.9557
conv5 221 1.62 -4.64 21.61 20.37 83.04 0.065 0.001 0.9660
conv5 222 -0.27 -2.03 25.55 26.73 47.18 0.047 -0.000 0.9626
conv5 223 2.41 -1.91 29.57 33.90 159.95 0.038 -0.001 0.9477
conv5 224 2.62 0.24 24.67 26.96 163.32 0.051 0.000 0.9688
conv5 225 2.41 -2.71 29.58 29.77 49.04 0.040 -0.001 0.9576
conv5 226 1.09 -1.66 33.09 34.91 169.69 0.037 -0.001 0.9340
conv5 227 0.04 -6.95 29.43 26.12 58.36 0.027 0.000 0.8867
conv5 228 3.34 0.68 33.95 35.72 171.86 0.033 -0.001 0.9427
conv5 229 1.51 -3.90 27.59 30.00 13.08 0.048 -0.000 0.9552
conv5 230 2.43 -11.78 27.78 30.08 162.63 0.037 -0.000 0.9373
conv5 231 1.74 2.13 27.33 27.86 176.00 0.036 -0.000 0.9630
conv5 232 -0.16 -5.96 26.88 21.52 85.80 0.048 0.000 0.9183
conv5 233 -0.07 1.08 27.13 28.93 4.95 0.048 -0.000 0.9646
conv5 234 1.16 -5.35 23.22 18.41 173.09 0.056 0.001 0.8858
conv5 235 -0.41 -0.88 34.90 33.73 50.56 0.039 -0.002 0.9442
conv5 236 -0.82 2.85 23.30 26.76 5.55 0.043 0.000 0.9465
conv5 237 -1.03 2.48 28.08 28.94 177.14 0.039 -0.001 0.9434
conv5 238 0.04 -2.35 25.54 26.89 161.36 0.045 0.000 0.9572
conv5 239 0.88 -0.21 25.88 26.65 162.11 0.046 0.000 0.9543
conv5 240 3.60 -0.70 21.81 31.13 179.57 0.044 0.000 0.9548
conv5 241 -1.86 -7.16 28.43 27.22 79.99 0.048 -0.000 0.9370
conv5 242 4.75 1.88 21.20 24.57 4.24 0.047 0.001 0.9340
conv5 243 2.94 0.33 26.90 28.30 154.75 0.046 -0.000 0.9620
conv5 244 2.52 0.99 28.22 24.52 177.95 0.041 0.000 0.9459
conv5 245 2.12 0.39 26.14 26.18 5.37 0.046 0.000 0.9635
conv5 246 2.73 -2.50 27.06 23.42 167.33 0.048 0.001 0.9347
conv5 247 3.65 2.14 29.21 27.69 107.98 0.034 -0.000 0.9540
conv5 248 -0.15 -1.23 25.06 25.35 159.36 0.053 -0.000 0.9673
conv5 249 4.58 -0.14 22.41 27.35 167.58 0.044 0.001 0.9369
conv5 250 2.80 4.05 21.29 27.67 1.16 0.044 0.001 0.9424
conv5 251 2.17 1.02 27.88 29.53 15.56 0.038 -0.000 0.9537
conv5 252 3.92 1.05 29.25 28.28 129.15 0.037 -0.000 0.9432
conv5 253 3.39 0.22 27.19 24.45 161.19 0.041 0.000 0.9444
conv5 254 2.27 -1.77 34.11 27.06 100.55 0.030 -0.001 0.8751
conv5 255 2.06 0.37 23.27 24.67 158.64 0.055 0.000 0.9651
