conv1 0 2.47 3.71 2.47 3.71
conv1 1 -4.12 3.71 -3.30 3.51
conv1 2 1.03 -0.21 1.24 0.00
conv1 3 -0.72 -0.31 -0.72 -0.31
conv1 4 -0.00 0.00 -0.00 0.00
conv1 5 0.82 0.41 0.82 0.41
conv1 6 0.62 -0.21 0.62 -0.21
conv1 7 2.99 3.71 1.65 2.47
conv1 8 -3.04 -2.73 -3.04 -2.73
conv1 9 0.67 0.62 0.67 0.62
conv1 10 0.41 -1.96 0.41 -1.96
conv1 11 0.00 0.00 0.00 0.00
conv1 12 -1.44 0.62 -1.44 0.62
conv1 13 0.72 0.41 0.72 0.41
conv1 14 0.21 0.62 0.21 0.62
conv1 15 -2.89 -4.12 -3.09 -4.12
conv1 16 0.83 -0.41 0.83 -0.41
conv1 17 0.00 1.24 0.00 1.24
conv1 18 0.57 0.41 0.57 0.41
conv1 19 0.67 -4.80 -0.62 -4.12
conv1 20 2.06 1.65 2.06 1.65
conv1 21 2.27 0.62 1.24 1.03
conv1 22 0.52 1.34 0.52 1.34
conv1 23 0.21 -0.21 0.21 -0.21
conv1 24 -0.10 0.52 -0.10 0.52
conv1 25 -1.44 1.03 -1.44 1.03
conv1 26 -2.68 -2.06 -2.89 -2.06
conv1 27 1.13 1.03 1.13 1.03
conv1 28 -0.67 1.34 -0.67 1.34
conv1 29 0.62 -1.03 0.62 -0.82
conv1 30 0.00 -0.83 0.00 -0.83
conv1 31 -2.27 0.21 -2.27 0.21
conv1 32 -0.52 -1.86 -0.52 -1.86
conv1 33 1.91 1.65 1.91 1.65
conv1 34 1.65 0.52 1.65 0.52
conv1 35 -4.69 4.64 -4.49 4.69
conv1 36 3.71 -2.27 3.30 -1.34
conv1 37 0.00 0.00 -1.24 -0.21
conv1 38 0.41 -1.03 0.41 -1.03
conv1 39 0.93 -1.75 0.93 -1.75
conv1 40 -0.05 -1.34 1.24 -1.03
conv1 41 0.46 1.03 0.46 1.03
conv1 42 0.21 2.68 0.21 2.68
conv1 43 -0.62 -0.82 -0.62 -0.82
conv1 44 1.86 1.86 1.86 1.86
conv1 45 0.00 0.00 0.00 0.00
conv1 46 -4.12 0.00 -4.12 -0.21
conv1 47 -0.41 0.41 -0.41 0.41
conv1 48 1.03 2.58 1.03 2.58
conv1 49 -1.86 -1.03 -1.86 -1.03
conv1 50 0.82 0.00 0.82 0.00
conv1 51 4.12 -1.44 4.12 -0.62
conv1 52 -0.82 -1.03 -0.62 -0.62
conv1 53 -0.21 -1.03 0.00 -1.24
conv1 54 -0.31 0.26 -0.31 0.26
conv1 55 -0.72 -1.65 -0.72 -1.65
conv1 56 -2.06 -1.65 -2.06 -1.65
conv1 57 0.00 0.00 0.00 0.00
conv1 58 0.00 0.00 0.00 0.00
conv1 59 0.00 0.41 0.00 0.41
conv1 60 0.72 -0.31 0.72 -0.31
conv1 61 2.47 1.55 2.47 1.55
conv1 62 -0.41 -0.41 -0.41 -0.41
conv1 63 -0.82 1.60 -0.82 1.60
conv2 0 1.20 0.00 9.56 -5.50
conv2 1 0.00 0.00 0.00 0.00
conv2 2 -18.65 -5.50 0.00 -4.78
conv2 3 8.13 -4.30 -1.43 -1.91
conv2 4 -8.61 -12.91 0.96 13.87
conv2 5 12.43 5.74 9.08 6.22
conv2 6 0.00 3.83 -0.96 0.00
conv2 7 -3.82 -1.20 4.78 0.96
conv2 8 -0.48 -1.43 0.00 0.00
conv2 9 0.00 0.00 0.00 0.00
conv2 10 8.13 -14.82 -5.26 6.22
conv2 11 -0.48 -3.35 0.00 0.00
conv2 12 0.00 -2.39 1.91 -2.39
conv2 13 0.00 -8.37 0.00 0.00
conv2 14 -8.13 -10.04 0.96 5.74
conv2 15 18.65 -1.43 0.00 -1.20
conv2 16 0.00 -6.69 -2.39 -0.96
conv2 17 12.19 -17.93 -0.96 -0.48
conv2 18 -18.41 15.30 0.00 0.00
conv2 19 -6.69 -2.39 1.20 0.24
conv2 20 -0.48 4.30 0.00 0.48
conv2 21 13.87 -1.20 -6.10 -1.31
conv2 22 -3.83 -4.54 3.83 8.13
conv2 23 -5.74 -14.82 0.00 1.91
conv2 24 -6.22 19.13 -3.83 0.00
conv2 25 2.39 0.24 4.54 0.72
conv2 26 0.00 -3.83 0.00 0.00
conv2 27 3.11 4.78 1.67 7.41
conv2 28 0.48 12.91 0.00 0.96
conv2 29 0.48 -17.69 0.00 -3.83
conv2 30 0.00 13.39 0.00 -11.48
conv2 31 -2.39 -1.91 -3.35 0.00
conv2 32 4.78 7.65 0.00 -3.35
conv2 33 6.22 -3.35 0.96 -0.96
conv2 34 0.00 3.83 0.00 0.96
conv2 35 -0.96 0.00 -0.96 0.00
conv2 36 0.00 0.00 7.89 -3.35
conv2 37 5.98 -5.74 2.39 10.52
conv2 38 4.06 0.72 -1.91 -0.48
conv2 39 8.13 -9.08 0.00 0.00
conv2 40 4.06 16.97 -4.30 -8.61
conv2 41 0.96 -11.00 1.20 1.20
conv2 42 -17.69 7.17 11.00 -3.83
conv2 43 2.87 -19.13 1.43 4.30
conv2 44 4.30 13.87 0.48 -7.41
conv2 45 -1.43 -16.26 0.00 2.87
conv2 46 19.13 1.43 0.00 -0.96
conv2 47 2.39 2.15 -1.43 0.96
conv2 48 17.45 0.48 -8.13 0.96
conv2 49 -4.78 8.61 -4.78 7.65
conv2 50 10.52 9.56 -3.35 0.96
conv2 51 -3.82 -2.87 4.30 0.00
conv2 52 -6.22 -6.22 14.82 -3.83
conv2 53 18.89 9.08 -12.43 -0.48
conv2 54 6.22 0.00 -1.91 -0.96
conv2 55 -3.59 0.48 0.00 0.00
conv2 56 -2.39 -2.39 -1.79 2.63
conv2 57 10.28 12.19 0.00 -16.73
conv2 58 4.30 2.87 2.39 4.30
conv2 59 -3.35 -11.95 1.91 0.00
conv2 60 -2.63 -12.43 4.30 0.72
conv2 61 0.00 1.91 -0.48 -1.91
conv2 62 16.02 1.67 -4.30 0.00
conv2 63 12.43 9.08 -10.52 -0.96
conv2 64 4.06 -7.65 -2.15 4.06
conv2 65 0.48 -0.48 4.30 -0.36
conv2 66 0.96 -6.22 0.00 -6.22
conv2 67 1.43 -0.48 0.00 0.00
conv2 68 0.96 0.00 -1.43 0.00
conv2 69 -7.89 -3.82 0.72 -0.24
conv2 70 -5.74 1.43 0.00 0.96
conv2 71 -4.54 -18.89 -4.06 -2.39
conv2 72 0.00 -1.91 0.00 -0.96
conv2 73 -14.34 -10.04 2.39 1.43
conv2 74 -1.43 -3.35 7.89 -3.83
conv2 75 -12.43 16.02 -0.48 -1.91
conv2 76 12.19 0.48 -3.59 0.24
conv2 77 2.39 1.91 0.48 -1.43
conv2 78 -17.69 0.00 0.00 1.91
conv2 79 -15.06 9.80 0.48 -1.91
conv2 80 -0.24 -16.26 -0.48 11.71
conv2 81 -0.96 -8.61 0.00 0.00
conv2 82 3.82 6.45 0.00 -14.34
conv2 83 0.00 -2.87 0.00 0.00
conv2 84 0.00 -0.48 2.87 1.43
conv2 85 -17.21 1.91 4.30 1.43
conv2 86 -0.96 -1.43 0.48 -5.98
conv2 87 0.24 -5.62 0.00 -5.50
conv2 88 -16.02 2.63 13.39 -0.96
conv2 89 9.32 17.93 0.00 0.00
conv2 90 15.78 4.30 2.39 0.00
conv2 91 11.00 -2.39 5.74 -2.39
conv2 92 -7.65 -10.52 0.24 8.13
conv2 93 -7.65 0.96 2.87 -2.87
conv2 94 6.57 8.37 4.78 8.13
conv2 95 18.17 3.11 -8.85 1.91
conv2 96 -16.73 6.22 0.00 -8.13
conv2 97 0.00 0.48 0.00 0.00
conv2 98 4.78 12.43 -5.50 0.72
conv2 99 -4.78 0.00 -3.83 -2.87
conv2 100 11.48 8.61 2.87 -1.91
conv2 101 2.87 -4.78 0.00 6.22
conv2 102 0.00 9.32 0.00 0.00
conv2 103 3.35 -11.95 0.00 5.98
conv2 104 0.00 0.00 0.00 -1.43
conv2 105 -2.87 2.63 -12.91 5.26
conv2 106 -16.73 4.78 -4.30 5.26
conv2 107 2.15 -1.91 0.00 0.00
conv2 108 -5.50 -0.24 3.83 0.00
conv2 109 -13.39 -5.74 0.96 1.43
conv2 110 0.00 0.00 -0.00 -1.43
conv2 111 1.91 0.00 0.96 -1.91
conv2 112 0.00 10.52 2.87 1.91
conv2 113 6.22 -0.48 8.61 -0.96
conv2 114 13.39 0.00 7.65 0.00
conv2 115 0.96 0.48 0.00 0.00
conv2 116 0.00 0.00 0.00 0.00
conv2 117 -1.67 -2.39 0.00 -10.04
conv2 118 5.74 7.65 0.00 -6.22
conv2 119 -5.50 0.96 0.48 -1.91
conv2 120 0.00 0.00 -0.48 -3.82
conv2 121 0.00 -14.82 3.83 19.13
conv2 122 -11.71 -11.24 -1.43 -0.96
conv2 123 -17.21 4.78 0.00 -3.82
conv2 124 19.13 5.98 0.24 -4.06
conv2 125 -12.43 15.78 4.30 -1.43
conv2 126 6.22 6.22 -2.39 -5.26
conv2 127 -11.24 -8.85 -6.69 -3.83
conv2 128 -10.04 9.56 0.00 -5.26
conv2 129 -1.91 -0.48 0.00 -0.96
conv2 130 2.39 -9.08 0.00 0.00
conv2 131 0.24 16.97 0.00 -10.76
conv2 132 -12.43 0.96 18.17 0.00
conv2 133 11.48 -8.61 -15.30 10.52
conv2 134 -17.21 -12.43 -5.74 -4.78
conv2 135 12.43 -11.48 -10.52 0.96
conv2 136 1.43 12.91 0.00 -0.96
conv2 137 1.91 -5.26 -10.52 3.82
conv2 138 0.48 -0.48 0.96 -0.48
conv2 139 11.48 -10.52 -4.30 1.43
conv2 140 0.00 0.00 0.00 0.00
conv2 141 9.08 0.24 -8.13 5.74
conv2 142 -15.30 15.30 8.13 -4.78
conv2 143 -9.08 2.87 -7.65 3.35
conv2 144 0.48 -8.37 -0.48 6.69
conv2 145 -8.61 0.72 4.78 6.22
conv2 146 3.11 -5.02 -9.08 2.39
conv2 147 -0.24 18.89 0.00 0.00
conv2 148 -4.78 0.00 0.00 0.00
conv2 149 -11.48 -7.89 0.72 4.06
conv2 150 11.95 -14.82 5.74 -2.87
conv2 151 1.43 9.08 0.00 -3.83
conv2 152 0.96 1.91 0.48 -3.82
conv2 153 0.48 2.39 0.00 6.69
conv2 154 -1.67 -0.72 0.00 0.00
conv2 155 -0.72 0.72 0.00 -5.74
conv2 156 11.95 16.26 0.00 0.00
conv2 157 -13.39 4.78 -4.78 -0.96
conv2 158 0.00 -10.52 0.00 2.87
conv2 159 0.96 -5.26 0.00 -4.78
conv2 160 17.69 -7.41 -1.43 0.00
conv2 161 20.32 7.89 4.78 -2.39
conv2 162 -12.91 -10.04 0.00 -0.48
conv2 163 -1.43 -16.26 -0.96 10.28
conv2 164 0.00 13.39 -2.15 -0.72
conv2 165 -14.34 3.82 0.96 0.00
conv2 166 1.91 -11.48 -0.48 0.00
conv2 167 4.06 9.32 13.63 3.11
conv2 168 0.00 7.17 -0.24 -15.54
conv2 169 3.82 1.91 0.96 3.35
conv2 170 -1.43 -1.43 0.72 -0.72
conv2 171 11.00 0.00 -0.48 -6.22
conv2 172 0.00 -3.83 0.00 -1.43
conv2 173 3.83 10.04 0.48 0.96
conv2 174 0.00 3.82 0.00 0.00
conv2 175 7.65 6.69 3.35 1.43
conv2 176 0.96 -3.83 0.00 6.69
conv2 177 -0.96 17.21 0.00 -15.30
conv2 178 8.13 -18.65 -0.48 -0.96
conv2 179 -8.61 17.69 2.39 -2.87
conv2 180 0.00 -1.43 0.00 0.00
conv2 181 3.82 0.96 -1.91 0.00
conv2 182 -16.97 3.82 0.48 5.98
conv2 183 -3.11 -3.11 0.00 0.00
conv2 184 12.43 6.69 -11.48 0.96
conv2 185 -8.85 -6.69 1.91 12.91
conv2 186 6.22 -6.69 -1.91 7.17
conv2 187 -0.96 -3.35 0.00 1.91
conv2 188 -17.93 0.00 7.41 0.24
conv2 189 17.21 -5.74 -15.78 0.00
conv2 190 11.48 -1.43 7.65 1.91
conv2 191 -3.35 -1.91 0.48 -3.82
