conv2 25 237888 0
conv1 0 998 4795
conv2 26 0 237888
conv1 1 56337 180638
conv1 2 1733 1791
conv1 3 3437 4777
conv1 4 2124 2437
conv1 5 1217 1090
conv1 6 891 1088
conv1 7 73350 159588
conv2 27 237888 0
conv1 8 253625 10
conv1 9 3538 5876
conv1 10 1643 1757
conv1 11 1252 1839
conv1 12 1591 1975
conv1 13 1313 1468
conv1 14 1269 1648
conv1 15 72420 110144
conv1 16 3820 4534
conv1 17 1778 1717
conv1 18 1586 2152
conv2 28 0 237888
conv1 19 72803 109874
conv1 20 1742 2059
conv1 21 126412 90498
conv1 22 3357 5248
conv1 23 834 948
conv1 24 937 1221
conv1 25 1822 2226
conv1 26 353 250994
conv2 29 237888 0
conv1 27 4321 6419
conv1 28 2364 4478
conv1 29 3777 10612
conv1 30 1899 3001
conv1 31 293 250137
conv1 32 2363 2878
conv1 33 2831 3583
conv1 34 3266 3763
conv1 35 126384 90634
conv2 30 0 237888
conv1 36 69407 181393
conv1 37 90445 125827
conv1 38 1840 2441
conv2 31 237888 0
conv1 39 214 245084
conv1 40 126553 90576
conv1 41 1407 1526
conv1 42 1231 1516
conv1 43 1025 1252
conv1 44 1387 2509
conv2 32 0 237888
conv1 45 349 249822
conv1 46 651 161654
conv1 47 1519 1404
conv1 48 2705 4124
conv1 49 2301 2348
conv1 50 1010 1446
conv2 33 0 237888
conv1 51 93351 145065
conv1 52 72840 72755
conv1 53 108099 144444
conv1 54 1208 1497
conv1 55 2086 2567
conv1 56 1468 1641
conv1 57 837 1010
conv2 34 237888 0
conv1 58 71992 144967
conv1 59 1866 2375
conv1 60 33345 77219
conv1 61 1599 25554
conv1 62 1475 1311
conv1 63 5253 5623
conv2 35 0 237888
conv2 36 0 237888
conv2 37 0 237888
conv2 38 237888 0
conv2 39 0 237888
conv2 40 237888 0
conv2 41 237888 0
conv2 42 237888 0
conv2 43 0 237888
conv2 44 0 237888
conv2 45 237888 0
conv2 46 237888 0
conv2 47 0 237888
conv2 48 237888 0
conv2 49 0 237888
conv2 50 0 237888
conv2 0 11702 38667
conv2 1 737 5851
conv2 2 9207 26957
conv2 51 237888 0
conv2 3 367 200632
conv2 4 15265 26436
conv2 52 237888 0
conv2 5 1086 183680
conv2 53 237888 0
conv2 6 17363 84370
conv2 7 44758 121933
conv2 8 1181 7656
conv2 54 0 237888
conv2 9 226 105347
conv2 10 25324 16838
conv2 11 1043 13153
conv2 12 1221 7524
conv2 13 65643 8227
conv2 55 237888 0
conv2 14 3766 85161
conv2 15 24938 12492
conv2 16 2360 13595
conv2 17 27226 10473
conv2 56 0 237888
conv2 18 179183 12403
conv2 19 27678 16483
conv2 57 0 237888
conv2 20 21920 57473
conv2 21 15453 24889
conv2 22 3190 89335
conv2 58 237888 0
conv2 23 405 89418
conv2 24 11248 19992
conv2 25 13394 6852
conv2 26 4686 24291
conv2 27 6349 8691
conv2 59 237888 0
conv2 28 194 189527
conv2 29 2401 10247
conv2 30 1308 5539
conv2 31 4885 4909
conv2 60 237888 0
conv2 32 522 185664
conv2 61 0 237888
conv2 33 679 221967
conv2 34 9555 5398
conv2 35 1594 7860
conv2 62 237888 0
conv2 36 3152 151065
conv2 37 2176 99970
conv2 38 44406 18799
conv2 63 237888 0
conv2 39 1761 202690
conv2 40 13497 12667
conv2 41 43474 8178
conv2 64 237888 0
conv2 42 727 14736
conv2 43 4097 6992
conv2 44 5144 13262
conv2 65 0 237888
conv2 45 190430 9671
conv2 46 7768 6889
conv2 47 5186 11624
conv2 48 6010 10192
conv2 49 2731 9386
conv2 50 3652 91538
conv2 51 6976 13923
conv2 52 7873 13190
conv2 66 0 237888
conv2 53 25794 18881
conv2 54 569 91102
conv2 55 15351 82584
conv2 67 237888 0
conv2 56 7808 117100
conv2 68 237888 0
conv2 57 3517 157577
conv2 58 12859 10208
conv2 59 50060 22081
conv2 60 11195 10264
conv2 69 0 237888
conv2 61 1112 87841
conv2 62 14958 53759
conv2 63 95010 17662
conv2 70 237888 0
conv2 64 162311 9640
conv2 65 4246 7329
conv2 66 4761 9523
conv2 67 26397 5285
conv2 68 9545 6995
conv2 71 0 237888
conv2 69 8507 15463
conv2 70 12138 8783
conv2 71 9891 20797
conv2 72 2416 12206
conv2 73 65989 18815
conv2 72 0 237888
conv2 74 784 226554
conv2 75 16371 13304
conv2 76 19127 14096
conv2 73 237888 0
conv2 77 17735 51968
conv2 78 31635 10041
conv2 79 28437 12929
conv2 80 13688 16759
conv2 74 0 237888
conv2 81 469 56050
conv2 82 16949 16802
conv2 83 8972 8860
conv2 84 1037 21564
conv2 85 1859 8374
conv2 86 12319 11226
conv2 87 11796 30907
conv2 88 11258 18668
conv2 75 237888 0
conv2 89 6527 75128
conv2 90 973 8389
conv2 91 3472 9446
conv2 92 37263 12587
conv2 76 237888 0
conv2 93 3194 121001
conv2 94 6576 19480
conv2 95 7912 16516
conv2 96 10514 10727
conv2 97 1927 11834
conv2 98 4947 13076
conv2 99 1933 66543
conv2 100 7977 8900
conv2 77 237888 0
conv2 101 700 160242
conv2 102 5132 9665
conv2 103 19302 15001
conv2 104 1240 7126
conv2 78 237888 0
conv2 105 21609 19370
conv2 106 752 149752
conv2 107 6038 32651
conv2 79 237888 0
conv2 108 448 195174
conv2 109 5002 11271
conv2 80 237888 0
conv2 110 4510 151379
conv2 111 1989 7754
conv2 81 0 237888
conv2 112 1312 139956
conv2 113 5479 13864
conv2 114 709 5644
conv2 115 27617 7850
conv2 116 994 4627
conv2 82 237888 0
conv2 117 1149 147931
conv2 118 1416 134233
conv2 119 4620 11143
conv2 120 1720 6963
conv2 83 237888 0
conv2 121 51167 110228
conv2 84 0 237888
conv2 122 66441 87306
conv2 123 62125 11043
conv2 85 237888 0
conv2 124 4630 171500
conv2 125 7161 139150
conv2 86 237888 0
conv2 126 21360 72373
conv2 127 2574 14798
conv2 128 22363 14354
conv2 129 12387 44097
conv2 87 0 237888
conv2 130 141114 6809
conv2 131 8330 14831
conv2 132 9606 29653
conv2 88 0 237888
conv2 133 2486 119579
conv2 134 7316 122420
conv2 135 6956 12827
conv2 136 2430 4514
conv2 137 4882 7948
conv2 138 4934 8980
conv2 89 237888 0
conv2 139 46673 6291
conv2 140 1252 8446
conv2 141 7980 17035
conv2 142 25015 24890
conv2 143 1987 22821
conv2 144 7252 19580
conv2 145 5612 32522
conv2 90 237888 0
conv2 146 2414 193820
conv2 147 7215 7944
conv2 148 13340 13195
conv2 91 237888 0
conv2 149 1344 211278
conv2 150 1533 15290
conv2 92 237888 0
conv2 151 72027 8769
conv2 152 4090 9930
conv2 153 3663 10090
conv2 93 0 237888
conv2 154 7160 137832
conv2 155 6058 10037
conv2 156 135834 12475
conv2 157 650 10476
conv2 94 237888 0
conv2 158 2473 29793
conv2 159 2055 8908
conv2 160 178462 10416
conv2 95 0 237888
conv2 161 46330 121372
conv2 162 5498 15872
conv2 163 10149 11804
conv2 96 237888 0
conv2 164 78358 5341
conv2 165 12151 139118
conv2 97 237888 0
conv2 166 51297 11875
conv2 167 5268 8961
conv2 168 8509 25540
conv2 169 4252 9215
conv2 170 6610 9905
conv2 171 72015 14920
conv2 98 0 237888
conv2 172 839 140109
conv2 99 0 237888
conv2 173 205074 3925
conv2 174 70742 50431
conv2 100 0 237888
conv2 175 33444 10369
conv2 176 271 78519
conv2 177 4391 78508
conv2 178 3810 12452
conv2 101 0 237888
conv2 179 28842 19840
conv2 180 1576 23094
conv2 181 3861 88541
conv2 182 9467 12066
conv2 183 41736 4636
conv2 184 1540 5592
conv2 102 0 237888
conv2 185 76936 18804
conv2 186 5663 11658
conv2 187 34685 14065
conv2 188 12955 15535
conv2 189 10497 28381
conv2 190 3258 11875
conv2 103 237888 0
conv2 191 6729 19581
conv2 104 237888 0
conv2 105 237888 0
conv2 106 237888 0
conv2 107 237888 0
conv2 108 0 237888
conv2 109 0 237888
conv2 110 0 237888
conv2 111 237888 0
conv2 112 0 237888
conv2 113 0 237888
conv2 114 237888 0
conv2 115 237888 0
conv2 116 237888 0
conv2 117 0 237888
conv2 118 0 237888
conv2 119 237888 0
