conv1 0 656 0.00 4.12 18.3201 657 0.00 4.12 -20.2612
conv1 1 241 -4.12 4.12 2.7473 251 -4.12 4.12 -7.7908
conv1 2 825 4.12 0.00 28.2951 824 4.12 0.00 -28.3692
conv1 3 1834 4.12 0.00 7.6405 1835 4.12 0.00 -7.7996
conv1 4 125 -4.12 0.00 20.2481 124 -4.12 0.00 -20.4799
conv1 5 799 4.12 0.00 8.6579 798 4.12 0.00 -8.6075
conv1 6 533 0.00 0.00 13.5780 532 0.00 0.00 -13.7283
conv1 7 968 4.12 4.12 6.6236 480 0.00 0.00 -10.0940
conv1 8 2017 -4.12 -4.12 4.2632 2016 -4.12 -4.12 -0.9725
conv1 9 11984 2.06 0.00 6.3730 11985 2.06 0.00 -6.5709
conv1 10 5643 0.00 -2.06 9.4408 5642 0.00 -2.06 -9.4729
conv1 11 532 0.00 0.00 13.0226 533 0.00 0.00 -13.2790
conv1 12 4942 -2.06 0.00 11.1739 4943 -2.06 0.00 -11.3055
conv1 13 1526 0.00 0.00 12.9815 1527 0.00 0.00 -13.0506
conv1 14 527 0.00 0.00 12.4470 526 0.00 0.00 -12.5956
conv1 15 78 -4.12 -4.12 7.4665 75 -4.12 -4.12 -10.1219
conv1 16 1485 0.00 0.00 10.1209 1484 0.00 0.00 -10.2219
conv1 17 625 0.00 4.12 9.6225 624 0.00 4.12 -9.5983
conv1 18 1470 0.00 0.00 12.3703 1471 0.00 0.00 -12.5730
conv1 19 7895 6.19 -4.12 8.5722 1727 4.12 -4.12 -11.6543
conv1 20 892 4.12 0.00 29.6106 893 4.12 0.00 -29.8865
conv1 21 514 0.00 0.00 23.7854 515 0.00 0.00 -23.8838
conv1 22 1513 0.00 0.00 6.2890 1512 0.00 0.00 -6.4468
conv1 23 448 0.00 0.00 11.8332 449 0.00 0.00 -11.9142
conv1 24 1457 0.00 0.00 14.5641 1456 0.00 0.00 -14.7557
conv1 25 2520 0.00 0.00 11.1512 2521 0.00 0.00 -11.2923
conv1 26 14 -4.12 -4.12 6.2949 15 -4.12 -4.12 -10.1697
conv1 27 1792 4.12 0.00 5.8045 1793 4.12 0.00 -5.9746
conv1 28 1583 0.00 4.12 8.0891 1582 0.00 4.12 -8.3667
conv1 29 461 0.00 0.00 7.8268 460 0.00 0.00 -8.2203
conv1 30 1456 0.00 0.00 10.4772 1457 0.00 0.00 -10.7330
conv1 31 5026 -2.06 0.00 8.3409 5027 -2.06 0.00 -12.3599
conv1 32 559 0.00 0.00 8.2247 558 0.00 0.00 -8.3199
conv1 33 6706 2.06 2.06 9.0136 6707 2.06 2.06 -9.1345
conv1 34 1359 0.00 -4.12 7.8563 1358 0.00 -4.12 -7.9264
conv1 35 4407 -4.12 4.12 13.0782 4406 -4.12 4.12 -13.8468
conv1 36 818 4.12 0.00 2.4890 681 4.12 -4.12 -7.9003
conv1 37 487 0.00 0.00 30.6718 486 0.00 0.00 -29.3508
conv1 38 418 0.00 -4.12 16.3624 419 0.00 -4.12 -16.6933
conv1 39 351 0.00 -4.12 10.3208 350 0.00 -4.12 -14.5795
conv1 40 485 0.00 0.00 8.0119 484 0.00 0.00 -7.9034
conv1 41 1541 0.00 0.00 14.8861 1540 0.00 0.00 -14.9410
conv1 42 615 0.00 4.12 26.5682 614 0.00 4.12 -26.9088
conv1 43 518 0.00 0.00 9.5197 519 0.00 0.00 -9.6383
conv1 44 611 0.00 4.12 22.2441 610 0.00 4.12 -23.0871
conv1 45 5810 0.00 0.00 8.3618 5811 0.00 0.00 -12.2405
conv1 46 223 -4.12 0.00 7.3556 222 -4.12 0.00 -9.7744
conv1 47 798 4.12 0.00 7.9580 799 4.12 0.00 -7.9273
conv1 48 498 0.00 0.00 8.4178 499 0.00 0.00 -8.6340
conv1 49 204 -4.12 0.00 26.3920 205 -4.12 0.00 -26.4417
conv1 50 477 0.00 0.00 14.4276 476 0.00 0.00 -14.7282
conv1 51 710 4.12 -4.12 5.3555 711 4.12 -4.12 -9.0587
conv1 52 484 0.00 0.00 9.8185 485 0.00 0.00 -10.0042
conv1 53 429 0.00 -4.12 4.1934 428 0.00 -4.12 -4.2288
conv1 54 2521 0.00 0.00 11.9090 2520 0.00 0.00 -12.0489
conv1 55 1191 -4.12 0.00 10.5576 1190 -4.12 0.00 -10.6739
conv1 56 121 -4.12 0.00 15.5765 120 -4.12 0.00 -15.7026
conv1 57 1498 0.00 0.00 14.9676 1499 0.00 0.00 -15.1119
conv1 58 503 0.00 0.00 8.2546 502 0.00 0.00 -10.7902
conv1 59 615 0.00 4.12 16.9950 614 0.00 4.12 -17.2301
conv1 60 1526 0.00 0.00 3.7924 1527 0.00 0.00 -3.8806
conv1 61 882 4.12 0.00 5.1842 883 4.12 0.00 -5.8359
conv1 62 405 0.00 -4.12 10.4495 404 0.00 -4.12 -10.3481
conv1 63 1316 -4.12 4.12 6.6356 1317 -4.12 4.12 -6.6648
conv2 0 26305 0.00 0.00 38.2256 28433 9.56 -14.34 -23.3958
conv2 1 2491 0.00 0.00 58.3712 2570 0.00 0.00 -47.4095
conv2 2 21246 -19.12 -4.78 39.5314 5709 0.00 -9.56 -39.4594
conv2 3 457 0.00 0.00 12.6128 1565 0.00 0.00 -92.2276
conv2 4 4926 -9.56 -9.56 17.4303 670 0.00 19.12 -31.2098
conv2 5 891 19.12 0.00 26.2181 893 19.12 0.00 -90.6758
conv2 6 5806 0.00 0.00 89.3577 501 0.00 0.00 -71.4115
conv2 7 2160 -19.12 0.00 14.7765 1492 0.00 0.00 -49.9193
conv2 8 2519 0.00 0.00 47.1546 1535 0.00 0.00 -44.6086
conv2 9 559 0.00 0.00 55.5653 5751 0.00 0.00 -139.6319
conv2 10 1367 0.00 -19.12 13.6853 5053 -9.56 9.56 -30.2485
conv2 11 5806 0.00 0.00 144.0256 501 0.00 0.00 -114.8271
conv2 12 2473 0.00 0.00 39.1841 460 0.00 0.00 -27.4639
conv2 13 484 0.00 0.00 24.8717 1524 0.00 0.00 -103.4710
conv2 14 543 0.00 0.00 28.9456 1559 0.00 0.00 -52.8587
conv2 15 1818 19.12 0.00 22.2923 5822 0.00 0.00 -58.2638
conv2 16 513 0.00 0.00 29.7377 1525 0.00 0.00 -66.5070
conv2 17 1398 0.00 -19.12 22.6246 5794 0.00 0.00 -45.9987
conv2 18 21627 -19.12 14.34 15.8261 462 0.00 0.00 -70.1803
conv2 19 23 -19.12 -19.12 18.8428 5739 0.00 0.00 -48.5311
conv2 20 5738 0.00 0.00 28.6951 1554 0.00 0.00 -23.7441
conv2 21 43499 14.34 0.00 18.8872 15946 -9.56 0.00 -16.8300
conv2 22 26156 0.00 -4.78 81.8524 474 0.00 0.00 -71.1050
conv2 23 418 0.00 -19.12 39.5216 1552 0.00 0.00 -139.2018
conv2 24 5991 0.00 19.12 25.7944 1511 0.00 0.00 -28.2102
conv2 25 17500 9.56 0.00 13.7026 17543 9.56 0.00 -38.7930
conv2 26 26165 0.00 -4.78 62.1106 557 0.00 0.00 -37.0182
conv2 27 1497 0.00 0.00 17.1689 11382 0.00 9.56 -46.6188
conv2 28 2644 0.00 19.12 4.7090 5762 0.00 0.00 -48.4372
conv2 29 409 0.00 -19.12 22.1576 391 0.00 -19.12 -40.2664
conv2 30 667 0.00 19.12 38.7456 432 0.00 -19.12 -54.7084
conv2 31 1512 0.00 0.00 14.9082 5740 0.00 0.00 -32.3471
conv2 32 401 0.00 -19.12 11.1175 1565 0.00 0.00 -67.5088
conv2 33 6439 9.56 -9.56 16.9751 1490 0.00 0.00 -44.9361
conv2 34 1516 0.00 0.00 23.0770 1468 0.00 0.00 -64.6811
conv2 35 2501 0.00 0.00 38.7359 1566 0.00 0.00 -47.1678
conv2 36 531 0.00 0.00 44.1704 384 0.00 -19.12 -24.3088
conv2 37 6508 9.56 0.00 19.6626 16773 0.00 0.00 -20.5848
conv2 38 1411 0.00 -19.12 12.3018 1567 0.00 0.00 -36.3399
conv2 39 11915 9.56 -9.56 10.7360 5739 0.00 0.00 -46.3068
conv2 40 27819 4.78 14.34 20.9474 4979 -9.56 0.00 -19.7629
conv2 41 6410 9.56 -9.56 16.2397 2534 0.00 0.00 -48.9596
conv2 42 153 -19.12 0.00 42.6862 839 19.12 0.00 -78.5865
conv2 43 1411 0.00 -19.12 19.5704 1524 0.00 0.00 -27.0216
conv2 44 6691 9.56 9.56 21.8775 1357 0.00 -19.12 -46.8472
conv2 45 1370 0.00 -19.12 16.1605 1526 0.00 0.00 -45.7934
conv2 46 1899 19.12 0.00 35.6853 1567 0.00 0.00 -70.3018
conv2 47 17500 9.56 0.00 14.5751 16786 0.00 0.00 -35.4716
conv2 48 7348 19.12 0.00 32.3185 1188 -19.12 0.00 -27.4012
conv2 49 167 -19.12 0.00 21.7695 5878 0.00 9.56 -42.1393
conv2 50 6687 9.56 9.56 22.7406 2543 0.00 0.00 -34.1541
conv2 51 485 0.00 0.00 27.1668 6607 9.56 0.00 -44.5057
conv2 52 4867 -9.56 -9.56 32.0591 7247 19.12 -9.56 -21.7413
conv2 53 7432 19.12 9.56 18.7261 167 -19.12 0.00 -44.4602
conv2 54 1861 19.12 0.00 55.0088 530 0.00 0.00 -78.5993
conv2 55 477 0.00 0.00 9.0382 1469 0.00 0.00 -158.7712
conv2 56 5753 0.00 0.00 20.1106 50905 -9.56 0.00 -16.3430
conv2 57 642 0.00 19.12 10.5262 404 0.00 -19.12 -50.9855
conv2 58 1901 19.12 0.00 17.5825 182 -19.12 0.00 -32.2855
conv2 59 2444 0.00 -19.12 13.3402 1525 0.00 0.00 -53.1102
conv2 60 11166 0.00 -9.56 29.9391 27532 4.78 0.00 -32.1753
conv2 61 1469 0.00 0.00 23.6495 16773 0.00 0.00 -47.6505
conv2 62 2813 19.12 0.00 14.5485 4954 -9.56 0.00 -103.3154
conv2 63 792 19.12 0.00 17.4463 5027 -9.56 0.00 -50.5282
conv2 64 484 0.00 0.00 11.5190 2534 0.00 0.00 -80.9271
conv2 65 1468 0.00 0.00 24.1915 54545 4.78 0.00 -26.3424
conv2 66 1521 0.00 0.00 17.5692 1469 0.00 0.00 -18.2245
conv2 67 1520 0.00 0.00 20.6025 5740 0.00 0.00 -42.1281
conv2 68 1516 0.00 0.00 19.9248 16731 0.00 0.00 -30.2046
conv2 69 10327 -9.56 -9.56 18.1209 587 0.00 19.12 -22.7101
conv2 70 475 0.00 0.00 11.1931 2479 0.00 0.00 -49.7676
conv2 71 2435 0.00 -19.12 27.5917 15974 -9.56 0.00 -25.3422
conv2 72 2535 0.00 0.00 14.2005 2479 0.00 0.00 -23.4026
conv2 73 1231 -19.12 0.00 17.9451 5763 0.00 0.00 -36.1538
conv2 74 545 0.00 0.00 14.3675 5656 0.00 -9.56 -24.4738
conv2 75 5175 -9.56 19.12 16.6035 5755 0.00 0.00 -37.7609
conv2 76 11913 9.56 -9.56 27.4630 1189 -19.12 0.00 -52.5058
conv2 77 5837 0.00 9.56 15.4943 1484 0.00 0.00 -18.3544
conv2 78 9715 -19.12 0.00 22.3142 2563 0.00 0.00 -46.0629
conv2 79 4352 -19.12 9.56 35.6227 1496 0.00 0.00 -58.1181
conv2 80 16563 0.00 -19.12 17.0344 1577 0.00 19.12 -23.9941
conv2 81 414 0.00 -19.12 32.0897 526 0.00 0.00 -93.4018
conv2 82 26417 0.00 4.78 21.0136 5598 0.00 -19.12 -42.9529
conv2 83 5776 0.00 0.00 36.4654 11200 0.00 0.00 -97.9165
conv2 84 2491 0.00 0.00 32.2783 2506 0.00 0.00 -33.3669
conv2 85 126 -19.12 0.00 16.3599 866 19.12 0.00 -25.0526
conv2 86 1469 0.00 0.00 24.9409 26153 0.00 -4.78 -61.3567
conv2 87 40755 4.78 -14.34 11.2766 1450 0.00 -19.12 -16.9406
conv2 88 4209 -19.12 0.00 24.5632 6561 9.56 0.00 -30.4689
conv2 89 6760 9.56 19.12 15.7031 518 0.00 0.00 -35.6594
conv2 90 892 19.12 0.00 18.1425 855 19.12 0.00 -25.5637
conv2 91 1823 19.12 0.00 21.7334 6578 9.56 0.00 -38.8893
conv2 92 4881 -9.56 -9.56 23.5435 5889 0.00 9.56 -58.5548
conv2 93 157 -19.12 0.00 49.3296 514 0.00 0.00 -69.9252
conv2 94 95396 4.78 9.56 29.5507 6609 9.56 9.56 -20.4217
conv2 95 12832 19.12 0.00 27.4671 1188 -19.12 0.00 -42.1146
conv2 96 1159 -19.12 0.00 30.3798 1356 0.00 -19.12 -52.9156
conv2 97 1566 0.00 0.00 39.6113 1492 0.00 0.00 -35.0896
conv2 98 642 0.00 19.12 30.0687 1188 -19.12 0.00 -25.5915
conv2 99 471 0.00 0.00 30.2683 135 -19.12 0.00 -46.0687
conv2 100 2896 19.12 0.00 33.4149 2561 0.00 0.00 -32.0208
conv2 101 5745 0.00 0.00 25.0825 5862 0.00 9.56 -73.6844
conv2 102 2585 0.00 19.12 35.2239 470 0.00 0.00 -36.7834
conv2 103 11913 9.56 -9.56 19.2934 5837 0.00 9.56 -43.7429
conv2 104 2556 0.00 0.00 25.5255 1457 0.00 0.00 -41.8449
conv2 105 1494 0.00 0.00 13.4514 1203 -19.12 0.00 -15.4729
conv2 106 136 -19.12 0.00 37.1188 5051 -9.56 9.56 -70.6674
conv2 107 27491 4.78 0.00 40.1104 2542 0.00 0.00 -22.7368
conv2 108 480 0.00 0.00 10.6441 5807 0.00 0.00 -125.6100
conv2 109 10396 -9.56 -9.56 21.7737 5795 0.00 0.00 -59.9480
conv2 110 5751 0.00 0.00 56.2390 1131 -19.12 0.00 -20.5474
conv2 111 1524 0.00 0.00 31.4548 512 0.00 0.00 -27.8483
conv2 112 660 0.00 19.12 19.9282 474 0.00 0.00 -60.2886
conv2 113 1511 0.00 0.00 20.0562 5822 0.00 0.00 -39.3927
conv2 114 806 19.12 0.00 54.6122 807 19.12 0.00 -73.5666
conv2 115 2575 0.00 0.00 23.4908 2492 0.00 0.00 -66.8925
conv2 116 2547 0.00 0.00 76.8390 1497 0.00 0.00 -49.3316
conv2 117 26153 0.00 -4.78 14.4195 5709 0.00 -9.56 -71.0576
conv2 118 527 0.00 0.00 33.2527 363 0.00 -19.12 -61.3438
conv2 119 10457 -9.56 0.00 31.3641 2841 19.12 0.00 -35.6176
conv2 120 1469 0.00 0.00 35.7544 362 0.00 -19.12 -43.3830
conv2 121 445 0.00 -19.12 31.6053 627 0.00 19.12 -29.5990
conv2 122 2426 0.00 -19.12 15.4136 473 0.00 0.00 -141.8440
conv2 123 2140 -19.12 0.00 18.3832 1469 0.00 0.00 -58.1593
conv2 124 1900 19.12 0.00 29.6416 1565 0.00 0.00 -36.3554
conv2 125 1633 0.00 19.12 10.8187 1466 0.00 0.00 -110.2462
conv2 126 834 19.12 0.00 10.4104 530 0.00 0.00 -60.0902
conv2 127 4830 -9.56 -9.56 25.4165 447 0.00 -19.12 -33.6641
conv2 128 1131 -19.12 0.00 21.7093 5739 0.00 0.00 -75.4660
conv2 129 15989 -9.56 0.00 10.1452 1485 0.00 0.00 -30.9846
conv2 130 1411 0.00 -19.12 16.5065 1492 0.00 0.00 -87.1916
conv2 131 5949 0.00 19.12 27.6144 1356 0.00 -19.12 -40.2188
conv2 132 5066 -9.56 9.56 16.3943 1903 19.12 0.00 -60.5830
conv2 133 6477 9.56 -9.56 17.7786 1160 -19.12 0.00 -57.9173
conv2 134 1227 -19.12 0.00 15.7641 556 0.00 0.00 -159.6061
conv2 135 1829 19.12 0.00 36.1787 4853 -9.56 -9.56 -29.4584
conv2 136 666 0.00 19.12 64.8935 668 0.00 19.12 -68.6275
conv2 137 796 19.12 0.00 20.7414 10428 -9.56 0.00 -38.1495
conv2 138 1469 0.00 0.00 27.7524 1525 0.00 0.00 -73.8849
conv2 139 6393 9.56 -9.56 24.9471 463 0.00 0.00 -31.7933
conv2 140 2575 0.00 0.00 46.8632 1503 0.00 0.00 -48.7097
conv2 141 6551 9.56 0.00 26.8545 155 -19.12 0.00 -32.2704
conv2 142 1328 -19.12 19.12 25.7998 6578 9.56 0.00 -41.6925
conv2 143 10416 -9.56 0.00 18.1106 2464 0.00 0.00 -21.3280
conv2 144 5627 0.00 -9.56 21.0205 5889 0.00 9.56 -35.5977
conv2 145 5021 -9.56 0.00 13.3562 559 0.00 0.00 -43.9890
conv2 146 1860 19.12 0.00 49.8507 470 0.00 0.00 -53.2602
conv2 147 1623 0.00 19.12 30.6097 2519 0.00 0.00 -50.2753
conv2 148 120 -19.12 0.00 13.0632 2549 0.00 0.00 -39.4929
conv2 149 4878 -9.56 -9.56 12.8933 5879 0.00 9.56 -35.2564
conv2 150 780 19.12 -19.12 45.5423 838 19.12 0.00 -77.1587
conv2 151 2426 0.00 -19.12 12.8064 2535 0.00 0.00 -42.6089
conv2 152 1539 0.00 0.00 18.5577 490 0.00 0.00 -38.0398
conv2 153 11395 0.00 9.56 31.3287 667 0.00 19.12 -40.4820
conv2 154 26279 0.00 0.00 10.1387 502 0.00 0.00 -89.0894
conv2 155 11297 0.00 0.00 23.2830 434 0.00 -19.12 -34.0991
conv2 156 1635 0.00 19.12 16.2003 1525 0.00 0.00 -94.2680
conv2 157 138 -19.12 0.00 39.0603 474 0.00 0.00 -88.7462
conv2 158 5640 0.00 -9.56 66.9598 349 0.00 -19.12 -59.0946
conv2 159 2575 0.00 0.00 51.8882 5654 0.00 -9.56 -39.8374
conv2 160 7209 19.12 -9.56 13.1858 2478 0.00 0.00 -62.6226
conv2 161 2810 19.12 0.00 19.8209 500 0.00 0.00 -121.3643
conv2 162 10396 -9.56 -9.56 24.2809 1497 0.00 0.00 -54.5935
conv2 163 5500 0.00 -19.12 37.4526 1580 0.00 19.12 -53.5090
conv2 164 5850 0.00 9.56 26.2003 2506 0.00 0.00 -42.6844
conv2 165 10557 -9.56 9.56 9.8727 471 0.00 0.00 -52.1807
conv2 166 503 0.00 0.00 15.2020 16786 0.00 0.00 -28.9694
conv2 167 2687 0.00 19.12 30.0339 854 19.12 0.00 -38.0378
conv2 168 5847 0.00 9.56 28.7148 5515 0.00 -19.12 -31.9075
conv2 169 2519 0.00 0.00 27.1169 5822 0.00 0.00 -34.8760
conv2 170 16786 0.00 0.00 16.2460 41146 4.78 4.78 -26.9965
conv2 171 6575 9.56 0.00 18.5633 530 0.00 0.00 -28.0159
conv2 172 5801 0.00 0.00 26.9134 1481 0.00 0.00 -73.7317
conv2 173 1521 0.00 0.00 13.5383 546 0.00 0.00 -35.3814
conv2 174 557 0.00 0.00 55.5395 523 0.00 0.00 -28.4036
conv2 175 543 0.00 0.00 18.0144 1553 0.00 0.00 -37.1476
conv2 176 627 0.00 19.12 26.9811 640 0.00 19.12 -101.1184
conv2 177 605 0.00 19.12 34.6120 5612 0.00 -9.56 -59.5717
conv2 178 6379 9.56 -19.12 36.1868 5749 0.00 0.00 -65.8354
conv2 179 5207 -9.56 19.12 25.3842 1511 0.00 0.00 -61.3484
conv2 180 5751 0.00 0.00 136.0118 500 0.00 0.00 -121.2870
conv2 181 503 0.00 0.00 10.8936 448 0.00 0.00 -25.0326
conv2 182 2238 -19.12 0.00 17.5852 16898 0.00 9.56 -34.2630
conv2 183 11237 0.00 0.00 15.9636 1468 0.00 0.00 -22.0603
conv2 184 880 19.12 0.00 43.2419 194 -19.12 0.00 -97.2768
conv2 185 24765 -4.78 -9.56 21.0024 1665 0.00 19.12 -50.2770
conv2 186 6420 9.56 -9.56 12.7900 2506 0.00 0.00 -40.3574
conv2 187 461 0.00 0.00 20.4419 5810 0.00 0.00 -41.4301
conv2 188 4212 -19.12 0.00 27.5011 27497 4.78 0.00 -45.0656
conv2 189 7247 19.12 -9.56 41.4029 1188 -19.12 0.00 -37.9685
conv2 190 795 19.12 0.00 26.0619 811 19.12 0.00 -59.6468
conv2 191 1516 0.00 0.00 18.3948 16716 0.00 0.00 -27.3916
conv3 0 656 0.00 37.12 19.3114 15885 -18.56 -18.56 -53.4982
conv3 1 28377 18.56 -27.84 9.2657 25423 -9.28 27.84 -62.5276
conv3 2 6548 18.56 0.00 41.5748 26359 0.00 9.28 -72.9791
conv3 3 29070 18.56 27.84 14.0567 5753 0.00 0.00 -151.0591
conv3 4 2570 0.00 0.00 47.3162 555 0.00 0.00 -61.4337
conv3 5 5665 0.00 -18.56 33.9924 2560 0.00 0.00 -80.9094
conv3 6 10583 -18.56 18.56 24.4157 27381 9.28 -9.28 -97.2382
conv3 7 5917 0.00 18.56 16.5982 446 0.00 -37.12 -95.2337
conv3 8 25037 -9.28 0.00 29.0033 2557 0.00 0.00 -85.3005
conv3 9 2589 0.00 37.12 74.8192 6537 18.56 0.00 -113.4571
conv3 10 5806 0.00 0.00 23.0793 2509 0.00 0.00 -67.3353
conv3 11 120 -37.12 0.00 20.6585 10457 -18.56 0.00 -83.9650
conv3 12 1535 0.00 0.00 9.6274 5725 0.00 0.00 -62.3698
conv3 13 516 0.00 0.00 24.6139 5767 0.00 0.00 -129.9403
conv3 14 11267 0.00 0.00 29.4505 528 0.00 0.00 -49.2784
conv3 15 5740 0.00 0.00 9.5336 16780 0.00 0.00 -89.8323
conv3 16 95493 9.28 23.20 11.2550 194 -37.12 0.00 -63.4295
conv3 17 11213 0.00 0.00 32.2527 572 0.00 37.12 -75.5100
conv3 18 528 0.00 0.00 10.1142 2575 0.00 0.00 -58.3125
conv3 19 24667 -9.28 -27.84 20.6318 5809 0.00 0.00 -71.7542
conv3 20 6676 18.56 18.56 24.5252 24973 -9.28 -9.28 -65.4390
conv3 21 2589 0.00 37.12 43.5512 6425 18.56 -18.56 -64.2997
conv3 22 2864 37.12 0.00 30.3014 17565 18.56 0.00 -64.1575
conv3 23 2470 0.00 0.00 14.8291 2519 0.00 0.00 -80.3364
conv3 24 363 0.00 -37.12 35.3878 671 0.00 37.12 -75.2233
conv3 25 1549 0.00 0.00 19.6272 2505 0.00 0.00 -162.1064
conv3 26 151453 4.64 -4.64 23.0095 5739 0.00 0.00 -119.3991
conv3 27 321 -37.12 37.12 30.9105 16799 0.00 0.00 -100.1966
conv3 28 137 -37.12 0.00 16.4110 16743 0.00 0.00 -72.5147
conv3 29 88985 0.00 -32.48 5.4443 5935 0.00 18.56 -74.6613
conv3 30 6547 18.56 0.00 20.8220 2505 0.00 0.00 -50.1946
conv3 31 4759 -18.56 -37.12 17.4460 26220 0.00 0.00 -110.0195
conv3 32 11200 0.00 0.00 11.5248 554 0.00 0.00 -59.2513
conv3 33 381 0.00 -37.12 23.9635 529 0.00 0.00 -117.6851
conv3 34 1577 0.00 37.12 23.3012 2574 0.00 0.00 -38.3148
conv3 35 15175 -37.12 0.00 26.9546 6579 18.56 0.00 -93.1227
conv3 36 5844 0.00 18.56 33.3798 26358 0.00 9.28 -64.3226
conv3 37 835 37.12 0.00 21.9429 191 -37.12 0.00 -128.3239
conv3 38 26217 0.00 0.00 89.8223 470 0.00 0.00 -98.6609
conv3 39 2854 37.12 0.00 28.7137 446 0.00 -37.12 -73.2668
conv3 40 5697 0.00 -18.56 15.0949 12024 18.56 0.00 -72.4515
conv3 41 520 0.00 0.00 15.1066 11212 0.00 0.00 -103.9534
conv3 42 5656 0.00 -18.56 14.3894 11213 0.00 0.00 -124.3314
conv3 43 22732 -27.84 9.28 30.9255 838 37.12 0.00 -103.8773
conv3 44 5805 0.00 0.00 66.8487 2477 0.00 0.00 -124.6191
conv3 45 12847 37.12 0.00 21.3878 836 37.12 0.00 -37.4025
conv3 46 86509 -4.64 -27.84 12.6799 5805 0.00 0.00 -70.9639
conv3 47 5237 -18.56 37.12 2.6755 5791 0.00 0.00 -132.6400
conv3 48 5083 -18.56 18.56 5.2720 26317 0.00 0.00 -110.6510
conv3 49 513 0.00 0.00 25.0722 5765 0.00 0.00 -124.5174
conv3 50 24958 -9.28 -9.28 139.4830 12092 18.56 0.00 -192.1624
conv3 51 26302 0.00 0.00 85.4142 5730 0.00 0.00 -109.8689
conv3 52 26276 0.00 0.00 63.8374 825 37.12 0.00 -42.5613
conv3 53 84309 -9.28 -13.92 14.5487 11239 0.00 0.00 -89.1376
conv3 54 16771 0.00 0.00 35.3482 16715 0.00 0.00 -64.6333
conv3 55 5762 0.00 0.00 38.4349 5515 0.00 -37.12 -37.6530
conv3 56 27660 9.28 9.28 110.7265 22732 -27.84 9.28 -146.8742
conv3 57 87052 -4.64 -4.64 10.8075 5812 0.00 0.00 -90.4917
conv3 58 1493 0.00 0.00 31.5767 2557 0.00 0.00 -115.1250
conv3 59 92 -37.12 -37.12 16.3628 5762 0.00 0.00 -149.6434
conv3 60 190 -37.12 0.00 19.9522 12024 18.56 0.00 -73.0516
conv3 61 27439 9.28 -9.28 44.2652 2589 0.00 37.12 -40.9333
conv3 62 1494 0.00 0.00 17.9225 84503 -9.28 -4.64 -64.5046
conv3 63 549 0.00 0.00 9.6179 176 -37.12 0.00 -35.9930
conv3 64 22455 -27.84 -9.28 34.9227 1567 0.00 0.00 -52.3962
conv3 65 26309 0.00 0.00 47.9456 22703 -27.84 9.28 -35.9388
conv3 66 2669 0.00 37.12 27.2181 26135 0.00 -9.28 -78.8265
conv3 67 5808 0.00 0.00 19.4802 500 0.00 0.00 -77.7214
conv3 68 1859 37.12 0.00 39.9833 556 0.00 0.00 -122.0218
conv3 69 457 0.00 0.00 29.7809 11239 0.00 0.00 -105.6346
conv3 70 6701 18.56 18.56 27.9151 26316 0.00 0.00 -107.0456
conv3 71 461 0.00 0.00 28.8274 16687 0.00 -18.56 -49.2149
conv3 72 1524 0.00 0.00 16.1272 16799 0.00 0.00 -111.7152
conv3 73 867 37.12 0.00 45.9516 195 -37.12 0.00 -68.2805
conv3 74 2196 -37.12 0.00 27.6067 12025 18.56 0.00 -55.3443
conv3 75 4903 -18.56 -18.56 10.1155 27647 9.28 9.28 -97.8698
conv3 76 43343 27.84 -18.56 13.6486 11269 0.00 0.00 -87.9743
conv3 77 16743 0.00 0.00 38.3949 517 0.00 0.00 -56.9446
conv3 78 30057 27.84 9.28 26.5627 5748 0.00 0.00 -111.3986
conv3 79 86809 -4.64 -13.92 18.4309 5739 0.00 0.00 -76.1383
conv3 80 476 0.00 0.00 8.2657 11239 0.00 0.00 -203.6026
conv3 81 25129 -9.28 9.28 49.1441 440 0.00 -37.12 -71.1982
conv3 82 5907 0.00 18.56 23.9362 11239 0.00 0.00 -95.1607
conv3 83 450 0.00 0.00 20.0958 16799 0.00 0.00 -90.0115
conv3 84 27409 9.28 -9.28 35.4820 41103 9.28 0.00 -50.0925
conv3 85 624 0.00 37.12 4.6343 27381 9.28 -9.28 -147.2723
conv3 86 436 0.00 -37.12 7.1929 485 0.00 0.00 -54.6023
conv3 87 1221 -37.12 0.00 15.4422 937 37.12 37.12 -91.4198
conv3 88 95157 9.28 9.28 19.2940 446 0.00 -37.12 -81.3088
conv3 89 28485 18.56 -18.56 17.7827 5764 0.00 0.00 -94.0725
conv3 90 2476 0.00 0.00 24.4929 27537 9.28 0.00 -101.9349
conv3 91 16687 0.00 -18.56 35.0096 460 0.00 0.00 -76.3235
conv3 92 7372 37.12 0.00 26.0906 167 -37.12 0.00 -51.2829
conv3 93 26204 0.00 -9.28 28.5173 362 0.00 -37.12 -46.2115
conv3 94 10989 0.00 -37.12 39.3043 39964 0.00 9.28 -53.0240
conv3 95 1931 37.12 37.12 24.0494 26316 0.00 0.00 -119.7190
conv3 96 275 -37.12 37.12 18.6080 27579 9.28 9.28 -93.5789
conv3 97 5757 0.00 0.00 59.8167 500 0.00 0.00 -85.6507
conv3 98 5278 -18.56 55.69 -1.5199 442 0.00 -37.12 -105.6424
conv3 99 24958 -9.28 -9.28 45.7398 5814 0.00 0.00 -79.8122
conv3 100 6467 18.56 -18.56 24.3116 166 -37.12 0.00 -107.3836
conv3 101 1522 0.00 0.00 11.5235 554 0.00 0.00 -76.2853
conv3 102 84449 -9.28 -4.64 22.1921 11241 0.00 0.00 -132.8250
conv3 103 28652 18.56 -9.28 30.7134 671 0.00 37.12 -83.2515
conv3 104 659 0.00 37.12 10.2018 11180 0.00 -18.56 -59.4960
conv3 105 806 37.12 0.00 12.1725 16687 0.00 -18.56 -58.0777
conv3 106 7317 37.12 0.00 19.8955 4184 -37.12 0.00 -64.4025
conv3 107 22591 -27.84 0.00 36.6595 12063 18.56 0.00 -61.3753
conv3 108 26204 0.00 -9.28 58.6419 5912 0.00 18.56 -35.0841
conv3 109 81520 -13.92 -23.20 16.8718 16799 0.00 0.00 -98.9895
conv3 110 16799 0.00 0.00 45.4275 2544 0.00 0.00 -52.8638
conv3 111 5735 0.00 0.00 46.6425 25408 -9.28 27.84 -30.4507
conv3 112 517 0.00 0.00 13.7921 16766 0.00 0.00 -59.8916
conv3 113 5651 0.00 -18.56 20.5210 5724 0.00 0.00 -50.8766
conv3 114 6537 18.56 0.00 19.5093 2384 0.00 -37.12 -69.7876
conv3 115 826 37.12 0.00 19.6213 554 0.00 0.00 -48.7762
conv3 116 1549 0.00 0.00 23.0553 446 0.00 -37.12 -94.3668
conv3 117 5028 -18.56 0.00 22.0047 16701 0.00 0.00 -42.3067
conv3 118 11908 18.56 -18.56 32.7066 26220 0.00 0.00 -44.3459
conv3 119 15987 -18.56 0.00 27.6168 2868 37.12 0.00 -71.3197
conv3 120 5791 0.00 0.00 22.6320 2556 0.00 0.00 -59.8857
conv3 121 29801 27.84 -9.28 6.4678 471 0.00 0.00 -81.3656
conv3 122 22940 -27.84 27.84 10.3978 16785 0.00 0.00 -102.1412
conv3 123 91953 4.64 -13.92 21.9305 27381 9.28 -9.28 -97.9848
conv3 124 446 0.00 -37.12 31.3117 5820 0.00 0.00 -91.0958
conv3 125 26249 0.00 0.00 51.3531 2496 0.00 0.00 -74.7846
conv3 126 1469 0.00 0.00 19.0683 2518 0.00 0.00 -82.5307
conv3 127 2532 0.00 0.00 20.8717 376 0.00 -37.12 -70.5410
conv3 128 11269 0.00 0.00 37.2735 540 0.00 0.00 -42.6965
conv3 129 443 0.00 -37.12 16.0053 5821 0.00 0.00 -68.9419
conv3 130 1523 0.00 0.00 14.5306 475 0.00 0.00 -77.3710
conv3 131 9561 -37.12 -18.56 8.1562 671 0.00 37.12 -98.0378
conv3 132 5720 0.00 0.00 16.8807 6550 18.56 0.00 -55.5042
conv3 133 24657 -9.28 -27.84 5.1055 26316 0.00 0.00 -92.1978
conv3 134 24901 -9.28 -9.28 32.1690 5739 0.00 0.00 -137.1247
conv3 135 483 0.00 0.00 14.2189 27551 9.28 0.00 -98.4772
conv3 136 25220 -9.28 18.56 64.7630 27381 9.28 -9.28 -107.6410
conv3 137 25070 -9.28 0.00 65.1109 5790 0.00 0.00 -100.1417
conv3 138 27603 9.28 9.28 64.3348 11182 0.00 -18.56 -117.5942
conv3 139 656 0.00 37.12 18.8698 16673 0.00 -18.56 -74.4441
conv3 140 27565 9.28 9.28 24.6804 16785 0.00 0.00 -100.2748
conv3 141 6436 18.56 -18.56 20.2126 26221 0.00 0.00 -84.4656
conv3 142 5510 0.00 -37.12 54.0801 5916 0.00 18.56 -106.0749
conv3 143 26174 0.00 -9.28 36.3513 26445 0.00 18.56 -35.0305
conv3 144 10478 -18.56 0.00 61.9574 27647 9.28 9.28 -139.8395
conv3 145 544 0.00 0.00 26.9091 11325 0.00 18.56 -55.8650
conv3 146 52263 -9.28 9.28 13.1474 5721 0.00 0.00 -64.0176
conv3 147 12711 37.12 -18.56 17.0953 4927 -18.56 -18.56 -101.6978
conv3 148 5823 0.00 0.00 14.4712 25069 -9.28 0.00 -35.2696
conv3 149 13 -37.12 -37.12 31.0839 27551 9.28 0.00 -131.9490
conv3 150 11335 0.00 18.56 38.7194 446 0.00 -37.12 -79.4908
conv3 151 5735 0.00 0.00 28.2136 540 0.00 0.00 -67.6924
conv3 152 27362 9.28 -9.28 17.1211 5823 0.00 0.00 -101.0778
conv3 153 103151 23.20 18.56 7.7433 1553 0.00 0.00 -115.7157
conv3 154 5823 0.00 0.00 19.2292 5765 0.00 0.00 -114.8944
conv3 155 95 -37.12 -37.12 19.3092 26273 0.00 0.00 -83.8920
conv3 156 502 0.00 0.00 24.3014 2365 0.00 -37.12 -98.5191
conv3 157 24912 -9.28 -9.28 36.6365 1553 0.00 0.00 -69.9192
conv3 158 348 0.00 -37.12 34.0936 2560 0.00 0.00 -99.7936
conv3 159 26223 0.00 0.00 9.7890 26204 0.00 -9.28 -96.7674
conv3 160 29914 27.84 0.00 18.5567 2557 0.00 0.00 -73.0473
conv3 161 26357 0.00 9.28 38.9697 475 0.00 0.00 -54.7211
conv3 162 5735 0.00 0.00 62.9361 2574 0.00 0.00 -168.4329
conv3 163 90341 0.00 23.20 35.5373 24943 -9.28 -9.28 -48.8332
conv3 164 24958 -9.28 -9.28 39.7418 540 0.00 0.00 -56.2153
conv3 165 100100 18.56 0.00 5.0089 5821 0.00 0.00 -101.2110
conv3 166 95530 9.28 23.20 13.1111 5725 0.00 0.00 -79.4532
conv3 167 41071 9.28 0.00 29.0752 499 0.00 0.00 -50.3372
conv3 168 25012 -9.28 0.00 32.8139 2571 0.00 0.00 -76.7914
conv3 169 156893 13.92 4.64 15.3061 11310 0.00 0.00 -66.0936
conv3 170 1407 0.00 -37.12 13.8650 16799 0.00 0.00 -142.7403
conv3 171 794 37.12 0.00 9.8789 84783 -9.28 4.64 -103.2689
conv3 172 11234 0.00 0.00 36.3690 5823 0.00 0.00 -111.9834
conv3 173 1535 0.00 0.00 31.1886 671 0.00 37.12 -140.0483
conv3 174 463 0.00 0.00 5.9501 11239 0.00 0.00 -210.9831
conv3 175 25105 -9.28 9.28 13.9029 442 0.00 -37.12 -63.4764
conv3 176 31136 37.12 0.00 0.3311 26220 0.00 0.00 -108.6333
conv3 177 1549 0.00 0.00 32.4709 5753 0.00 0.00 -140.0842
conv3 178 2638 0.00 37.12 9.4487 838 37.12 0.00 -142.0702
conv3 179 5748 0.00 0.00 26.6240 5820 0.00 0.00 -103.3587
conv3 180 6514 18.56 0.00 9.6988 23687 -18.56 -9.28 -54.4176
conv3 181 26409 0.00 9.28 14.7955 5820 0.00 0.00 -204.5017
conv3 182 2520 0.00 0.00 9.5986 25017 -9.28 0.00 -87.3552
conv3 183 28816 18.56 9.28 42.2303 24994 -9.28 0.00 -86.5212
conv3 184 24160 -18.56 27.84 6.3996 27338 9.28 -9.28 -123.2084
conv3 185 27579 9.28 9.28 38.3171 11239 0.00 0.00 -55.5780
conv3 186 11265 0.00 0.00 19.0421 446 0.00 -37.12 -107.1653
conv3 187 185 -37.12 0.00 23.8885 5790 0.00 0.00 -61.8805
conv3 188 89909 0.00 4.64 16.6498 2546 0.00 0.00 -64.2334
conv3 189 26237 0.00 0.00 27.1697 2557 0.00 0.00 -56.4026
conv3 190 24989 -9.28 0.00 28.2344 839 37.12 0.00 -90.9507
conv3 191 17681 18.56 18.56 17.0267 26319 0.00 0.00 -57.3222
conv3 192 517 0.00 0.00 19.8146 163 -37.12 0.00 -118.2606
conv3 193 86981 -4.64 -9.28 28.1917 5763 0.00 0.00 -49.3605
conv3 194 181 -37.12 0.00 39.0128 16785 0.00 0.00 -92.0829
conv3 195 2588 0.00 37.12 43.6202 2365 0.00 -37.12 -71.0586
conv3 196 27373 9.28 -9.28 13.7809 2560 0.00 0.00 -55.7517
conv3 197 194 -37.12 0.00 27.1607 838 37.12 0.00 -57.2861
conv3 198 5773 0.00 0.00 9.9026 671 0.00 37.12 -85.8736
conv3 199 794 37.12 0.00 13.0819 16799 0.00 0.00 -114.8219
conv3 200 516 0.00 0.00 12.2365 25208 -9.28 18.56 -57.6112
conv3 201 5800 0.00 0.00 25.4045 586 0.00 37.12 -88.2463
conv3 202 5600 0.00 -18.56 7.4502 5637 0.00 -18.56 -93.6106
conv3 203 84363 -9.28 -9.28 43.4148 475 0.00 0.00 -49.7113
conv3 204 43535 27.84 0.00 21.8534 587 0.00 37.12 -112.2732
conv3 205 1545 0.00 0.00 16.6250 11213 0.00 0.00 -84.2556
conv3 206 415 0.00 -37.12 9.3473 26316 0.00 0.00 -135.4407
conv3 207 5187 -18.56 37.12 6.1400 5763 0.00 0.00 -118.9512
conv3 208 29802 27.84 -9.28 16.2110 5805 0.00 0.00 -119.7181
conv3 209 27651 9.28 9.28 13.7151 24994 -9.28 0.00 -73.0862
conv3 210 543 0.00 0.00 11.7342 16729 0.00 0.00 -57.4467
conv3 211 447 0.00 -37.12 23.0851 11181 0.00 -18.56 -60.2302
conv3 212 2476 0.00 0.00 30.8576 16799 0.00 0.00 -81.3201
conv3 213 87173 -4.64 0.00 54.1922 2533 0.00 0.00 -46.8231
conv3 214 508 0.00 0.00 9.5423 16799 0.00 0.00 -115.4331
conv3 215 6606 18.56 0.00 25.8173 503 0.00 0.00 -48.4649
conv3 216 10665 -18.56 37.12 11.3808 11241 0.00 0.00 -103.9491
conv3 217 831 37.12 0.00 32.9222 26429 0.00 9.28 -69.0933
conv3 218 91783 4.64 -23.20 18.4617 667 0.00 37.12 -64.8046
conv3 219 363 0.00 -37.12 9.1645 11239 0.00 0.00 -66.6424
conv3 220 163 -37.12 0.00 29.4148 5682 0.00 -18.56 -57.8662
conv3 221 27564 9.28 9.28 26.1807 16785 0.00 0.00 -70.4129
conv3 222 7320 37.12 0.00 30.7290 10461 -18.56 0.00 -78.8641
conv3 223 92345 4.64 0.00 23.1178 5679 0.00 -18.56 -41.1444
conv3 224 5801 0.00 0.00 9.5523 554 0.00 0.00 -50.3546
conv3 225 22410 -27.84 -9.28 8.1934 41103 9.28 0.00 -86.2400
conv3 226 5851 0.00 18.56 25.5093 2519 0.00 0.00 -38.4388
conv3 227 2459 0.00 -37.12 16.2440 190 -37.12 0.00 -117.0954
conv3 228 2570 0.00 0.00 25.3311 2504 0.00 0.00 -97.7748
conv3 229 349 0.00 -37.12 33.4475 11213 0.00 0.00 -71.2412
conv3 230 2352 0.00 -37.12 5.0016 26178 0.00 -9.28 -65.6878
conv3 231 2571 0.00 0.00 24.7211 16770 0.00 0.00 -88.1936
conv3 232 261 -37.12 37.12 16.4169 16799 0.00 0.00 -126.4715
conv3 233 544 0.00 0.00 15.4838 26268 0.00 0.00 -45.8120
conv3 234 880 37.12 0.00 18.2799 5767 0.00 0.00 -96.0282
conv3 235 49491 -27.84 -18.56 3.3113 2589 0.00 37.12 -67.3336
conv3 236 5665 0.00 -18.56 13.5592 5821 0.00 0.00 -65.3068
conv3 237 5193 -18.56 37.12 14.4739 5823 0.00 0.00 -116.2716
conv3 238 1507 0.00 0.00 21.2266 587 0.00 37.12 -117.1425
conv3 239 89735 0.00 0.00 32.3329 2557 0.00 0.00 -74.5375
conv3 240 503 0.00 0.00 15.9193 11209 0.00 0.00 -64.8371
conv3 241 92138 4.64 -9.28 27.1799 540 0.00 0.00 -91.5061
conv3 242 5713 0.00 0.00 35.1609 16780 0.00 0.00 -75.8234
conv3 243 889 37.12 0.00 42.2270 15885 -18.56 -18.56 -94.1894
conv3 244 5935 0.00 18.56 35.8170 443 0.00 -37.12 -42.7189
conv3 245 459 0.00 0.00 25.9733 5791 0.00 0.00 -134.0843
conv3 246 24659 -9.28 -27.84 17.5999 5820 0.00 0.00 -100.3535
conv3 247 86969 -4.64 -9.28 25.9869 545 0.00 0.00 -76.2698
conv3 248 568 0.00 37.12 14.9738 2505 0.00 0.00 -146.7891
conv3 249 27809 9.28 27.84 19.2919 5753 0.00 0.00 -83.2086
conv3 250 16939 0.00 37.12 21.3963 838 37.12 0.00 -78.1905
conv3 251 16557 0.00 -37.12 18.4081 671 0.00 37.12 -76.8957
conv3 252 11265 0.00 0.00 24.5433 16799 0.00 0.00 -132.9365
conv3 253 27579 9.28 9.28 44.8911 5693 0.00 -18.56 -63.0104
conv3 254 12990 37.12 18.56 21.9968 26263 0.00 0.00 -60.3501
conv3 255 7544 37.12 37.12 6.4719 11239 0.00 0.00 -149.3006
conv3 256 89796 0.00 0.00 23.3940 671 0.00 37.12 -65.3433
conv3 257 470 0.00 0.00 12.3670 27562 9.28 9.28 -149.7268
conv3 258 16780 0.00 0.00 31.9549 5739 0.00 0.00 -66.5991
conv3 259 352 0.00 -37.12 21.7432 2500 0.00 0.00 -55.5660
conv3 260 1591 0.00 37.12 32.8977 5711 0.00 -18.56 -58.4915
conv3 261 778 37.12 -37.12 46.7115 937 37.12 37.12 -41.2867
conv3 262 515 0.00 0.00 13.6821 671 0.00 37.12 -65.7712
conv3 263 712 37.12 -37.12 12.4005 16771 0.00 0.00 -113.6024
conv3 264 27588 9.28 9.28 44.4728 541 0.00 0.00 -61.0955
conv3 265 559 0.00 0.00 25.7787 26109 0.00 -9.28 -86.0102
conv3 266 26217 0.00 0.00 28.7685 540 0.00 0.00 -65.5754
conv3 267 1473 0.00 0.00 28.6065 834 37.12 0.00 -128.2544
conv3 268 16743 0.00 0.00 40.2116 16799 0.00 0.00 -97.6059
conv3 269 87286 -4.64 4.64 13.6087 11239 0.00 0.00 -170.2290
conv3 270 1469 0.00 0.00 25.7779 513 0.00 0.00 -70.6840
conv3 271 139 -37.12 0.00 33.2829 5805 0.00 0.00 -92.4612
conv3 272 79 -37.12 -37.12 23.0878 26273 0.00 0.00 -62.2912
conv3 273 87145 -4.64 0.00 36.1663 5781 0.00 0.00 -61.7267
conv3 274 10286 -18.56 -37.12 2.3639 849 37.12 0.00 -101.7882
conv3 275 5616 0.00 -18.56 20.7459 5780 0.00 0.00 -47.0364
conv3 276 5540 0.00 -37.12 13.8003 16799 0.00 0.00 -85.6240
conv3 277 1547 0.00 0.00 22.0673 863 37.12 0.00 -99.4955
conv3 278 92107 4.64 -9.28 20.2584 11301 0.00 0.00 -66.7039
conv3 279 345 0.00 -37.12 42.4991 2589 0.00 37.12 -75.9900
conv3 280 89559 0.00 -9.28 20.0239 27591 9.28 9.28 -75.2720
conv3 281 460 0.00 0.00 14.0473 2560 0.00 0.00 -70.9348
conv3 282 119 -37.12 0.00 12.4487 503 0.00 0.00 -101.8334
conv3 283 2529 0.00 0.00 18.8938 16799 0.00 0.00 -112.0065
conv3 284 38382 -9.28 -18.56 13.2609 544 0.00 0.00 -49.5100
conv3 285 344 0.00 -37.12 35.9707 27466 9.28 0.00 -52.3233
conv3 286 24952 -9.28 -9.28 28.2081 1678 0.00 37.12 -42.0908
conv3 287 708 37.12 -37.12 16.1226 2557 0.00 0.00 -157.3965
conv3 288 2642 0.00 37.12 3.9896 16799 0.00 0.00 -103.5717
conv3 289 461 0.00 0.00 24.0029 359 0.00 -37.12 -74.5171
conv3 290 2608 0.00 37.12 13.9113 11293 0.00 0.00 -80.6074
conv3 291 811 37.12 0.00 29.9021 138 -37.12 0.00 -87.3230
conv3 292 102493 23.20 -4.64 28.2903 2491 0.00 0.00 -51.6666
conv3 293 5782 0.00 0.00 17.5444 876 37.12 0.00 -45.9604
conv3 294 6578 18.56 0.00 17.1803 5010 -18.56 0.00 -53.6352
conv3 295 1672 0.00 37.12 15.7637 27477 9.28 0.00 -47.2518
conv3 296 27471 9.28 0.00 91.1327 472 0.00 0.00 -82.3903
conv3 297 1477 0.00 0.00 15.3772 16710 0.00 0.00 -59.6730
conv3 298 1130 -37.12 0.00 12.7678 11241 0.00 0.00 -148.3431
conv3 299 77433 -23.20 23.20 10.2567 11239 0.00 0.00 -128.1605
conv3 300 11352 0.00 18.56 26.1617 11129 0.00 -18.56 -93.4999
conv3 301 5796 0.00 0.00 11.5030 5737 0.00 0.00 -217.8397
conv3 302 27445 9.28 0.00 25.3353 489 0.00 0.00 -44.4936
conv3 303 2197 -37.12 0.00 18.4545 667 0.00 37.12 -68.8347
conv3 304 2515 0.00 0.00 16.3698 358 0.00 -37.12 -101.9175
conv3 305 5823 0.00 0.00 65.3934 2491 0.00 0.00 -137.7038
conv3 306 22441 -27.84 -9.28 18.9019 11239 0.00 0.00 -163.2901
conv3 307 5694 0.00 -18.56 34.9028 89664 0.00 -4.64 -28.7713
conv3 308 11814 18.56 -37.12 12.1903 26259 0.00 0.00 -91.4169
conv3 309 713 37.12 -37.12 17.1699 442 0.00 -37.12 -54.9177
conv3 310 16911 0.00 18.56 35.2792 16770 0.00 0.00 -92.7649
conv3 311 11242 0.00 0.00 39.9547 2491 0.00 0.00 -68.6664
conv3 312 27327 9.28 -18.56 31.1047 653 0.00 37.12 -67.2620
conv3 313 27310 9.28 -18.56 54.6722 5862 0.00 18.56 -136.1392
conv3 314 1130 -37.12 0.00 6.5496 5819 0.00 0.00 -108.7826
conv3 315 5189 -18.56 37.12 10.3876 27466 9.28 0.00 -97.6334
conv3 316 90244 0.00 18.56 23.4373 26066 0.00 -18.56 -41.9195
conv3 317 85058 -9.28 18.56 16.5470 442 0.00 -37.12 -41.3419
conv3 318 811 37.12 0.00 13.1125 11268 0.00 0.00 -94.7647
conv3 319 667 0.00 37.12 19.9016 363 0.00 -37.12 -33.9464
conv3 320 851 37.12 0.00 17.9474 11181 0.00 -18.56 -77.6861
conv3 321 534 0.00 0.00 13.6174 2365 0.00 -37.12 -83.5350
conv3 322 5710 0.00 -18.56 20.0278 11292 0.00 0.00 -47.0891
conv3 323 5822 0.00 0.00 38.5006 500 0.00 0.00 -78.3268
conv3 324 574 0.00 37.12 32.0552 442 0.00 -37.12 -49.1945
conv3 325 94355 9.28 -23.20 17.0202 11238 0.00 0.00 -100.2124
conv3 326 344 0.00 -37.12 17.7405 11213 0.00 0.00 -46.2866
conv3 327 598 0.00 37.12 55.9615 11913 18.56 -18.56 -41.0878
conv3 328 26638 0.00 27.84 26.0534 2546 0.00 0.00 -116.0523
conv3 329 565 0.00 37.12 6.1892 11213 0.00 0.00 -82.1120
conv3 330 69 -37.12 -37.12 13.0154 11297 0.00 0.00 -53.4651
conv3 331 26136 0.00 -9.28 45.2044 2477 0.00 0.00 -65.6783
conv3 332 2628 0.00 37.12 17.8345 839 37.12 0.00 -69.8033
conv3 333 139 -37.12 0.00 24.4345 5805 0.00 0.00 -68.0514
conv3 334 11965 18.56 -18.56 29.5573 5767 0.00 0.00 -64.1658
conv3 335 1123 -37.12 0.00 6.5170 5737 0.00 0.00 -164.4460
conv3 336 41175 9.28 9.28 14.2253 5737 0.00 0.00 -185.0704
conv3 337 5977 0.00 37.12 23.1775 16715 0.00 0.00 -81.2946
conv3 338 1521 0.00 0.00 10.7661 16799 0.00 0.00 -157.6692
conv3 339 79473 -18.56 0.00 34.2093 28723 18.56 0.00 -60.6993
conv3 340 26172 0.00 -9.28 28.6718 5820 0.00 0.00 -98.9641
conv3 341 26226 0.00 0.00 33.2651 5724 0.00 0.00 -84.0788
conv3 342 7386 37.12 0.00 5.9734 11184 0.00 -18.56 -101.3809
conv3 343 363 0.00 -37.12 12.6494 11295 0.00 0.00 -46.0574
conv3 344 79840 -18.56 13.92 20.4133 26151 0.00 -9.28 -85.5620
conv3 345 474 0.00 0.00 20.4643 5767 0.00 0.00 -96.5420
conv3 346 26152 0.00 -9.28 10.1321 489 0.00 0.00 -99.8044
conv3 347 528 0.00 0.00 29.6282 11232 0.00 0.00 -86.8440
conv3 348 3428 -55.69 0.00 16.3878 16799 0.00 0.00 -85.8881
conv3 349 1130 -37.12 0.00 20.6893 166 -37.12 0.00 -47.5946
conv3 350 2865 37.12 0.00 41.9414 587 0.00 37.12 -50.3616
conv3 351 84293 -9.28 -13.92 22.7990 5821 0.00 0.00 -106.2177
conv3 352 1526 0.00 0.00 12.0321 5758 0.00 0.00 -87.9501
conv3 353 84363 -9.28 -9.28 35.0091 11239 0.00 0.00 -183.9650
conv3 354 5895 0.00 18.56 17.1074 11212 0.00 0.00 -53.9260
conv3 355 5811 0.00 0.00 10.6774 5837 0.00 18.56 -76.4600
conv3 356 7358 37.12 0.00 14.0215 11213 0.00 0.00 -49.9554
conv3 357 2519 0.00 0.00 35.0669 2557 0.00 0.00 -130.9310
conv3 358 24898 -9.28 -9.28 43.3932 6551 18.56 0.00 -72.1740
conv3 359 5725 0.00 0.00 26.6005 2557 0.00 0.00 -103.9088
conv3 360 6525 18.56 0.00 14.9940 5820 0.00 0.00 -216.5353
conv3 361 26265 0.00 0.00 28.2155 11293 0.00 0.00 -47.4892
conv3 362 223 -37.12 0.00 31.9646 15959 -18.56 0.00 -81.5612
conv3 363 27817 9.28 27.84 23.3152 5738 0.00 0.00 -94.3257
conv3 364 4905 -18.56 -18.56 26.3980 27338 9.28 -9.28 -53.7047
conv3 365 26338 0.00 9.28 34.3904 447 0.00 -37.12 -79.0220
conv3 366 5711 0.00 -18.56 37.8893 653 0.00 37.12 -64.0434
conv3 367 7423 37.12 18.56 16.7719 26276 0.00 0.00 -112.0359
conv3 368 1555 0.00 0.00 19.1078 16743 0.00 0.00 -98.2553
conv3 369 27648 9.28 9.28 68.4419 500 0.00 0.00 -58.0825
conv3 370 84659 -9.28 0.00 9.3207 5710 0.00 -18.56 -90.9875
conv3 371 5785 0.00 0.00 35.0310 400 0.00 -37.12 -41.7428
conv3 372 5805 0.00 0.00 15.1482 166 -37.12 0.00 -48.7841
conv3 373 26330 0.00 9.28 13.1406 5710 0.00 -18.56 -84.0405
conv3 374 25999 0.00 -18.56 21.0200 583 0.00 37.12 -69.1728
conv3 375 25936 0.00 -27.84 13.4088 321 -37.12 37.12 -96.0562
conv3 376 5702 0.00 -18.56 29.7294 24958 -9.28 -9.28 -143.7374
conv3 377 2397 0.00 -37.12 12.6288 446 0.00 -37.12 -63.9597
conv3 378 10457 -18.56 0.00 30.5444 26259 0.00 0.00 -59.2390
conv3 379 1470 0.00 0.00 11.0261 5805 0.00 0.00 -63.2934
conv3 380 87145 -4.64 0.00 12.9314 389 0.00 -37.12 -33.7875
conv3 381 5699 0.00 -18.56 26.5666 346 0.00 -37.12 -101.0211
conv3 382 102801 23.20 4.64 25.9193 671 0.00 37.12 -70.9219
conv3 383 89598 0.00 -9.28 24.7738 5921 0.00 18.56 -42.8383
conv4 0 340 0.00 -49.12 12.5581 87289 -6.14 6.14 -37.1674
conv4 1 6560 24.56 0.00 15.9198 92105 6.14 -12.28 -33.1580
conv4 2 16757 0.00 0.00 8.9080 92427 6.14 6.14 -35.1683
conv4 3 79866 -24.56 24.56 11.4232 92427 6.14 6.14 -65.7872
conv4 4 39778 0.00 0.00 10.2996 92130 6.14 -12.28 -39.9239
conv4 5 95017 12.28 6.14 30.8559 87065 -6.14 -6.14 -45.3813
conv4 6 11307 0.00 0.00 14.3445 86992 -6.14 -12.28 -95.3342
conv4 7 26330 0.00 12.28 13.4834 4951 -24.56 0.00 -46.5140
conv4 8 11215 0.00 0.00 10.2539 92455 6.14 6.14 -59.3867
conv4 9 38345 -12.28 -24.56 24.0014 11213 0.00 0.00 -32.9751
conv4 10 26266 0.00 0.00 14.6659 377 0.00 -49.12 -31.2852
conv4 11 40914 12.28 -12.28 6.6322 87275 -6.14 6.14 -57.8870
conv4 12 5787 0.00 0.00 9.4204 92427 6.14 6.14 -26.3651
conv4 13 352 0.00 -49.12 5.7351 89554 0.00 -12.28 -50.8100
conv4 14 26473 0.00 24.56 19.5946 27415 12.28 -12.28 -30.8424
conv4 15 89932 0.00 6.14 13.3624 2519 0.00 0.00 -38.8172
conv4 16 23860 -24.56 12.28 8.1855 92105 6.14 -12.28 -41.9133
conv4 17 1534 0.00 0.00 13.1610 6504 24.56 0.00 -31.4439
conv4 18 99833 24.56 -12.28 22.7200 167 -49.12 0.00 -26.7430
conv4 19 16799 0.00 0.00 13.4535 6561 24.56 0.00 -36.2145
conv4 20 92335 6.14 0.00 28.3469 24835 -12.28 -24.56 -26.2127
conv4 21 5934 0.00 24.56 16.1852 38569 -12.28 0.00 -24.4134
conv4 22 5823 0.00 0.00 8.8924 89749 0.00 0.00 -38.6374
conv4 23 148883 0.00 -6.14 1.1278 87275 -6.14 6.14 -51.5116
conv4 24 27362 12.28 -12.28 8.4713 5861 0.00 24.56 -42.1490
conv4 25 11195 0.00 -24.56 20.5039 92130 6.14 -12.28 -26.4746
conv4 26 89842 0.00 6.14 10.7638 87426 -6.14 12.28 -53.3478
conv4 27 79559 -24.56 6.14 11.8942 84332 -12.28 -18.42 -27.5116
conv4 28 5846 0.00 24.56 25.1505 24873 -12.28 -12.28 -43.0868
conv4 29 1190 -49.12 0.00 9.0617 26137 0.00 -12.28 -34.0798
conv4 30 25089 -12.28 12.28 12.8580 92105 6.14 -12.28 -32.5942
conv4 31 26429 0.00 12.28 13.5658 2365 0.00 -49.12 -37.7636
conv4 32 2543 0.00 0.00 22.5621 92455 6.14 6.14 -38.5264
conv4 33 5713 0.00 0.00 12.2869 92216 6.14 -6.14 -46.0213
conv4 34 89748 0.00 0.00 35.2606 92130 6.14 -12.28 -66.6643
conv4 35 5753 0.00 0.00 19.5191 92426 6.14 6.14 -25.8828
conv4 36 843 49.12 0.00 10.4432 87079 -6.14 -6.14 -39.4863
conv4 37 4852 -24.56 -24.56 12.0962 92455 6.14 6.14 -36.4724
conv4 38 6636 24.56 24.56 4.5940 92213 6.14 -6.14 -50.4828
conv4 39 92553 6.14 12.28 26.6536 5806 0.00 0.00 -18.5639
conv4 40 97301 18.42 -12.28 4.4161 87279 -6.14 6.14 -58.7066
conv4 41 97495 18.42 0.00 12.8844 5780 0.00 0.00 -24.7233
conv4 42 27470 12.28 0.00 7.8837 5790 0.00 0.00 -30.0499
conv4 43 880 49.12 0.00 19.9767 11994 24.56 0.00 -25.4974
conv4 44 16714 0.00 0.00 9.8438 87275 -6.14 6.14 -49.7076
conv4 45 26414 0.00 12.28 16.6858 11213 0.00 0.00 -38.9224
conv4 46 1546 0.00 0.00 8.3115 87146 -6.14 0.00 -46.1636
conv4 47 94846 12.28 -6.14 17.4867 26221 0.00 0.00 -34.0857
conv4 48 27561 12.28 12.28 17.2328 92217 6.14 -6.14 -29.0196
conv4 49 27453 12.28 0.00 19.8920 87159 -6.14 0.00 -46.9639
conv4 50 1417 0.00 -49.12 12.5674 92455 6.14 6.14 -49.6739
conv4 51 16645 0.00 -24.56 6.8133 87102 -6.14 -6.14 -50.4221
conv4 52 5825 0.00 24.56 11.4036 92217 6.14 -6.14 -56.5862
conv4 53 89757 0.00 0.00 30.4247 16799 0.00 0.00 -47.6144
conv4 54 2477 0.00 0.00 9.7880 86992 -6.14 -12.28 -98.6579
conv4 55 12016 24.56 0.00 11.7490 15847 -24.56 -24.56 -29.2621
conv4 56 26299 0.00 0.00 2.6503 5608 0.00 -24.56 -45.8659
conv4 57 92592 6.14 12.28 22.8982 2559 0.00 0.00 -22.5730
conv4 58 36889 -24.56 -49.12 4.0109 26161 0.00 -12.28 -44.1326
conv4 59 7483 49.12 24.56 6.7584 87079 -6.14 -6.14 -71.0072
conv4 60 5837 0.00 24.56 17.9595 1549 0.00 0.00 -53.8566
conv4 61 87180 -6.14 0.00 18.9108 2574 0.00 0.00 -26.7316
conv4 62 77136 -30.70 12.28 7.9665 86978 -6.14 -12.28 -54.8623
conv4 63 89872 0.00 6.14 15.3609 87121 -6.14 -6.14 -42.6569
conv4 64 25086 -12.28 0.00 14.0235 92329 6.14 0.00 -42.4043
conv4 65 25952 0.00 -36.84 8.2961 25181 -12.28 12.28 -50.3251
conv4 66 2687 0.00 49.12 22.3572 26276 0.00 0.00 -40.2111
conv4 67 5728 0.00 0.00 11.6919 2589 0.00 49.12 -36.5215
conv4 68 87356 -6.14 6.14 15.9621 1679 0.00 49.12 -34.8350
conv4 69 372 0.00 -49.12 16.9133 26413 0.00 12.28 -26.9662
conv4 70 44892 49.12 12.28 3.0182 87275 -6.14 6.14 -64.3556
conv4 71 84125 -12.28 -24.56 19.3936 11213 0.00 0.00 -28.7458
conv4 72 1552 0.00 0.00 7.3359 92423 6.14 6.14 -41.8830
conv4 73 26374 0.00 12.28 11.3682 24905 -12.28 -12.28 -25.5732
conv4 74 26249 0.00 0.00 20.4069 92847 6.14 24.56 -25.2816
conv4 75 1805 49.12 0.00 3.3427 86978 -6.14 -12.28 -72.5563
conv4 76 2580 0.00 49.12 13.4466 86992 -6.14 -12.28 -121.6079
conv4 77 84520 -12.28 -6.14 10.8387 5721 0.00 0.00 -39.2507
conv4 78 11216 0.00 0.00 7.2771 5609 0.00 -24.56 -45.8424
conv4 79 89748 0.00 0.00 20.3499 5769 0.00 0.00 -24.9874
conv4 80 11237 0.00 0.00 14.7057 5608 0.00 -24.56 -51.2118
conv4 81 2477 0.00 0.00 16.7103 5608 0.00 -24.56 -37.5440
conv4 82 89753 0.00 0.00 48.8251 86600 -6.14 -30.70 -16.7697
conv4 83 303 -49.12 49.12 12.4383 16687 0.00 -24.56 -40.5976
conv4 84 170 -49.12 0.00 14.8246 39745 0.00 -12.28 -26.6484
conv4 85 79001 -24.56 -24.56 6.7994 87279 -6.14 6.14 -53.9195
conv4 86 89820 0.00 0.00 36.1821 5762 0.00 0.00 -32.6773
conv4 87 5790 0.00 0.00 16.9394 87051 -6.14 -6.14 -32.1957
conv4 88 1553 0.00 0.00 9.7816 87079 -6.14 -6.14 -84.9154
conv4 89 11215 0.00 0.00 7.0514 87051 -6.14 -6.14 -70.6592
conv4 90 2565 0.00 0.00 30.4853 23757 -24.56 0.00 -36.0104
conv4 91 11418 0.00 24.56 15.5478 86992 -6.14 -12.28 -62.5473
conv4 92 26104 0.00 -12.28 22.6545 11279 0.00 0.00 -38.4912
conv4 93 84668 -12.28 0.00 9.5321 2557 0.00 0.00 -42.0702
conv4 94 485 0.00 0.00 16.0636 24865 -12.28 -12.28 -21.6771
conv4 95 27428 12.28 -12.28 13.2141 15833 -24.56 -24.56 -48.7149
conv4 96 1478 0.00 0.00 8.4689 5931 0.00 24.56 -31.8517
conv4 97 92664 6.14 18.42 17.6850 26249 0.00 0.00 -29.9128
conv4 98 97273 18.42 -12.28 17.4514 86978 -6.14 -12.28 -81.2795
conv4 99 86740 -6.14 -24.56 9.9825 92130 6.14 -12.28 -39.4268
conv4 100 1553 0.00 0.00 15.8766 86992 -6.14 -12.28 -56.0467
conv4 101 26265 0.00 0.00 13.5935 26400 0.00 12.28 -35.4847
conv4 102 38345 -12.28 -24.56 16.0489 346 0.00 -49.12 -31.7284
conv4 103 97131 18.42 -18.42 20.1811 16911 0.00 24.56 -32.5999
conv4 104 100320 24.56 12.28 15.1497 92343 6.14 0.00 -30.6507
conv4 105 92269 6.14 -6.14 8.7199 84685 -12.28 6.14 -41.3070
conv4 106 4847 -24.56 -24.56 17.5016 16799 0.00 0.00 -51.7297
conv4 107 41047 12.28 0.00 20.3009 5720 0.00 0.00 -34.3890
conv4 108 5720 0.00 0.00 8.1903 26319 0.00 0.00 -33.5687
conv4 109 84153 -12.28 -24.56 5.3738 11280 0.00 0.00 -41.8073
conv4 110 4880 -24.56 -24.56 6.5625 26385 0.00 12.28 -34.5226
conv4 111 102798 30.70 6.14 2.6876 86978 -6.14 -12.28 -97.1264
conv4 112 92354 6.14 0.00 20.5635 5721 0.00 0.00 -45.8514
conv4 113 107855 42.98 0.00 9.3488 92128 6.14 -12.28 -47.8034
conv4 114 87454 -6.14 12.28 11.1751 2365 0.00 -49.12 -40.4996
conv4 115 11311 0.00 0.00 5.5612 87303 -6.14 6.14 -42.5421
conv4 116 488 0.00 0.00 15.3526 79533 -24.56 6.14 -35.6634
conv4 117 6560 24.56 0.00 14.4610 16785 0.00 0.00 -33.8508
conv4 118 11222 0.00 0.00 5.4956 92130 6.14 -12.28 -57.3025
conv4 119 76688 -30.70 -12.28 9.5634 2365 0.00 -49.12 -28.9469
conv4 120 26319 0.00 0.00 17.7279 92805 6.14 24.56 -35.2128
conv4 121 26334 0.00 12.28 4.4297 92226 6.14 -6.14 -52.2327
conv4 122 97396 18.42 -6.14 18.9901 11213 0.00 0.00 -27.7830
conv4 123 100196 24.56 6.14 16.0949 1537 0.00 0.00 -36.2768
conv4 124 87261 -6.14 6.14 11.3388 2495 0.00 0.00 -32.2712
conv4 125 25096 -12.28 12.28 19.2025 11293 0.00 0.00 -36.9087
conv4 126 93040 6.14 36.84 2.3649 86978 -6.14 -12.28 -117.5074
conv4 127 26330 0.00 12.28 10.6360 79225 -24.56 -12.28 -41.3933
conv4 128 11296 0.00 0.00 10.1390 5609 0.00 -24.56 -35.7507
conv4 129 97421 18.42 -6.14 15.9098 670 0.00 49.12 -27.1668
conv4 130 5777 0.00 0.00 20.9102 92231 6.14 -6.14 -50.2472
conv4 131 5725 0.00 0.00 14.2338 2365 0.00 -49.12 -29.6408
conv4 132 989 49.12 49.12 9.9249 5935 0.00 24.56 -46.6230
conv4 133 26301 0.00 0.00 11.8922 6537 24.56 0.00 -32.8356
conv4 134 10653 -24.56 49.12 6.0506 87079 -6.14 -6.14 -88.5139
conv4 135 92450 6.14 6.14 16.2689 2504 0.00 0.00 -42.8417
conv4 136 39815 0.00 0.00 16.0116 5711 0.00 -24.56 -29.1813
conv4 137 41049 12.28 0.00 13.5576 26318 0.00 0.00 -35.2294
conv4 138 26156 0.00 -12.28 15.0185 26399 0.00 12.28 -26.4238
conv4 139 16813 0.00 24.56 15.1392 86992 -6.14 -12.28 -36.1604
conv4 140 53409 0.00 0.00 14.0341 92592 6.14 12.28 -24.8038
conv4 141 4985 -24.56 0.00 4.1671 86978 -6.14 -12.28 -90.4460
conv4 142 1556 0.00 0.00 10.4307 26274 0.00 0.00 -35.1617
conv4 143 89880 0.00 6.14 14.8484 92434 6.14 6.14 -35.2212
conv4 144 470 0.00 0.00 9.5693 26295 0.00 0.00 -37.9131
conv4 145 89806 0.00 0.00 13.3048 26265 0.00 0.00 -33.4216
conv4 146 861 49.12 0.00 8.4524 447 0.00 -49.12 -34.2621
conv4 147 89788 0.00 0.00 25.0158 26048 0.00 -24.56 -39.4959
conv4 148 11227 0.00 0.00 13.2675 5777 0.00 0.00 -45.2455
conv4 149 11214 0.00 0.00 15.2767 86978 -6.14 -12.28 -35.5946
conv4 150 2575 0.00 0.00 20.0965 100169 24.56 6.14 -36.3419
conv4 151 92126 6.14 -12.28 32.2298 670 0.00 49.12 -32.4579
conv4 152 87442 -6.14 12.28 13.1894 100109 24.56 0.00 -35.6042
conv4 153 5865 0.00 24.56 25.5889 11213 0.00 0.00 -21.9416
conv4 154 99601 24.56 -24.56 10.3968 5771 0.00 0.00 -37.8705
conv4 155 11101 0.00 -24.56 13.9894 5935 0.00 24.56 -24.7343
conv4 156 2518 0.00 0.00 10.7809 26235 0.00 0.00 -34.3592
conv4 157 2477 0.00 0.00 13.2968 92508 6.14 6.14 -93.6343
conv4 158 39590 0.00 -24.56 12.3863 87285 -6.14 6.14 -44.7260
conv4 159 839 49.12 0.00 27.7553 10471 -24.56 0.00 -35.9894
conv4 160 482 0.00 0.00 10.4857 839 49.12 0.00 -32.8704
conv4 161 27721 12.28 24.56 9.1499 27589 12.28 12.28 -31.6087
conv4 162 87400 -6.14 12.28 30.2256 5781 0.00 0.00 -25.1845
conv4 163 92427 6.14 6.14 34.1996 84433 -12.28 -12.28 -24.9115
conv4 164 5713 0.00 0.00 15.9219 349 0.00 -49.12 -36.5352
conv4 165 558 0.00 0.00 14.4668 87281 -6.14 6.14 -30.3631
conv4 166 5832 0.00 24.56 9.3481 92105 6.14 -12.28 -44.3119
conv4 167 5809 0.00 0.00 12.6494 92455 6.14 6.14 -46.2985
conv4 168 671 0.00 49.12 10.1136 92231 6.14 -6.14 -49.5539
conv4 169 541 0.00 0.00 10.7117 10471 -24.56 0.00 -41.6181
conv4 170 488 0.00 0.00 11.8953 26273 0.00 0.00 -32.4230
conv4 171 502 0.00 0.00 17.2180 92592 6.14 12.28 -36.2532
conv4 172 89749 0.00 0.00 28.9846 670 0.00 49.12 -33.5689
conv4 173 79852 -24.56 18.42 6.9951 586 0.00 49.12 -42.3090
conv4 174 86992 -6.14 -12.28 32.5725 2477 0.00 0.00 -27.8777
conv4 175 4889 -24.56 -24.56 11.0362 92508 6.14 6.14 -65.1245
conv4 176 11416 0.00 24.56 10.0510 5763 0.00 0.00 -34.7602
conv4 177 99725 24.56 -18.42 12.6814 92508 6.14 6.14 -49.5887
conv4 178 39801 0.00 0.00 29.8781 26385 0.00 12.28 -48.1995
conv4 179 2544 0.00 0.00 11.8635 17569 24.56 0.00 -36.4323
conv4 180 512 0.00 0.00 10.9425 92427 6.14 6.14 -58.5213
conv4 181 89713 0.00 0.00 13.4976 89753 0.00 0.00 -55.2422
conv4 182 95017 12.28 6.14 17.8000 11213 0.00 0.00 -32.4122
conv4 183 16577 0.00 -24.56 11.7231 26175 0.00 -12.28 -30.2806
conv4 184 5772 0.00 0.00 15.2143 86978 -6.14 -12.28 -34.7722
conv4 185 26123 0.00 -12.28 14.3927 25181 -12.28 12.28 -48.4335
conv4 186 87215 -6.14 0.00 37.2139 100109 24.56 0.00 -44.2898
conv4 187 2477 0.00 0.00 17.4800 92105 6.14 -12.28 -52.7040
conv4 188 5921 0.00 24.56 30.3740 11156 0.00 -24.56 -25.1238
conv4 189 1497 0.00 0.00 14.5348 26272 0.00 0.00 -36.4223
conv4 190 87442 -6.14 12.28 8.2681 199 -49.12 0.00 -26.3255
conv4 191 833 49.12 0.00 11.8124 2589 0.00 49.12 -40.7912
conv4 192 40735 12.28 -36.84 5.1308 92578 6.14 12.28 -49.9831
conv4 193 11269 0.00 0.00 20.1564 87006 -6.14 -12.28 -36.7210
conv4 194 5773 0.00 0.00 15.8533 24961 -12.28 -12.28 -34.4818
conv4 195 554 0.00 0.00 13.2554 92216 6.14 -6.14 -34.4952
conv4 196 26240 0.00 0.00 3.6195 87426 -6.14 12.28 -68.3652
conv4 197 2546 0.00 0.00 11.5581 825 49.12 0.00 -39.1440
conv4 198 11223 0.00 0.00 17.7916 87426 -6.14 12.28 -33.3371
conv4 199 1509 0.00 0.00 8.0730 11213 0.00 0.00 -46.1755
conv4 200 89840 0.00 6.14 27.7405 24943 -12.28 -12.28 -30.9147
conv4 201 89456 0.00 -18.42 19.9563 1679 0.00 49.12 -35.5776
conv4 202 29889 36.84 -12.28 6.1762 23757 -24.56 0.00 -36.7806
conv4 203 5781 0.00 0.00 8.5533 87051 -6.14 -6.14 -41.7820
conv4 204 5557 0.00 -49.12 11.6556 2365 0.00 -49.12 -42.1278
conv4 205 1542 0.00 0.00 7.7582 178 -49.12 0.00 -32.6249
conv4 206 5641 0.00 -24.56 16.6381 92427 6.14 6.14 -40.7404
conv4 207 849 49.12 0.00 21.4464 5805 0.00 0.00 -28.2956
conv4 208 89618 0.00 -6.14 13.9770 6547 24.56 0.00 -44.9963
conv4 209 100544 24.56 24.56 4.3381 92217 6.14 -6.14 -67.0669
conv4 210 11290 0.00 0.00 15.2129 5837 0.00 24.56 -37.7792
conv4 211 6474 24.56 -24.56 10.2024 11213 0.00 0.00 -43.2338
conv4 212 26296 0.00 0.00 9.2223 87440 -6.14 12.28 -66.9494
conv4 213 100178 24.56 6.14 19.2824 26235 0.00 0.00 -28.6007
conv4 214 89788 0.00 0.00 35.8446 26226 0.00 0.00 -27.4907
conv4 215 87594 -6.14 24.56 11.4431 5613 0.00 -24.56 -27.9412
conv4 216 26447 0.00 24.56 15.9300 86992 -6.14 -12.28 -59.2658
conv4 217 16785 0.00 0.00 14.6872 92339 6.14 0.00 -32.0424
conv4 218 1478 0.00 0.00 20.7968 2589 0.00 49.12 -59.0238
conv4 219 513 0.00 0.00 15.2554 92427 6.14 6.14 -38.9598
conv4 220 11302 0.00 0.00 14.6708 92592 6.14 12.28 -61.7499
conv4 221 26272 0.00 0.00 33.2428 12109 24.56 24.56 -28.8635
conv4 222 627 0.00 49.12 7.3530 86978 -6.14 -12.28 -34.3964
conv4 223 4985 -24.56 0.00 10.7840 87289 -6.14 6.14 -41.8899
conv4 224 5781 0.00 0.00 12.4429 6593 24.56 0.00 -35.5816
conv4 225 2477 0.00 0.00 16.1516 25070 -12.28 0.00 -33.5581
conv4 226 26329 0.00 12.28 23.6395 25070 -12.28 0.00 -43.5200
conv4 227 4903 -24.56 -24.56 15.9402 25003 -12.28 0.00 -37.9752
conv4 228 97620 18.42 6.14 9.7000 26176 0.00 -12.28 -24.8859
conv4 229 92420 6.14 6.14 42.8851 27425 12.28 -12.28 -26.8630
conv4 230 346 0.00 -49.12 9.8683 1549 0.00 0.00 -48.8328
conv4 231 173 -49.12 0.00 9.5749 17555 24.56 0.00 -32.2076
conv4 232 5658 0.00 -24.56 13.5830 5721 0.00 0.00 -32.6427
conv4 233 181 -49.12 0.00 12.5541 26176 0.00 -12.28 -27.9524
conv4 234 2356 0.00 -49.12 19.4754 86978 -6.14 -12.28 -120.2630
conv4 235 26105 0.00 -12.28 15.8160 41089 12.28 0.00 -36.8832
conv4 236 5735 0.00 0.00 26.2047 16673 0.00 -24.56 -31.7008
conv4 237 5808 0.00 0.00 16.8373 4952 -24.56 0.00 -21.6946
conv4 238 1556 0.00 0.00 3.7653 89752 0.00 0.00 -62.7863
conv4 239 584 0.00 49.12 15.3122 11213 0.00 0.00 -30.1139
conv4 240 73863 -36.84 -24.56 4.0457 87426 -6.14 12.28 -62.8642
conv4 241 1563 0.00 0.00 16.3675 5613 0.00 -24.56 -39.1657
conv4 242 372 0.00 -49.12 19.9195 26221 0.00 0.00 -33.5378
conv4 243 5786 0.00 0.00 10.0789 92427 6.14 6.14 -72.0550
conv4 244 23762 -24.56 0.00 5.8735 86992 -6.14 -12.28 -91.9196
conv4 245 16911 0.00 24.56 18.7772 181 -49.12 0.00 -31.6401
conv4 246 27491 12.28 0.00 11.5552 86974 -6.14 -12.28 -40.7369
conv4 247 87112 -6.14 -6.14 27.2331 26097 0.00 -12.28 -28.8523
conv4 248 5746 0.00 0.00 20.0834 87288 -6.14 6.14 -29.6990
conv4 249 11269 0.00 0.00 15.4877 87079 -6.14 -6.14 -38.2248
conv4 250 1810 49.12 0.00 6.9874 27453 12.28 0.00 -49.6029
conv4 251 11101 0.00 -24.56 14.7250 1551 0.00 0.00 -30.6776
conv4 252 11147 0.00 -24.56 17.5599 11101 0.00 -24.56 -39.9037
conv4 253 37127 -24.56 -24.56 11.2914 87275 -6.14 6.14 -41.5374
conv4 254 10463 -24.56 0.00 10.2906 92427 6.14 6.14 -29.1836
conv4 255 1478 0.00 0.00 14.5331 87048 -6.14 -6.14 -30.6171
conv5 0 90064 0.00 22.92 8.2085 89748 0.00 0.00 -14.6875
conv5 1 5741 0.00 0.00 2.1608 92425 7.64 7.64 -20.4257
conv5 2 4983 -30.56 0.00 5.2837 87287 -7.64 7.64 -24.1992
conv5 3 40921 15.28 -15.28 4.7435 92431 7.64 7.64 -27.4961
conv5 4 11223 0.00 0.00 15.1395 87310 -7.64 7.64 -23.6568
conv5 5 671 0.00 61.12 7.8658 87132 -7.64 -7.64 -19.5268
conv5 6 82273 -22.92 15.28 4.2112 92284 7.64 -7.64 -32.0532
conv5 7 17288 30.56 -61.12 1.9223 26216 0.00 0.00 -23.3406
conv5 8 26410 0.00 15.28 10.2593 1352 0.00 -61.12 -14.0768
conv5 9 53480 0.00 15.28 6.8508 92144 7.64 -15.28 -20.0279
conv5 10 5928 0.00 30.56 4.7301 2477 0.00 0.00 -19.0993
conv5 11 11269 0.00 0.00 5.1721 87280 -7.64 7.64 -14.7718
conv5 12 2535 0.00 0.00 4.8810 26209 0.00 0.00 -17.5716
conv5 13 87386 -7.64 15.28 4.2285 1478 0.00 0.00 -25.6319
conv5 14 11316 0.00 30.56 3.6577 5806 0.00 0.00 -19.8027
conv5 15 90134 0.00 22.92 6.1618 2557 0.00 0.00 -18.5612
conv5 16 5853 0.00 30.56 0.8100 87240 -7.64 0.00 -32.5316
conv5 17 213364 15.28 0.00 0.9475 26272 0.00 0.00 -36.1476
conv5 18 16714 0.00 0.00 4.5679 26216 0.00 0.00 -21.8299
conv5 19 205522 -7.64 -7.64 2.0117 26272 0.00 0.00 -23.8115
conv5 20 25257 -15.28 30.56 2.3836 2477 0.00 0.00 -26.1771
conv5 21 5809 0.00 0.00 2.7693 92439 7.64 7.64 -34.1589
conv5 22 39985 0.00 30.56 4.5662 92494 7.64 7.64 -20.4596
conv5 23 5744 0.00 0.00 10.3167 87252 -7.64 7.64 -18.0431
conv5 24 84654 -15.28 0.00 4.2053 26272 0.00 0.00 -18.3114
conv5 25 5728 0.00 0.00 3.9757 87310 -7.64 7.64 -23.5451
conv5 26 53391 0.00 0.00 2.7567 26209 0.00 0.00 -19.3180
conv5 27 11232 0.00 0.00 8.6778 92214 7.64 -7.64 -26.6515
conv5 28 16705 0.00 0.00 9.2776 26346 0.00 15.28 -19.9343
conv5 29 11236 0.00 0.00 2.4938 2477 0.00 0.00 -25.5070
conv5 30 86735 -7.64 -30.56 2.7392 87132 -7.64 -7.64 -26.5641
conv5 31 5716 0.00 0.00 4.6560 92494 7.64 7.64 -23.6772
conv5 32 502 0.00 0.00 15.7150 89730 0.00 0.00 -12.9483
conv5 33 16799 0.00 0.00 8.4977 92441 7.64 7.64 -20.5563
conv5 34 94854 15.28 -7.64 2.3948 26407 0.00 15.28 -17.2147
conv5 35 16784 0.00 0.00 3.3420 26328 0.00 15.28 -25.3829
conv5 36 26083 0.00 -30.56 6.9521 2477 0.00 0.00 -17.2524
conv5 37 87086 -7.64 -7.64 8.6155 1497 0.00 0.00 -19.9157
conv5 38 11243 0.00 0.00 1.8665 1478 0.00 0.00 -21.2392
conv5 39 39562 0.00 -30.56 6.2607 26230 0.00 0.00 -16.5385
conv5 40 1571 0.00 61.12 14.8529 2477 0.00 0.00 -12.5753
conv5 41 1360 0.00 -61.12 4.3284 92508 7.64 7.64 -22.4571
conv5 42 86689 -7.64 -30.56 6.8897 89785 0.00 0.00 -26.9588
conv5 43 53340 0.00 0.00 1.9127 92214 7.64 -7.64 -33.2003
conv5 44 537 0.00 0.00 2.3983 92432 7.64 7.64 -17.1715
conv5 45 582 0.00 61.12 5.9919 92494 7.64 7.64 -23.9820
conv5 46 1520 0.00 0.00 4.2474 92434 7.64 7.64 -35.7721
conv5 47 208498 0.00 15.28 1.1582 87356 -7.64 7.64 -21.9929
conv5 48 1578 0.00 61.12 6.4716 26211 0.00 0.00 -22.0913
conv5 49 16781 0.00 0.00 9.5405 92434 7.64 7.64 -24.4746
conv5 50 143 -61.12 0.00 3.7780 87086 -7.64 -7.64 -25.2535
conv5 51 53519 0.00 15.28 1.8432 26272 0.00 0.00 -20.0200
conv5 52 11404 0.00 30.56 6.0807 92494 7.64 7.64 -18.7554
conv5 53 727 61.12 -61.12 2.5943 26216 0.00 0.00 -21.4010
conv5 54 4936 -30.56 0.00 3.1625 92494 7.64 7.64 -21.2284
conv5 55 92755 7.64 30.56 4.7772 87252 -7.64 7.64 -21.9013
conv5 56 5741 0.00 0.00 6.9668 2557 0.00 0.00 -18.5641
conv5 57 83733 -15.28 -61.12 2.8666 87288 -7.64 7.64 -19.1016
conv5 58 210739 7.64 -7.64 0.9436 92439 7.64 7.64 -26.7154
conv5 59 208170 0.00 -7.64 1.5177 2557 0.00 0.00 -30.9654
conv5 60 84953 -15.28 22.92 7.1288 92296 7.64 0.00 -16.9951
conv5 61 363 0.00 -61.12 9.7311 87329 -7.64 7.64 -16.7617
conv5 62 151507 7.64 -7.64 7.7674 2466 0.00 0.00 -13.4574
conv5 63 53210 0.00 -15.28 0.2910 1496 0.00 0.00 -20.1816
conv5 64 10354 -30.56 -30.56 1.8468 2477 0.00 0.00 -23.2513
conv5 65 81712 -22.92 -22.92 8.1855 87230 -7.64 0.00 -19.4606
conv5 66 92111 7.64 -15.28 3.4761 87244 -7.64 0.00 -28.0061
conv5 67 54529 15.28 -15.28 8.2488 87356 -7.64 7.64 -20.1800
conv5 68 26461 0.00 30.56 5.8746 2472 0.00 0.00 -15.5882
conv5 69 40959 15.28 -15.28 5.9527 26242 0.00 0.00 -21.1278
conv5 70 25178 -15.28 15.28 18.2213 87118 -7.64 -7.64 -16.4463
conv5 71 97361 22.92 -7.64 10.2276 92494 7.64 7.64 -13.4358
conv5 72 5766 0.00 0.00 5.9616 87356 -7.64 7.64 -17.3375
conv5 73 17551 30.56 0.00 4.7479 1478 0.00 0.00 -23.0861
conv5 74 181 -61.12 0.00 3.8418 92551 7.64 15.28 -19.0570
conv5 75 5919 0.00 30.56 1.2229 26277 0.00 0.00 -28.1200
conv5 76 89994 0.00 15.28 18.1711 2557 0.00 0.00 -12.0274
conv5 77 1413 0.00 -61.12 3.5318 92426 7.64 7.64 -21.3321
conv5 78 16683 0.00 -30.56 4.5117 87321 -7.64 7.64 -19.1205
conv5 79 92215 7.64 -7.64 14.3334 1477 0.00 0.00 -12.1429
conv5 80 11297 0.00 0.00 12.7295 92214 7.64 -7.64 -17.8529
conv5 81 666 0.00 61.12 9.5476 92501 7.64 7.64 -22.7259
conv5 82 5767 0.00 0.00 6.3269 2557 0.00 0.00 -14.9893
conv5 83 11143 0.00 -30.56 8.9342 26298 0.00 0.00 -16.7423
conv5 84 16799 0.00 0.00 18.6094 92494 7.64 7.64 -20.1481
conv5 85 5870 0.00 30.56 1.3610 26272 0.00 0.00 -31.4294
conv5 86 84741 -15.28 7.64 2.7130 2565 0.00 0.00 -18.6463
conv5 87 5670 0.00 -30.56 3.6379 92494 7.64 7.64 -22.9260
conv5 88 11186 0.00 -30.56 3.8476 11213 0.00 0.00 -15.3068
conv5 89 5529 0.00 -61.12 1.4021 87357 -7.64 7.64 -17.3418
conv5 90 1540 0.00 0.00 2.1595 92431 7.64 7.64 -24.6696
conv5 91 5895 0.00 30.56 7.2357 92439 7.64 7.64 -19.9260
conv5 92 27573 15.28 15.28 3.2045 2477 0.00 0.00 -16.5607
conv5 93 211116 7.64 15.28 0.2492 87118 -7.64 -7.64 -23.8012
conv5 94 24983 -15.28 0.00 5.2314 92473 7.64 7.64 -14.3826
conv5 95 88965 0.00 -53.48 1.8013 26295 0.00 0.00 -31.1762
conv5 96 27483 15.28 0.00 3.5171 1478 0.00 0.00 -21.4355
conv5 97 163 -61.12 0.00 3.7953 92508 7.64 7.64 -25.4315
conv5 98 27539 15.28 0.00 5.2438 1478 0.00 0.00 -21.3439
conv5 99 17551 30.56 0.00 1.1408 87287 -7.64 7.64 -22.5290
conv5 100 5728 0.00 0.00 7.1952 92328 7.64 0.00 -19.7652
conv5 101 38496 -15.28 -15.28 6.5503 1478 0.00 0.00 -21.2428
conv5 102 39901 0.00 15.28 4.8110 92494 7.64 7.64 -24.0351
conv5 103 11129 0.00 -30.56 5.2019 26407 0.00 15.28 -23.4464
conv5 104 210617 7.64 -15.28 1.9049 5735 0.00 0.00 -21.7705
conv5 105 12041 30.56 0.00 4.7928 26410 0.00 15.28 -21.0885
conv5 106 15865 -30.56 -30.56 6.3574 92431 7.64 7.64 -24.8535
conv5 107 2466 0.00 0.00 5.1201 5734 0.00 0.00 -18.0901
conv5 108 1478 0.00 0.00 10.5714 1522 0.00 0.00 -14.0690
conv5 109 53510 0.00 15.28 1.5456 87086 -7.64 -7.64 -24.1024
conv5 110 551 0.00 0.00 5.5107 89851 0.00 7.64 -23.9940
conv5 111 87202 -7.64 0.00 12.6042 89828 0.00 7.64 -11.8915
conv5 112 5767 0.00 0.00 11.8895 92494 7.64 7.64 -15.3185
conv5 113 170 -61.12 0.00 5.2895 92508 7.64 7.64 -21.4013
conv5 114 92210 7.64 -7.64 12.8811 26321 0.00 15.28 -16.2861
conv5 115 208100 0.00 -7.64 4.3010 2557 0.00 0.00 -23.5083
conv5 116 11285 0.00 0.00 2.5544 92437 7.64 7.64 -18.1872
conv5 117 6495 30.56 -30.56 5.4111 2557 0.00 0.00 -18.1505
conv5 118 5754 0.00 0.00 2.4423 92256 7.64 -7.64 -28.7659
conv5 119 144042 -15.28 15.28 -0.3201 26216 0.00 0.00 -40.6288
conv5 120 208406 0.00 7.64 3.6992 87287 -7.64 7.64 -31.2488
conv5 121 26300 0.00 0.00 15.4493 87118 -7.64 -7.64 -17.9934
conv5 122 208167 0.00 -7.64 4.7115 26410 0.00 15.28 -23.2758
conv5 123 84762 -15.28 7.64 9.2617 26212 0.00 0.00 -14.6675
conv5 124 10299 -30.56 -61.12 1.5918 2565 0.00 0.00 -21.8444
conv5 125 25129 -15.28 15.28 4.1905 92508 7.64 7.64 -11.8127
conv5 126 151297 7.64 -22.92 11.8226 1478 0.00 0.00 -18.0325
conv5 127 39949 0.00 15.28 2.7486 26216 0.00 0.00 -19.2185
conv5 128 100227 30.56 7.64 0.7453 1478 0.00 0.00 -28.4600
conv5 129 5928 0.00 30.56 7.0420 87086 -7.64 -7.64 -18.6589
conv5 130 26419 0.00 15.28 2.2170 87287 -7.64 7.64 -26.4872
conv5 131 27439 15.28 -15.28 0.8925 1478 0.00 0.00 -22.0307
conv5 132 165 -61.12 0.00 3.2342 86838 -7.64 -22.92 -15.4297
conv5 133 205591 -7.64 -7.64 5.9192 2565 0.00 0.00 -17.6565
conv5 134 569 0.00 61.12 7.0105 92490 7.64 7.64 -19.6416
conv5 135 2490 0.00 0.00 2.1498 87132 -7.64 -7.64 -28.3936
conv5 136 39663 0.00 -15.28 9.8538 87310 -7.64 7.64 -18.5388
conv5 137 94817 15.28 -7.64 10.4523 1478 0.00 0.00 -13.9027
conv5 138 470 0.00 0.00 5.3849 26216 0.00 0.00 -17.9147
conv5 139 11297 0.00 0.00 6.9942 87132 -7.64 -7.64 -20.8911
conv5 140 194 -61.12 0.00 0.8586 26272 0.00 0.00 -22.4507
conv5 141 582 0.00 61.12 3.2236 92441 7.64 7.64 -22.1251
conv5 142 92622 7.64 15.28 20.7943 1497 0.00 0.00 -12.6603
conv5 143 6646 30.56 30.56 7.1571 2519 0.00 0.00 -14.7259
conv5 144 11255 0.00 0.00 6.7397 87356 -7.64 7.64 -21.7915
conv5 145 53408 0.00 0.00 6.0473 2477 0.00 0.00 -16.2195
conv5 146 5781 0.00 0.00 8.1396 2477 0.00 0.00 -16.0311
conv5 147 53322 0.00 0.00 1.0903 26272 0.00 0.00 -23.7787
conv5 148 11257 0.00 0.00 4.4138 1478 0.00 0.00 -23.7120
conv5 149 95286 15.28 22.92 3.9393 89774 0.00 0.00 -25.1532
conv5 150 1472 0.00 0.00 4.7456 92508 7.64 7.64 -19.3143
conv5 151 26251 0.00 0.00 2.3012 92214 7.64 -7.64 -25.6297
conv5 152 434 0.00 -61.12 5.4245 89748 0.00 0.00 -20.9309
conv5 153 1490 0.00 0.00 5.0614 87287 -7.64 7.64 -30.6649
conv5 154 25241 -15.28 30.56 1.7041 92439 7.64 7.64 -31.1574
conv5 155 26209 0.00 0.00 13.5148 2565 0.00 0.00 -16.7037
conv5 156 25158 -15.28 15.28 4.4509 89748 0.00 0.00 -17.4192
conv5 157 11223 0.00 0.00 16.9135 87118 -7.64 -7.64 -15.4048
conv5 158 627 0.00 61.12 5.2399 26211 0.00 0.00 -19.3695
conv5 159 79617 -30.56 7.64 4.4701 26216 0.00 0.00 -18.2542
conv5 160 11278 0.00 0.00 6.3009 87118 -7.64 -7.64 -17.6216
conv5 161 5774 0.00 0.00 9.5402 84654 -15.28 0.00 -12.8429
conv5 162 1040 -61.12 -61.12 6.5088 87287 -7.64 7.64 -17.4817
conv5 163 97415 22.92 -7.64 0.5093 11325 0.00 30.56 -16.5516
conv5 164 16122 -30.56 30.56 4.5670 92284 7.64 -7.64 -16.3768
conv5 165 82485 -22.92 30.56 4.3365 26210 0.00 0.00 -21.3298
conv5 166 92269 7.64 -7.64 5.2023 1478 0.00 0.00 -20.7388
conv5 167 82582 -22.92 38.20 3.6121 26258 0.00 0.00 -20.0727
conv5 168 210771 7.64 -7.64 9.5689 92508 7.64 7.64 -17.4782
conv5 169 336 0.00 -61.12 1.4667 92494 7.64 7.64 -23.6624
conv5 170 26410 0.00 15.28 20.8872 87118 -7.64 -7.64 -22.7520
conv5 171 12095 30.56 0.00 0.0514 92434 7.64 7.64 -31.6445
conv5 172 94660 15.28 -15.28 4.7137 1543 0.00 0.00 -13.7313
conv5 173 5814 0.00 0.00 6.3841 87356 -7.64 7.64 -23.6892
conv5 174 90246 0.00 30.56 3.1373 26216 0.00 0.00 -31.4735
conv5 175 11302 0.00 0.00 2.5919 1478 0.00 0.00 -20.5063
conv5 176 203227 -15.28 7.64 0.9312 92284 7.64 -7.64 -23.9979
conv5 177 203013 -15.28 -7.64 1.8746 26270 0.00 0.00 -23.0320
conv5 178 213429 15.28 0.00 1.2885 1478 0.00 0.00 -21.3253
conv5 179 27501 15.28 0.00 5.2576 87144 -7.64 0.00 -16.1248
conv5 180 87669 -7.64 30.56 2.0832 1478 0.00 0.00 -22.6564
conv5 181 561 0.00 61.12 2.2388 87356 -7.64 7.64 -22.6176
conv5 182 210743 7.64 -7.64 11.0373 1478 0.00 0.00 -16.7193
conv5 183 876 61.12 0.00 3.4607 26216 0.00 0.00 -19.5180
conv5 184 208163 0.00 -7.64 0.3572 26216 0.00 0.00 -34.0173
conv5 185 99846 30.56 -15.28 2.5923 26328 0.00 15.28 -25.1951
conv5 186 5849 0.00 30.56 1.6219 2477 0.00 0.00 -21.9960
conv5 187 11769 30.56 -61.12 2.0124 11237 0.00 0.00 -17.6261
conv5 188 211008 7.64 15.28 2.7619 1494 0.00 0.00 -18.9518
conv5 189 670 0.00 61.12 9.6041 2557 0.00 0.00 -11.9015
conv5 190 39680 0.00 -15.28 13.8262 1543 0.00 0.00 -11.2244
conv5 191 11339 0.00 30.56 7.5235 87132 -7.64 -7.64 -18.1203
conv5 192 526 0.00 0.00 7.2276 89806 0.00 0.00 -19.8152
conv5 193 213681 15.28 15.28 0.8687 26216 0.00 0.00 -30.3689
conv5 194 205815 -7.64 7.64 13.0299 1478 0.00 0.00 -15.9778
conv5 195 5744 0.00 0.00 9.4789 87118 -7.64 -7.64 -28.7682
conv5 196 151378 7.64 -15.28 0.7564 1478 0.00 0.00 -22.9396
conv5 197 53241 0.00 -15.28 7.6769 92434 7.64 7.64 -19.3120
conv5 198 5615 0.00 -30.56 0.9947 1576 0.00 61.12 -20.1937
conv5 199 24936 -15.28 -15.28 0.7458 1478 0.00 0.00 -26.5799
conv5 200 53343 0.00 0.00 4.3097 1478 0.00 0.00 -22.8203
conv5 201 97828 22.92 22.92 3.9558 26298 0.00 0.00 -25.4100
conv5 202 5769 0.00 0.00 1.9752 26272 0.00 0.00 -21.4786
conv5 203 146075 -7.64 -22.92 2.2891 92439 7.64 7.64 -26.7037
conv5 204 10336 -30.56 -30.56 7.6641 2557 0.00 0.00 -15.1555
conv5 205 2519 0.00 0.00 11.3096 92494 7.64 7.64 -12.3484
conv5 206 38543 -15.28 0.00 6.1214 87118 -7.64 -7.64 -17.7610
conv5 207 97991 22.92 30.56 2.4022 26295 0.00 0.00 -24.5615
conv5 208 5811 0.00 0.00 3.2842 87321 -7.64 7.64 -21.1485
conv5 209 170 -61.12 0.00 5.4173 87062 -7.64 -7.64 -23.2016
conv5 210 641 0.00 61.12 3.8488 11223 0.00 0.00 -16.2641
conv5 211 16705 0.00 0.00 11.5131 87132 -7.64 -7.64 -16.8639
conv5 212 81808 -22.92 -15.28 5.3078 92420 7.64 7.64 -28.9988
conv5 213 53451 0.00 15.28 8.1832 87144 -7.64 0.00 -24.4645
conv5 214 87025 -7.64 -7.64 7.5573 92508 7.64 7.64 -17.7231
conv5 215 52079 -15.28 -15.28 4.5194 26321 0.00 15.28 -19.9750
conv5 216 16714 0.00 0.00 6.4914 1543 0.00 0.00 -18.6496
conv5 217 11356 0.00 30.56 0.9228 92280 7.64 -7.64 -30.3647
conv5 218 89010 0.00 -53.48 3.4779 26256 0.00 0.00 -21.5657
conv5 219 99983 30.56 -7.64 3.2613 26216 0.00 0.00 -18.1986
conv5 220 54539 15.28 -15.28 1.9081 26267 0.00 0.00 -17.6509
conv5 221 560 0.00 61.12 1.3026 26272 0.00 0.00 -19.2495
conv5 222 5867 0.00 30.56 3.6339 1478 0.00 0.00 -20.0132
conv5 223 1535 0.00 0.00 4.1503 87260 -7.64 7.64 -17.6301
conv5 224 16891 0.00 30.56 1.5124 2477 0.00 0.00 -21.7798
conv5 225 27562 15.28 15.28 11.7968 26272 0.00 0.00 -24.1492
conv5 226 52191 -15.28 0.00 4.5054 92439 7.64 7.64 -23.2903
conv5 227 89524 0.00 -15.28 9.8057 2589 0.00 61.12 -13.8773
conv5 228 40996 15.28 0.00 5.0242 87356 -7.64 7.64 -24.2021
conv5 229 1552 0.00 0.00 5.3902 87356 -7.64 7.64 -21.2554
conv5 230 87787 -7.64 38.20 2.7469 92439 7.64 7.64 -21.4283
conv5 231 17551 30.56 0.00 2.5073 92439 7.64 7.64 -33.1076
conv5 232 11320 0.00 30.56 8.5112 1478 0.00 0.00 -25.2665
conv5 233 26363 0.00 15.28 2.2734 92494 7.64 7.64 -31.1024
conv5 234 53455 0.00 15.28 2.6503 1478 0.00 0.00 -24.9026
conv5 235 54640 15.28 0.00 0.5278 26272 0.00 0.00 -34.3700
conv5 236 53343 0.00 0.00 3.8846 26274 0.00 0.00 -14.8875
conv5 237 27525 15.28 0.00 3.1247 26221 0.00 0.00 -24.6760
conv5 238 1509 0.00 0.00 5.0607 1576 0.00 61.12 -17.1199
conv5 239 11284 0.00 0.00 6.0615 92494 7.64 7.64 -29.5951
conv5 240 2556 0.00 0.00 5.5497 5743 0.00 0.00 -15.0944
conv5 241 2562 0.00 0.00 4.8035 89864 0.00 7.64 -23.0366
conv5 242 11238 0.00 0.00 7.1263 92481 7.64 7.64 -19.3730
conv5 243 5823 0.00 0.00 7.4467 86894 -7.64 -22.92 -14.9483
conv5 244 582 0.00 61.12 11.7164 92441 7.64 7.64 -18.5486
conv5 245 5724 0.00 0.00 10.4779 92437 7.64 7.64 -13.5100
conv5 246 16780 0.00 0.00 2.8783 92606 7.64 15.28 -18.4571
conv5 247 28705 30.56 0.00 1.3901 87086 -7.64 -7.64 -35.2397
conv5 248 53090 0.00 -30.56 2.1560 1478 0.00 0.00 -19.6629
conv5 249 10459 -30.56 0.00 3.2249 89820 0.00 0.00 -19.9557
conv5 250 82104 -22.92 7.64 5.2385 1478 0.00 0.00 -19.3432
conv5 251 87681 -7.64 30.56 3.3262 2565 0.00 0.00 -25.7950
conv5 252 5801 0.00 0.00 9.6874 87329 -7.64 7.64 -19.5515
conv5 253 432 0.00 -61.12 8.5144 11203 0.00 0.00 -21.3380
conv5 254 92597 7.64 15.28 6.2370 92214 7.64 -7.64 -24.6706
conv5 255 11237 0.00 0.00 6.5352 92284 7.64 -7.64 -16.9768
