conv1 0 0.85 2.78 0.89 2.78
conv1 1 -3.57 3.65 -2.12 3.55
conv1 2 0.25 -0.21 0.25 -0.21
conv1 3 -0.06 -0.41 -0.06 -0.41
conv1 4 0.25 0.17 0.25 0.17
conv1 5 0.66 0.02 0.66 0.02
conv1 6 0.80 0.33 0.80 0.33
conv1 7 2.75 3.37 2.10 2.52
conv1 8 -2.14 -3.12 -2.14 -3.12
conv1 9 1.09 0.79 1.09 0.79
conv1 10 0.12 -1.86 0.12 -1.86
conv1 11 0.83 0.60 0.83 0.60
conv1 12 -1.75 0.06 -1.75 0.06
conv1 13 0.56 0.66 0.56 0.66
conv1 14 0.23 0.33 0.23 0.33
conv1 15 -2.29 -4.15 -2.29 -4.15
conv1 16 0.77 -0.40 0.77 -0.40
conv1 17 -0.45 0.66 -0.50 0.66
conv1 18 0.70 0.35 0.70 0.35
conv1 19 1.24 -3.68 0.51 -3.99
conv1 20 0.49 0.66 0.54 0.62
conv1 21 1.53 1.13 1.94 1.44
conv1 22 0.58 1.17 0.58 1.17
conv1 23 0.08 -0.29 0.08 -0.29
conv1 24 -0.14 0.36 -0.14 0.36
conv1 25 -1.67 1.34 -1.67 1.34
conv1 26 -1.84 -0.43 -1.84 -0.52
conv1 27 0.87 0.66 0.87 0.66
conv1 28 -0.39 0.32 -0.39 0.32
conv1 29 1.34 -0.12 1.30 -0.16
conv1 30 -0.29 -0.43 -0.31 -0.45
conv1 31 -2.13 0.89 -2.13 0.92
conv1 32 -0.60 -0.89 -0.60 -0.89
conv1 33 1.96 1.12 1.96 1.12
conv1 34 1.67 0.68 1.67 0.68
conv1 35 -4.75 4.34 -3.85 3.96
conv1 36 3.28 -1.88 3.65 -1.55
conv1 37 -1.61 -0.41 -1.55 -0.87
conv1 38 0.21 -0.21 0.21 -0.21
conv1 39 1.30 -1.66 1.30 -1.66
conv1 40 1.86 -1.27 1.96 -0.41
conv1 41 0.60 0.89 0.60 0.89
conv1 42 0.76 1.44 0.80 1.53
conv1 43 -0.39 -0.64 -0.39 -0.64
conv1 44 0.25 1.90 0.25 1.82
conv1 45 -0.10 0.54 -0.10 0.54
conv1 46 -2.91 -0.14 -2.41 0.31
conv1 47 0.29 0.04 0.29 0.04
conv1 48 0.29 2.12 0.29 2.12
conv1 49 -1.11 -0.83 -1.11 -0.83
conv1 50 -0.04 0.23 -0.04 0.27
conv1 51 3.92 -0.78 4.02 -0.31
conv1 52 -1.24 -1.55 -1.11 -0.89
conv1 53 -0.66 0.29 -0.83 0.25
conv1 54 -0.24 0.39 -0.24 0.39
conv1 55 -0.32 -1.42 -0.32 -1.42
conv1 56 -0.49 -0.54 -0.49 -0.58
conv1 57 0.06 0.14 0.06 0.14
conv1 58 -1.22 -0.49 -1.26 0.08
conv1 59 1.28 -0.33 1.24 -0.25
conv1 60 1.04 -0.30 1.04 -0.30
conv1 61 1.10 2.35 1.10 2.35
conv1 62 0.17 -0.08 0.17 -0.08
conv1 63 -1.18 1.75 -1.18 1.75
conv2 0 1.75 -0.26 8.70 -6.07
conv2 1 0.38 0.86 0.05 0.38
conv2 2 -18.50 -5.74 0.00 -6.12
conv2 3 6.12 -9.13 -1.15 -2.53
conv2 4 -8.61 -15.30 3.92 12.43
conv2 5 8.03 8.61 5.16 1.63
conv2 6 0.76 2.68 -8.89 -6.69
conv2 7 -6.26 2.15 6.98 0.67
conv2 8 2.29 -3.25 -1.00 -2.10
conv2 9 1.72 0.10 0.48 -2.73
conv2 10 9.18 -13.29 -7.89 6.55
conv2 11 -0.57 -0.57 2.87 -3.63
conv2 12 0.38 -2.30 1.39 -2.10
conv2 13 0.05 -6.55 -1.63 -1.82
conv2 14 -9.18 -11.86 3.63 6.22
conv2 15 15.63 -6.65 1.15 -2.20
conv2 16 0.72 -10.28 -1.43 -0.67
conv2 17 13.53 -17.88 -1.00 -1.34
conv2 18 -19.41 16.54 -0.38 -0.57
conv2 19 -5.40 -4.11 1.43 -0.19
conv2 20 -0.96 3.78 2.15 -0.67
conv2 21 14.25 -0.79 -5.40 -1.20
conv2 22 -3.20 -4.40 2.39 8.89
conv2 23 -8.46 -13.34 0.67 3.63
conv2 24 -5.93 19.08 -1.86 1.29
conv2 25 2.06 -0.29 4.85 1.22
conv2 26 0.05 -4.69 0.48 3.06
conv2 27 4.06 5.16 3.01 6.12
conv2 28 6.50 9.28 1.15 -2.20
conv2 29 1.24 -8.80 0.96 -5.40
conv2 30 0.86 9.75 0.86 -8.61
conv2 31 -4.06 -2.87 -3.83 -0.86
conv2 32 3.78 6.60 -0.10 -2.58
conv2 33 2.25 -5.98 2.44 -1.91
conv2 34 -0.76 1.05 0.19 2.29
conv2 35 -2.20 -1.91 -3.25 0.00
conv2 36 -2.39 0.19 6.17 -4.78
conv2 37 7.12 -5.55 0.14 9.44
conv2 38 3.59 8.65 -0.10 -3.30
conv2 39 6.93 -10.73 1.43 0.00
conv2 40 4.35 17.45 -4.30 -5.59
conv2 41 0.05 -12.53 1.10 0.29
conv2 42 -13.10 7.36 9.08 -5.26
conv2 43 2.49 -18.46 0.67 4.11
conv2 44 5.07 14.97 1.63 -7.46
conv2 45 -5.40 -13.53 1.15 3.83
conv2 46 18.46 1.77 0.24 -0.62
conv2 47 2.39 3.73 -1.20 -1.72
conv2 48 17.88 2.20 -6.41 1.67
conv2 49 -0.14 3.49 -4.02 6.17
conv2 50 7.58 8.92 -3.49 1.53
conv2 51 -7.17 -2.87 5.16 -0.57
conv2 52 -5.59 -8.03 13.20 -2.15
conv2 53 18.65 7.46 -9.75 -0.96
conv2 54 4.88 1.05 -4.73 -2.34
conv2 55 -1.77 0.81 0.19 -0.48
conv2 56 -3.83 -3.06 -2.39 2.96
conv2 57 7.70 12.00 1.24 -15.01
conv2 58 5.50 4.35 0.43 2.73
conv2 59 -6.17 -16.30 4.21 0.00
conv2 60 -1.34 -12.34 4.88 0.86
conv2 61 0.00 3.44 -0.17 -1.05
conv2 62 9.28 5.74 -4.21 2.68
conv2 63 10.38 12.00 -7.55 -2.87
conv2 64 3.87 -11.67 -3.87 3.87
conv2 65 1.53 -1.34 3.20 0.17
conv2 66 1.39 -5.69 0.96 -5.31
conv2 67 8.94 -1.39 0.57 0.86
conv2 68 0.48 1.91 -2.46 -0.38
conv2 69 -6.36 -1.86 0.48 -0.74
conv2 70 -7.84 2.87 0.10 2.06
conv2 71 -6.12 -18.41 -4.23 -2.61
conv2 72 -0.96 -3.49 1.22 -4.14
conv2 73 -14.34 -10.47 3.35 2.01
conv2 74 0.57 -1.67 7.75 -4.40
conv2 75 -12.98 13.46 0.19 -2.87
conv2 76 12.62 0.19 -1.72 0.96
conv2 77 2.96 2.63 -5.12 -0.86
conv2 78 -17.02 0.29 1.91 3.35
conv2 79 -13.63 10.14 2.92 -1.91
conv2 80 0.07 -15.85 -0.72 8.46
conv2 81 -4.11 -10.09 1.91 2.96
conv2 82 4.64 5.36 0.33 -13.87
conv2 83 -5.50 -1.91 0.00 -1.91
conv2 84 -1.91 -0.86 7.65 3.11
conv2 85 -17.93 1.77 6.12 2.39
conv2 86 0.00 -8.42 1.29 -6.72
conv2 87 0.96 -8.01 -0.41 -4.16
conv2 88 -15.59 3.01 10.23 -1.91
conv2 89 6.07 17.55 0.29 -3.63
conv2 90 10.28 6.93 0.19 0.29
conv2 91 11.52 -4.88 6.84 -2.96
conv2 92 -4.92 -10.09 -0.81 6.60
conv2 93 -5.40 2.01 7.46 -7.55
conv2 94 6.77 7.89 3.83 5.31
conv2 95 17.64 4.02 -6.74 2.96
conv2 96 -16.21 7.22 0.38 -4.30
conv2 97 0.19 4.02 -1.77 3.54
conv2 98 3.16 11.76 -4.73 -0.57
conv2 99 -8.22 -0.29 -2.63 -2.92
conv2 100 11.24 8.08 0.33 -3.44
conv2 101 1.24 -7.89 -2.01 4.30
conv2 102 -0.43 7.17 -0.00 1.48
conv2 103 5.40 -12.43 0.72 4.73
conv2 104 -2.10 -0.67 -0.57 -0.19
conv2 105 -2.89 3.25 -8.58 3.37
conv2 106 -12.14 7.84 -1.63 2.77
conv2 107 3.04 -2.25 -0.14 0.91
conv2 108 1.65 2.77 3.20 -0.53
conv2 109 -12.96 -8.42 0.48 1.24
conv2 110 -0.86 -1.15 0.29 -3.35
conv2 111 2.49 -1.43 -0.76 -3.16
conv2 112 -4.78 10.52 7.27 -4.78
conv2 113 4.59 0.19 5.83 -1.10
conv2 114 7.17 -1.34 -1.05 -3.11
conv2 115 5.83 6.02 0.96 -1.29
conv2 116 2.58 0.38 0.76 0.00
conv2 117 -2.22 -1.27 -2.10 -10.14
conv2 118 8.18 8.89 0.00 -5.83
conv2 119 -3.73 2.06 1.29 -2.82
conv2 120 2.10 -3.20 -0.33 -1.63
conv2 121 -3.25 -12.34 8.51 16.54
conv2 122 -9.42 -12.53 -5.12 -0.72
conv2 123 -15.40 7.84 0.10 -4.92
conv2 124 18.69 6.93 0.10 -4.30
conv2 125 -6.67 9.90 1.05 -3.83
conv2 126 6.45 8.13 -5.12 -9.32
conv2 127 -5.45 -5.50 -6.98 -2.34
conv2 128 -12.77 12.86 -0.67 -4.49
conv2 129 -3.16 -5.71 1.58 -1.24
conv2 130 5.02 -6.79 -0.67 3.35
conv2 131 0.29 16.59 2.10 -8.85
conv2 132 -12.81 -0.00 17.12 0.57
conv2 133 11.57 -7.65 -14.20 11.81
conv2 134 -16.73 -14.82 -4.11 -4.69
conv2 135 11.19 -12.81 -8.03 -0.38
conv2 136 1.91 12.43 -0.67 -5.64
conv2 137 3.87 -1.86 -11.76 4.02
conv2 138 0.57 -1.15 3.06 -1.24
conv2 139 12.29 -12.81 -5.83 3.83
conv2 140 4.11 0.86 0.53 -0.91
conv2 141 7.12 -0.14 -5.02 6.98
conv2 142 -12.48 13.87 8.61 -3.54
conv2 143 -9.18 2.92 -7.27 1.86
conv2 144 1.43 -8.18 -0.10 10.04
conv2 145 -11.09 0.62 5.50 6.22
conv2 146 2.63 -3.78 -11.95 3.73
conv2 147 -1.34 16.93 0.91 -0.10
conv2 148 -5.74 3.06 -0.10 0.91
conv2 149 -9.95 -8.99 1.63 3.39
conv2 150 9.32 -12.24 5.55 -1.05
conv2 151 -1.34 8.37 2.77 -3.06
conv2 152 -0.57 0.77 2.10 -5.07
conv2 153 2.20 2.82 -0.81 6.22
conv2 154 -0.55 -2.25 1.53 0.33
conv2 155 -2.58 1.63 -2.39 -4.14
conv2 156 14.44 18.17 -0.29 0.38
conv2 157 -13.39 2.77 -3.25 0.57
conv2 158 -0.57 -13.20 1.34 8.32
conv2 159 -1.29 -3.68 -1.15 -3.16
conv2 160 16.97 -4.78 -4.11 -4.59
conv2 161 17.50 6.74 3.83 -3.20
conv2 162 -13.48 -12.38 0.29 0.67
conv2 163 -2.39 -15.20 -1.77 9.13
conv2 164 0.96 13.53 -4.64 -2.87
conv2 165 -14.25 5.36 1.82 -1.24
conv2 166 0.53 -13.29 -1.96 1.20
conv2 167 1.91 8.27 7.79 2.82
conv2 168 -0.53 6.98 -1.34 -14.63
conv2 169 7.89 -1.48 -0.10 3.35
conv2 170 -0.81 -2.53 2.77 -1.46
conv2 171 7.94 1.77 -2.87 -9.85
conv2 172 1.05 -3.30 -0.76 -3.06
conv2 173 7.98 10.18 0.96 0.48
conv2 174 -4.40 7.89 1.29 0.96
conv2 175 2.87 6.07 3.25 1.15
conv2 176 6.79 -3.25 0.38 6.89
conv2 177 -2.39 18.03 -0.10 -12.72
conv2 178 8.22 -16.83 -3.63 0.96
conv2 179 -11.57 15.59 2.49 -4.11
conv2 180 1.53 -1.96 -1.15 9.08
conv2 181 5.83 -3.25 -1.34 -0.96
conv2 182 -16.76 4.59 0.17 5.09
conv2 183 -1.79 -2.37 -0.29 1.91
conv2 184 8.99 6.22 -6.89 -1.05
conv2 185 -7.51 -8.22 2.10 12.91
conv2 186 4.88 -3.49 -0.05 3.92
conv2 187 -6.50 -10.14 -0.14 2.34
conv2 188 -15.87 -1.82 6.84 1.00
conv2 189 16.21 -6.07 -11.28 1.34
conv2 190 9.75 -2.20 5.93 1.63
conv2 191 -1.24 -1.15 1.65 -4.54
conv3 0 6.26 16.29 -5.75 -14.48
conv3 1 12.99 -28.08 -8.96 15.27
conv3 2 16.89 -1.53 0.60 6.26
conv3 3 14.01 31.00 1.67 -0.37
conv3 4 -1.11 -6.78 6.36 9.65
conv3 5 0.65 -6.50 3.71 -6.31
conv3 6 -4.69 20.23 3.34 -9.93
conv3 7 1.58 -4.18 -0.74 -13.55
conv3 8 -5.57 -0.32 1.11 -8.91
conv3 9 -3.71 10.58 6.22 -12.99
conv3 10 -8.07 1.81 5.34 3.20
conv3 11 -13.04 5.99 -12.44 -1.86
conv3 12 10.95 9.84 -0.84 -5.57
conv3 13 23.48 -17.08 -0.37 -1.39
conv3 14 7.29 0.74 -14.29 -22.74
conv3 15 1.62 4.22 0.51 4.04
conv3 16 11.69 19.58 -4.64 -7.52
conv3 17 -5.71 3.25 0.56 15.96
conv3 18 1.35 8.35 -1.90 -1.25
conv3 19 -3.67 -25.62 -2.04 7.33
conv3 20 13.92 10.44 -4.64 -6.03
conv3 21 0.32 17.50 8.07 -29.05
conv3 22 10.95 7.33 5.75 3.16
conv3 23 -13.97 2.13 1.02 1.11
conv3 24 4.27 9.98 4.64 -8.91
conv3 25 -7.70 -13.32 3.34 0.37
conv3 26 2.74 -4.13 5.29 -2.78
conv3 27 -9.28 7.80 -6.03 7.52
conv3 28 -26.54 24.18 4.92 0.00
conv3 29 -6.87 30.07 2.88 2.69
conv3 30 9.65 -7.94 -4.78 -1.95
conv3 31 -20.19 -31.14 -0.60 3.85
conv3 32 -12.85 0.19 -1.67 7.89
conv3 33 9.79 -18.52 -1.86 9.47
conv3 34 3.62 13.55 -2.69 -0.37
conv3 35 -30.81 -7.80 16.57 5.94
conv3 36 1.44 16.01 -0.70 6.26
conv3 37 21.58 -4.45 -2.41 0.74
conv3 38 3.67 4.13 -5.94 -16.98
conv3 39 25.89 2.88 -12.07 -7.61
conv3 40 -5.01 -15.22 9.56 12.11
conv3 41 0.19 -8.68 -0.37 -2.60
conv3 42 14.85 -0.00 -0.00 3.62
conv3 43 -25.29 9.56 17.45 7.61
conv3 44 -2.78 3.06 2.13 -2.97
conv3 45 19.68 2.55 4.22 -17.73
conv3 46 -2.32 -30.95 0.09 4.36
conv3 47 -10.95 -4.22 -1.30 4.83
conv3 48 -4.18 -5.75 -1.76 2.69
conv3 49 3.85 -6.03 2.13 3.99
conv3 50 -13.37 -8.59 16.61 0.97
conv3 51 2.18 1.44 0.93 2.51
conv3 52 3.71 3.71 7.80 4.83
conv3 53 -13.18 -16.10 -0.00 4.83
conv3 54 -1.30 0.60 -6.78 1.67
conv3 55 -0.37 1.76 11.42 -20.51
conv3 56 11.28 5.10 -21.02 1.11
conv3 57 -1.02 -4.92 3.81 0.09
conv3 58 13.83 -4.92 -0.37 -1.11
conv3 59 -19.58 -26.45 3.76 3.11
conv3 60 -17.36 -12.25 9.56 3.99
conv3 61 5.62 -5.34 -1.76 19.68
conv3 62 0.19 -5.75 -0.09 -5.80
conv3 63 3.43 -17.96 -9.42 11.65
conv3 64 -15.55 -0.93 0.37 -2.13
conv3 65 2.92 1.90 -7.19 7.01
conv3 66 13.69 15.69 -1.67 -13.27
conv3 67 -2.69 -1.86 6.31 -2.97
conv3 68 7.05 4.92 -2.23 -4.83
conv3 69 2.78 -4.92 1.30 1.39
conv3 70 1.02 -5.62 1.53 -1.62
conv3 71 -11.37 -25.62 0.79 -2.32
conv3 72 -2.74 32.16 0.46 0.37
conv3 73 10.44 3.39 6.96 4.73
conv3 74 -18.56 2.23 22.55 2.04
conv3 75 -7.38 -15.31 6.36 7.24
conv3 76 26.13 -21.21 -0.65 3.62
conv3 77 1.90 -0.93 1.62 -8.12
conv3 78 -2.41 7.24 0.93 -1.11
conv3 79 -0.56 -13.27 2.41 8.72
conv3 80 4.45 -17.22 0.56 -0.93
conv3 81 -11.60 7.84 -2.23 -18.28
conv3 82 -4.97 18.98 0.28 -9.65
conv3 83 -10.77 -4.45 0.84 -2.37
conv3 84 6.96 -7.84 9.84 -6.03
conv3 85 -9.98 13.83 4.78 -6.03
conv3 86 -15.36 -6.13 1.58 6.36
conv3 87 -26.82 -14.80 26.68 15.04
conv3 88 7.15 7.61 -5.20 -15.22
conv3 89 21.49 -18.24 -2.60 -7.33
conv3 90 6.73 22.14 5.01 -1.30
conv3 91 -2.09 -9.61 3.62 6.03
conv3 92 31.65 -3.20 -22.09 0.19
conv3 93 0.37 -12.34 2.97 -4.13
conv3 94 -4.45 -25.85 2.09 9.98
conv3 95 23.67 15.13 -0.74 -4.32
conv3 96 -2.46 31.56 5.15 3.81
conv3 97 5.01 1.11 -4.08 -1.67
conv3 98 -21.39 43.07 1.76 -17.91
conv3 99 -11.09 -6.08 1.95 2.41
conv3 100 25.80 -16.89 -11.88 12.34
conv3 101 -6.54 -20.79 -10.21 7.89
conv3 102 -1.25 3.71 1.07 5.10
conv3 103 11.00 -12.34 -4.18 10.49
conv3 104 18.56 2.65 5.38 -14.25
conv3 105 27.05 -10.26 1.02 0.84
conv3 106 22.37 -2.92 -12.53 7.15
conv3 107 -29.56 -0.14 8.77 1.02
conv3 108 2.97 -9.98 11.60 21.90
conv3 109 -6.73 -23.30 1.48 3.16
conv3 110 6.96 0.00 -0.09 -0.28
conv3 111 -1.11 1.44 -1.90 21.86
conv3 112 7.10 -14.43 -0.97 2.83
conv3 113 -0.93 -18.61 -4.92 8.91
conv3 114 -1.81 -1.39 14.57 -16.06
conv3 115 3.20 -13.27 1.86 -5.48
conv3 116 21.30 7.01 -10.67 -6.96
conv3 117 8.07 -13.55 -2.04 0.19
conv3 118 -3.76 -2.92 -1.49 -0.09
conv3 119 -18.56 3.90 25.80 -10.58
conv3 120 2.27 -1.90 -5.48 -1.67
conv3 121 0.14 -22.23 -1.21 8.54
conv3 122 14.39 19.63 0.37 -5.52
conv3 123 4.50 -14.06 3.39 -8.59
conv3 124 -1.11 -20.56 1.58 5.10
conv3 125 -1.25 3.29 -2.78 -1.30
conv3 126 -13.83 -11.18 -2.60 0.56
conv3 127 11.60 15.78 -6.96 -7.70
conv3 128 -0.56 1.11 9.28 2.97
conv3 129 -4.69 -29.61 2.32 7.98
conv3 130 -26.64 24.27 -0.19 -1.86
conv3 131 -15.69 -19.30 5.85 3.71
conv3 132 1.07 -12.58 2.69 1.62
conv3 133 -6.40 -26.92 -0.74 3.81
conv3 134 -6.54 -10.40 -5.01 2.60
conv3 135 7.66 19.72 3.34 0.74
conv3 136 -8.35 19.26 8.91 -15.78
conv3 137 -3.90 -0.28 -4.18 -2.51
conv3 138 9.98 12.20 -6.50 -13.74
conv3 139 7.01 0.79 -2.37 -10.26
conv3 140 3.06 -0.37 2.04 1.48
conv3 141 19.31 -17.08 -0.23 6.59
conv3 142 5.62 -25.01 1.95 18.38
conv3 143 -0.28 -10.86 -12.67 5.34
conv3 144 -18.89 -4.41 17.73 2.51
conv3 145 1.11 3.34 -1.07 6.96
conv3 146 -3.39 -7.33 0.46 -1.11
conv3 147 27.38 -13.88 -21.30 -20.74
conv3 148 6.96 2.13 -4.78 -1.95
conv3 149 -25.94 -6.03 9.23 -2.65
conv3 150 -0.93 17.31 -1.58 -26.54
conv3 151 -6.08 -0.00 -0.28 -10.49
conv3 152 8.40 -8.45 3.90 -7.89
conv3 153 3.06 16.94 2.88 -4.18
conv3 154 7.66 11.51 -5.80 -1.76
conv3 155 -31.37 5.52 3.25 -3.29
conv3 156 -4.04 4.18 2.92 -6.82
conv3 157 -5.34 -13.69 1.49 9.84
conv3 158 1.35 -9.47 1.48 -4.36
conv3 159 -5.52 10.58 2.69 -7.15
conv3 160 27.94 -3.99 -2.88 -3.34
conv3 161 2.51 6.31 -0.65 -6.22
conv3 162 -1.67 -0.09 0.65 -0.37
conv3 163 3.62 21.90 -2.09 -8.63
conv3 164 -1.76 4.27 -2.13 -12.53
conv3 165 13.88 -3.53 3.81 2.69
conv3 166 4.59 24.27 4.45 -3.99
conv3 167 4.50 2.65 -1.39 -9.00
conv3 168 -7.05 1.67 5.57 -4.45
conv3 169 19.63 14.66 0.56 -1.95
conv3 170 -19.77 -33.92 0.97 0.97
conv3 171 27.43 -15.69 -7.70 6.64
conv3 172 -9.37 -10.02 1.02 1.35
conv3 173 -0.46 -0.56 4.08 7.89
conv3 174 -21.81 -26.45 1.30 -2.32
conv3 175 -6.40 19.54 1.35 -8.68
conv3 176 27.05 2.46 1.95 -3.62
conv3 177 -8.45 -8.35 1.67 -1.30
conv3 178 24.36 36.01 7.24 -3.25
conv3 179 -5.15 1.58 1.21 0.65
conv3 180 15.13 -2.65 -11.69 -9.65
conv3 181 -0.84 4.92 0.19 -3.99
conv3 182 29.24 18.01 -4.22 3.62
conv3 183 19.44 4.64 -13.23 3.71
conv3 184 -21.35 23.44 7.29 -7.42
conv3 185 5.38 4.92 1.48 5.01
conv3 186 -19.86 -1.58 2.88 -9.37
conv3 187 -30.54 -3.62 9.10 -0.74
conv3 188 0.05 1.16 0.74 7.24
conv3 189 0.93 -0.51 -5.57 9.93
conv3 190 -14.39 1.44 16.89 -6.50
conv3 191 4.92 26.13 1.53 -4.73
conv3 192 -6.68 -11.23 -5.38 0.37
conv3 193 -6.50 -11.93 9.10 9.75
conv3 194 -0.93 -4.83 1.58 -0.56
conv3 195 -0.46 22.37 -0.74 0.93
conv3 196 -5.71 -1.07 6.68 1.67
conv3 197 -4.69 1.21 7.52 4.27
conv3 198 2.32 -15.17 -0.19 19.03
conv3 199 19.49 -4.22 0.14 7.29
conv3 200 -21.21 -2.74 -5.52 6.36
conv3 201 -18.01 -2.18 -2.32 7.94
conv3 202 -24.97 14.90 3.62 -10.67
conv3 203 -8.96 -9.98 4.27 -3.43
conv3 204 28.82 -3.94 -5.01 -0.19
conv3 205 -9.56 -1.25 0.84 -1.67
conv3 206 -2.00 -10.86 -0.46 -3.62
conv3 207 -20.56 34.94 -1.11 3.25
conv3 208 22.69 -19.54 1.11 7.24
conv3 209 8.82 3.57 -4.08 -2.55
conv3 210 -18.47 3.81 6.82 -4.18
conv3 211 1.58 -2.55 -2.32 -16.24
conv3 212 8.03 -3.20 -9.47 5.85
conv3 213 -5.75 3.62 0.56 0.93
conv3 214 12.72 3.81 -1.16 3.02
conv3 215 16.06 1.76 -14.20 6.68
conv3 216 -13.97 24.78 -2.78 -11.79
conv3 217 3.34 -3.53 0.74 7.38
conv3 218 2.97 -26.41 -1.62 8.68
conv3 219 23.53 12.11 1.53 -8.40
conv3 220 -19.31 6.50 -0.93 -12.62
conv3 221 12.62 6.31 -5.10 3.81
conv3 222 31.18 -10.72 -16.75 0.19
conv3 223 6.13 1.76 11.69 -6.59
conv3 224 7.19 -6.54 -11.83 -10.63
conv3 225 -26.82 -11.14 3.99 -0.00
conv3 226 1.11 15.59 -10.12 -2.27
conv3 227 15.04 -3.90 -19.58 -1.95
conv3 228 9.05 -8.17 -1.21 5.10
conv3 229 -0.37 -5.20 -2.60 0.56
conv3 230 -21.81 -13.23 1.11 -8.17
conv3 231 -4.73 -5.66 5.57 -0.00
conv3 232 -10.26 23.39 0.19 2.88
conv3 233 8.96 -10.12 2.23 -2.92
conv3 234 22.00 14.62 -10.77 -3.06
conv3 235 -14.80 -18.52 2.78 17.73
conv3 236 -18.01 -23.16 1.48 6.22
conv3 237 12.72 18.61 -2.51 -3.06
conv3 238 12.44 -22.51 -0.37 8.35
conv3 239 3.62 -4.13 -2.41 7.70
conv3 240 0.42 19.58 2.13 2.18
conv3 241 4.83 -7.98 0.65 -10.30
conv3 242 -4.78 8.91 -0.65 0.37
conv3 243 26.54 15.59 -8.35 -8.35
conv3 244 1.30 16.24 -3.43 -19.54
conv3 245 15.69 -9.37 -5.80 -1.86
conv3 246 -19.95 -22.60 -0.56 3.34
conv3 247 0.42 -5.48 0.05 3.11
conv3 248 -1.95 23.44 1.30 -5.38
conv3 249 8.59 31.60 1.58 -4.27
conv3 250 -1.86 30.12 2.32 -11.51
conv3 251 -1.25 -28.40 -1.35 25.62
conv3 252 -0.65 -13.04 0.37 5.75
conv3 253 6.54 10.67 -2.23 -14.94
conv3 254 33.97 5.24 0.14 1.16
conv3 255 19.54 24.32 -1.02 -6.87
conv3 256 -0.79 0.84 3.16 -1.67
conv3 257 -10.02 4.87 3.71 7.10
conv3 258 0.23 2.37 -3.53 -5.94
conv3 259 3.11 -9.00 -7.70 -1.48
conv3 260 -12.99 23.90 -0.65 -15.78
conv3 261 11.51 -19.03 8.35 20.79
conv3 262 15.92 -0.97 0.19 10.40
conv3 263 6.96 -33.32 1.11 -8.07
conv3 264 7.43 7.38 -9.61 -2.00
conv3 265 -4.27 -2.41 0.56 -2.78
conv3 266 3.34 -4.97 -5.38 6.13
conv3 267 -8.17 0.19 5.38 -6.31
conv3 268 -7.05 -1.25 8.26 1.30
conv3 269 -18.84 0.79 -1.95 -4.18
conv3 270 -10.40 -9.19 1.86 1.21
conv3 271 -23.81 20.47 -3.90 -1.11
conv3 272 4.73 -28.68 -4.45 -6.45
conv3 273 -4.92 3.16 0.93 2.88
conv3 274 -32.62 -28.08 5.66 3.06
conv3 275 -0.32 -27.19 -3.81 4.55
conv3 276 -2.46 -37.36 1.39 -6.96
conv3 277 -19.17 -10.35 9.10 6.78
conv3 278 -2.13 -13.78 0.56 5.75
conv3 279 2.78 -24.32 1.11 12.72
conv3 280 3.29 2.74 5.20 3.34
conv3 281 3.90 -8.77 0.09 2.51
conv3 282 -24.60 -26.08 -2.04 -2.60
conv3 283 14.85 -5.71 1.95 6.50
conv3 284 -8.82 -6.64 2.13 2.51
conv3 285 -5.38 -16.71 0.56 4.18
conv3 286 -7.29 -10.77 3.34 13.64
conv3 287 12.25 -13.78 0.00 -1.95
conv3 288 14.29 36.24 0.05 2.55
conv3 289 -4.73 20.42 4.87 -3.16
conv3 290 11.74 11.23 -6.59 5.20
conv3 291 34.16 -4.92 -11.18 1.62
conv3 292 22.92 -10.72 6.78 4.78
conv3 293 -3.81 -0.65 17.63 0.37
conv3 294 -6.87 -5.20 -22.00 1.67
conv3 295 7.33 -9.14 0.93 0.88
conv3 296 7.38 2.65 -0.74 -0.84
conv3 297 4.04 1.21 0.14 0.74
conv3 298 4.41 -24.18 2.69 3.48
conv3 299 -16.38 17.22 -2.88 1.21
conv3 300 -5.57 17.17 6.40 -5.38
conv3 301 -4.92 -8.31 2.97 -1.86
conv3 302 4.59 0.46 2.69 -8.26
conv3 303 -23.90 -10.77 17.22 3.29
conv3 304 5.99 0.93 7.70 -7.52
conv3 305 -0.74 -0.37 -0.56 1.49
conv3 306 -11.97 7.80 2.23 -1.86
conv3 307 -3.48 -2.27 -2.78 -1.53
conv3 308 10.40 -36.94 2.60 -3.53
conv3 309 0.74 -36.94 -1.67 5.20
conv3 310 -0.84 20.56 -1.11 -2.60
conv3 311 0.00 -1.67 0.93 -4.32
conv3 312 5.71 -17.59 -7.98 19.86
conv3 313 4.18 -21.58 -5.75 14.76
conv3 314 1.25 -1.62 0.00 -3.34
conv3 315 -11.09 27.52 2.78 -0.09
conv3 316 -3.76 22.14 2.46 -13.60
conv3 317 -7.98 22.79 -1.02 -12.62
conv3 318 18.56 -7.42 0.09 1.95
conv3 319 -6.36 5.10 -2.23 4.78
conv3 320 18.47 -14.48 0.37 -14.94
conv3 321 17.08 -25.24 4.27 -8.91
conv3 322 -8.82 -3.29 3.99 10.21
conv3 323 1.30 -5.66 -10.02 9.93
conv3 324 -0.14 18.10 0.19 -13.55
conv3 325 6.78 -19.35 2.78 -0.84
conv3 326 0.32 -12.02 4.41 7.94
conv3 327 -10.63 15.87 18.05 -12.76
conv3 328 0.23 25.15 2.13 -6.50
conv3 329 19.12 -32.44 -2.13 -7.05
conv3 330 -11.18 -31.60 0.09 -1.11
conv3 331 -0.09 -10.86 3.16 3.90
conv3 332 -7.19 21.02 4.36 -11.32
conv3 333 -31.18 -8.54 10.58 -4.59
conv3 334 1.48 -5.75 0.74 8.54
conv3 335 9.61 -8.54 4.73 0.28
conv3 336 0.60 8.77 5.38 -3.90
conv3 337 -7.05 31.79 -6.03 -6.64
conv3 338 10.35 12.20 1.76 -3.81
conv3 339 -21.90 -1.58 16.43 -3.76
conv3 340 4.22 -6.45 0.65 -5.66
conv3 341 -1.53 -3.48 2.88 -4.55
conv3 342 16.98 15.82 -5.29 -13.83
conv3 343 20.65 -31.65 1.67 0.09
conv3 344 -19.40 9.51 3.16 2.09
conv3 345 1.90 -8.21 -4.18 -9.00
conv3 346 -1.58 2.78 5.57 -6.31
conv3 347 -10.16 -6.36 -1.39 -3.53
conv3 348 -38.38 6.22 2.04 -1.76
conv3 349 -33.64 14.66 -5.48 -0.84
conv3 350 11.69 -4.45 8.54 4.08
conv3 351 -3.06 -10.63 2.69 -5.48
conv3 352 16.71 5.38 1.11 2.32
conv3 353 -10.77 -9.14 -1.86 1.11
conv3 354 -0.19 7.98 -0.19 -5.48
conv3 355 2.27 9.75 -4.83 2.41
conv3 356 19.77 2.23 -1.39 0.60
conv3 357 11.88 -4.27 -5.10 -0.09
conv3 358 -7.84 -2.41 7.98 -0.37
conv3 359 -2.60 9.79 3.62 -7.80
conv3 360 3.76 -1.07 1.39 0.46
conv3 361 2.51 1.76 3.25 -3.06
conv3 362 -15.59 -15.41 -4.27 2.46
conv3 363 11.42 26.03 2.78 -3.90
conv3 364 -0.74 -29.98 10.12 -3.11
conv3 365 -5.94 6.73 -3.16 -3.16
conv3 366 -0.74 -20.98 6.22 25.99
conv3 367 36.75 9.75 -4.73 -4.13
conv3 368 -1.53 -4.08 0.93 0.84
conv3 369 10.77 6.73 -3.90 -10.95
conv3 370 0.09 0.32 -3.25 -15.87
conv3 371 5.10 4.36 4.92 -4.08
conv3 372 -6.08 1.67 -3.71 3.90
conv3 373 1.48 7.15 -2.32 -10.77
conv3 374 1.21 -20.65 0.93 9.19
conv3 375 -1.72 -13.83 -17.26 19.31
conv3 376 -3.67 10.72 -4.18 -12.44
conv3 377 19.49 -25.38 5.94 -17.91
conv3 378 -8.63 7.47 0.28 0.56
conv3 379 13.27 3.57 -0.93 -7.75
conv3 380 -2.60 2.41 -0.74 -23.85
conv3 381 -2.41 -7.56 0.09 -5.48
conv3 382 27.52 0.05 -12.20 10.40
conv3 383 -1.30 -11.93 1.76 18.28
conv4 0 13.45 -13.45 1.60 10.62
conv4 1 3.19 5.90 7.80 -8.29
conv4 2 -2.64 -9.21 -6.02 1.84
conv4 3 -1.97 26.40 2.95 2.15
conv4 4 -1.72 -2.33 0.37 -12.34
conv4 5 4.79 4.91 -2.64 -6.69
conv4 6 5.16 8.60 -0.68 1.97
conv4 7 1.04 11.67 -7.74 10.99
conv4 8 -4.05 -2.70 1.35 7.68
conv4 9 -7.37 -20.76 1.41 5.53
conv4 10 7.06 7.86 0.86 -22.23
conv4 11 8.17 -0.74 -0.80 3.99
conv4 12 -7.61 -1.23 -4.61 -0.31
conv4 13 -37.03 1.60 -3.07 -0.12
conv4 14 0.18 23.95 7.43 -12.34
conv4 15 0.18 11.73 -2.82 -8.97
conv4 16 -29.29 14.06 1.35 -12.83
conv4 17 -4.18 -1.90 3.56 10.93
conv4 18 11.54 -11.24 -0.06 2.27
conv4 19 4.05 14.49 -0.12 -10.44
conv4 20 4.97 0.31 -14.18 -19.53
conv4 21 4.79 22.54 -13.57 2.03
conv4 22 0.74 -15.97 -3.13 -0.55
conv4 23 1.72 -4.30 -0.18 6.51
conv4 24 11.91 -12.22 -1.23 16.64
conv4 25 -1.84 -25.79 6.94 7.86
conv4 26 -0.18 0.98 -0.98 1.04
conv4 27 -18.05 6.69 -9.52 -18.91
conv4 28 0.00 30.09 -3.19 -16.83
conv4 29 15.84 -16.33 -2.21 -5.90
conv4 30 -10.01 12.77 4.05 -11.61
conv4 31 0.00 9.70 -2.58 -11.54
conv4 32 0.00 0.00 2.39 8.41
conv4 33 -3.25 15.35 4.18 -3.07
conv4 34 -1.60 -2.82 -1.41 -2.39
conv4 35 -2.76 -0.92 7.55 4.85
conv4 36 27.14 7.25 -4.67 -7.12
conv4 37 -0.06 -12.34 5.90 7.18
conv4 38 -5.22 20.20 4.36 -1.41
conv4 39 6.08 11.24 -4.97 -9.40
conv4 40 -6.75 -4.97 -3.44 0.86
conv4 41 12.10 2.15 -7.92 -3.50
conv4 42 -1.23 -4.85 -1.23 1.23
conv4 43 26.53 3.44 7.06 6.08
conv4 44 0.92 9.27 -4.11 -0.37
conv4 45 3.99 15.23 -7.74 -5.53
conv4 46 20.08 8.78 -1.47 1.47
conv4 47 5.71 3.13 -2.58 1.29
conv4 48 7.61 12.53 3.07 -4.42
conv4 49 9.15 5.34 -7.25 2.33
conv4 50 -10.32 -23.83 0.49 5.04
conv4 51 -8.17 3.56 -3.93 0.18
conv4 52 -27.82 1.60 -0.86 -7.37
conv4 53 1.72 0.86 -2.70 1.23
conv4 54 4.18 -9.95 -2.15 0.74
conv4 55 11.67 -2.52 -6.45 -1.78
conv4 56 49.68 13.08 0.43 -3.44
conv4 57 5.65 5.04 4.18 4.97
conv4 58 -10.13 -32.12 4.85 3.44
conv4 59 -5.53 -6.57 -3.07 -5.53
conv4 60 0.18 20.69 1.04 -1.84
conv4 61 -3.38 0.74 -3.19 1.11
conv4 62 -15.17 13.69 -5.34 -13.26
conv4 63 0.55 6.57 0.43 -6.02
conv4 64 -6.26 0.43 6.51 -0.92
conv4 65 -6.63 -30.46 -2.64 4.05
conv4 66 -2.46 19.96 1.11 -4.48
conv4 67 -0.80 -3.62 1.11 8.04
conv4 68 -3.99 8.17 3.87 -1.66
conv4 69 1.54 -31.32 4.30 12.16
conv4 70 27.57 11.48 -1.84 1.17
conv4 71 -8.17 -5.47 4.67 0.18
conv4 72 -3.93 -10.38 4.24 5.04
conv4 73 1.29 1.11 -4.85 -1.17
conv4 74 -1.29 -4.61 -1.35 8.35
conv4 75 6.39 -2.27 0.31 -2.64
conv4 76 -2.15 4.48 -1.54 -4.73
conv4 77 -7.61 -11.42 1.97 -6.26
conv4 78 -5.40 -37.33 -2.52 -14.18
conv4 79 1.54 -2.95 -8.60 -5.77
conv4 80 0.61 2.09 -0.86 -11.18
conv4 81 -11.11 -2.27 1.97 -18.24
conv4 82 -3.32 -1.17 -3.07 -23.33
conv4 83 -17.69 27.76 1.72 -11.73
conv4 84 -37.58 1.96 6.69 -11.11
conv4 85 -11.18 -27.20 -4.85 6.39
conv4 86 2.58 -1.66 -11.67 4.30
conv4 87 1.84 9.52 -8.29 -9.83
conv4 88 0.00 0.37 -3.07 -4.24
conv4 89 -3.62 23.03 -3.25 -4.30
conv4 90 0.00 0.86 -11.97 0.31
conv4 91 5.71 9.46 -5.47 -7.37
conv4 92 0.98 -10.99 4.54 0.55
conv4 93 3.38 -5.40 5.65 14.31
conv4 94 -2.39 -19.04 -2.82 1.35
conv4 95 6.75 -4.91 -19.04 -16.58
conv4 96 -17.62 31.99 1.11 6.57
conv4 97 7.12 23.15 -0.06 -4.11
conv4 98 12.96 -8.29 -6.26 -2.64
conv4 99 -12.40 -6.45 3.62 -8.17
conv4 100 0.00 0.98 -2.70 -3.07
conv4 101 3.99 -3.50 -0.92 5.96
conv4 102 -8.60 -24.81 0.00 -6.63
conv4 103 14.74 -29.41 2.33 12.90
conv4 104 -7.80 10.38 10.07 -0.37
conv4 105 4.67 -4.24 -3.87 11.48
conv4 106 -15.60 -16.58 0.00 0.18
conv4 107 8.35 0.37 -5.96 12.90
conv4 108 -0.92 16.33 5.59 0.74
conv4 109 -5.04 -12.77 3.44 1.90
conv4 110 -11.67 -16.03 1.47 6.88
conv4 111 24.26 9.58 -3.62 -9.40
conv4 112 4.42 -2.52 -7.55 -14.61
conv4 113 28.55 9.33 -0.86 -3.99
conv4 114 -11.42 8.66 12.04 -11.85
conv4 115 12.10 8.11 -3.01 9.27
conv4 116 0.49 0.49 -13.08 10.62
conv4 117 6.32 7.74 -1.41 2.58
conv4 118 -6.88 -13.57 3.99 -4.48
conv4 119 -8.23 -0.25 6.32 -7.98
conv4 120 4.18 -9.70 -4.54 8.41
conv4 121 -1.23 1.97 0.80 -6.69
conv4 122 10.25 -0.98 -0.61 -14.86
conv4 123 11.24 -7.80 -9.46 1.78
conv4 124 -6.63 10.50 1.23 -10.44
conv4 125 -5.90 7.61 7.86 5.71
conv4 126 1.17 28.86 -2.03 -4.97
conv4 127 3.87 5.04 -17.13 -10.68
conv4 128 0.74 -0.18 -2.21 -15.17
conv4 129 4.54 -13.08 4.91 21.06
conv4 130 -2.03 4.61 0.55 -9.70
conv4 131 -2.09 1.54 -1.47 -7.49
conv4 132 -6.75 1.72 6.39 0.18
conv4 133 -0.18 0.12 1.29 -4.91
conv4 134 -5.10 9.58 -2.89 -6.94
conv4 135 5.65 -0.12 -7.06 9.15
conv4 136 -0.86 0.61 9.95 -13.63
conv4 137 15.17 3.75 0.49 -8.72
conv4 138 -1.72 -3.68 2.15 14.92
conv4 139 -4.42 2.82 -1.23 -16.03
conv4 140 0.74 -3.68 3.62 5.77
conv4 141 -32.48 24.75 -0.18 -1.23
conv4 142 1.17 -0.49 -0.18 0.61
conv4 143 -0.12 1.66 5.65 1.29
conv4 144 5.53 3.25 -1.23 1.84
conv4 145 -2.27 -1.11 5.71 -5.10
conv4 146 25.42 -16.70 -7.86 -11.30
conv4 147 1.17 -0.43 -7.80 -7.61
conv4 148 0.80 0.25 3.01 2.58
conv4 149 -1.47 -1.17 -3.81 -8.84
conv4 150 0.00 4.42 7.18 4.11
conv4 151 7.49 -8.41 4.79 29.35
conv4 152 -1.84 7.12 5.96 -4.05
conv4 153 -7.43 15.54 0.92 -4.11
conv4 154 21.62 -23.40 -3.68 8.41
conv4 155 -8.47 -26.16 1.23 9.46
conv4 156 -7.00 -6.39 -1.47 3.68
conv4 157 -5.28 -2.39 2.03 0.80
conv4 158 -0.49 -16.27 -5.83 6.26
conv4 159 28.37 3.68 -18.24 -3.62
conv4 160 -12.04 -14.98 14.00 -4.61
conv4 161 2.21 23.33 6.63 9.33
conv4 162 -6.82 10.38 3.56 -7.37
conv4 163 5.28 6.14 -16.03 -5.96
conv4 164 0.43 -17.32 7.86 -5.22
conv4 165 0.49 0.00 -6.20 1.60
conv4 166 -8.97 0.68 -2.58 -13.14
conv4 167 -8.04 -6.32 -0.68 -0.86
conv4 168 3.56 3.99 0.92 -4.11
conv4 169 5.34 -1.04 -20.08 2.21
conv4 170 9.33 -10.01 -5.47 1.35
conv4 171 -0.98 -8.72 -0.86 5.16
conv4 172 -0.37 -0.74 -1.41 -22.54
conv4 173 -11.30 21.19 5.28 6.69
conv4 174 -5.65 -5.40 3.81 -5.90
conv4 175 -18.24 -12.65 1.84 5.83
conv4 176 4.61 8.78 -1.72 -4.85
conv4 177 23.64 -21.12 0.55 1.35
conv4 178 2.03 -5.10 -0.18 6.94
conv4 179 3.50 -1.97 -3.25 5.71
conv4 180 1.11 -26.34 0.74 7.00
conv4 181 -1.41 1.41 0.80 -1.54
conv4 182 10.44 1.41 -0.61 4.54
conv4 183 -3.44 -28.68 1.23 5.28
conv4 184 0.00 0.00 1.47 -14.31
conv4 185 9.15 -12.28 -2.15 11.54
conv4 186 -6.45 0.49 22.60 -0.25
conv4 187 -16.33 16.46 -2.95 -11.42
conv4 188 -0.49 30.33 -4.24 -28.37
conv4 189 1.23 0.49 0.80 -5.59
conv4 190 -12.53 7.12 -0.43 -11.36
conv4 191 -1.41 14.25 -1.84 2.03
conv4 192 8.41 -32.30 3.38 8.60
conv4 193 2.70 0.86 -3.32 0.74
conv4 194 -1.04 -1.96 -2.89 -3.75
conv4 195 3.81 9.40 1.66 -6.51
conv4 196 3.44 10.87 -2.39 5.96
conv4 197 -19.47 -12.47 11.42 4.54
conv4 198 2.09 -6.75 -10.87 0.92
conv4 199 5.10 -8.90 -7.86 -10.32
conv4 200 2.21 4.36 -5.47 -13.82
conv4 201 0.18 -19.04 0.43 1.72
conv4 202 23.76 -5.40 -26.96 -0.92
conv4 203 20.20 18.54 -6.08 3.01
conv4 204 18.85 -24.75 5.96 -6.39
conv4 205 -0.92 -21.19 -7.80 -0.06
conv4 206 3.81 -30.52 1.66 9.03
conv4 207 20.94 -1.54 -1.47 1.60
conv4 208 -2.09 -4.48 7.43 -1.41
conv4 209 -34.63 13.14 4.61 -3.75
conv4 210 2.64 5.22 -3.19 3.93
conv4 211 19.71 -18.42 -5.40 -7.00
conv4 212 -0.86 12.04 -3.62 5.34
conv4 213 -2.70 0.80 1.04 4.42
conv4 214 -2.03 2.89 0.86 13.63
conv4 215 -2.82 20.14 -5.22 -16.70
conv4 216 0.68 14.61 -3.93 -3.01
conv4 217 -6.26 8.54 3.75 0.80
conv4 218 -0.25 0.00 0.61 8.54
conv4 219 5.53 -1.60 4.11 -2.33
conv4 220 0.43 6.88 2.70 1.35
conv4 221 -4.61 -2.58 9.46 -6.39
conv4 222 12.47 31.50 3.01 -4.61
conv4 223 -3.50 -9.58 -8.11 -1.23
conv4 224 5.40 3.62 6.57 2.64
conv4 225 3.44 -6.02 -3.68 6.94
conv4 226 0.74 13.51 -6.82 -4.18
conv4 227 -15.72 -24.07 0.06 -7.18
conv4 228 11.91 12.28 -6.82 -7.43
conv4 229 7.06 7.55 5.53 -14.55
conv4 230 9.95 -9.03 -2.46 1.11
conv4 231 -29.29 11.54 25.67 -2.70
conv4 232 -7.98 -5.71 5.28 9.95
conv4 233 -1.60 -18.67 -0.18 -2.27
conv4 234 0.55 -1.47 -2.03 -1.11
conv4 235 -0.61 -17.62 8.66 16.76
conv4 236 -2.09 3.07 -0.06 -21.49
conv4 237 -1.60 11.73 -10.19 -2.15
conv4 238 -0.18 12.04 1.29 0.49
conv4 239 2.39 2.95 -6.82 0.37
conv4 240 -37.89 -15.72 -2.76 3.93
conv4 241 -7.31 0.49 -2.39 -7.49
conv4 242 1.54 -23.76 -1.90 0.61
conv4 243 -16.40 -19.71 2.09 0.55
conv4 244 9.33 7.74 -2.52 1.47
conv4 245 2.82 14.18 -2.39 -1.04
conv4 246 1.11 -7.61 -6.63 -3.07
conv4 247 -4.24 -8.29 -0.12 -2.27
conv4 248 3.50 -3.75 -5.59 6.32
conv4 249 10.32 5.47 -3.50 -13.08
conv4 250 15.78 20.69 -1.35 -2.46
conv4 251 -2.27 -2.64 8.11 19.53
conv4 252 5.53 -22.97 1.47 -1.47
conv4 253 -25.48 -20.51 -3.25 2.76
conv4 254 -4.18 2.89 -0.06 2.46
conv4 255 0.12 -1.97 -2.39 -3.56
conv5 0 0.23 8.25 0.92 1.99
conv5 1 -8.18 5.04 5.35 8.48
conv5 2 -7.33 15.13 -3.06 2.90
conv5 3 8.86 -0.69 2.83 8.10
conv5 4 0.46 4.20 -5.35 -0.61
conv5 5 11.92 16.81 -3.36 2.90
conv5 6 -19.10 14.14 -0.08 0.46
conv5 7 6.49 -16.73 -0.53 -2.44
conv5 8 -1.45 -1.99 5.20 -4.05
conv5 9 0.46 8.71 2.45 -5.81
conv5 10 9.09 -1.76 -1.60 6.04
conv5 11 11.61 -4.51 -2.83 -1.83
conv5 12 4.05 -8.94 -0.00 -4.13
conv5 13 -4.74 5.27 1.22 1.07
conv5 14 -3.44 20.63 -0.15 -3.44
conv5 15 -5.81 9.63 -0.38 0.08
conv5 16 4.97 20.17 -0.92 0.76
conv5 17 5.42 13.22 -0.61 4.13
conv5 18 1.22 3.06 -0.53 3.13
conv5 19 2.52 -6.49 -2.22 2.90
conv5 20 -18.26 28.42 1.60 2.06
conv5 21 17.42 2.29 -0.38 5.04
conv5 22 4.13 -2.22 2.22 7.64
conv5 23 -1.07 -3.90 -0.23 6.72
conv5 24 -3.51 3.21 -2.29 5.58
conv5 25 -12.91 -4.36 -3.51 5.58
conv5 26 3.29 0.08 0.31 -2.45
conv5 27 1.15 -1.45 3.44 -2.60
conv5 28 6.88 0.00 1.53 3.59
conv5 29 1.91 1.60 2.98 3.29
conv5 30 -3.90 -17.11 -0.61 -3.59
conv5 31 4.43 -3.97 1.83 6.49
conv5 32 -0.31 7.79 2.67 0.46
conv5 33 -1.15 2.22 1.30 6.11
conv5 34 13.37 8.48 -0.61 7.11
conv5 35 -6.49 -5.42 0.38 15.05
conv5 36 4.43 -20.94 3.59 -2.75
conv5 37 -6.80 1.38 2.90 5.50
conv5 38 14.75 2.90 0.53 4.66
conv5 39 1.38 4.89 3.51 -0.69
conv5 40 -2.60 26.74 5.12 22.62
conv5 41 18.95 -34.23 1.30 11.23
conv5 42 -8.86 -30.94 -0.92 2.75
conv5 43 -6.57 13.22 0.23 -1.22
conv5 44 4.05 24.91 5.58 6.88
conv5 45 10.09 26.89 -1.83 4.36
conv5 46 -1.53 -1.22 2.60 -0.46
conv5 47 4.51 3.13 -1.83 -0.00
conv5 48 -1.68 -27.96 1.15 -4.81
conv5 49 2.14 0.31 1.53 3.29
conv5 50 5.88 8.40 -1.53 -1.38
conv5 51 -7.03 22.00 -0.84 -1.38
conv5 52 4.36 36.83 4.20 3.29
conv5 53 7.03 -28.88 2.83 2.14
conv5 54 2.45 0.61 -0.38 -1.22
conv5 55 3.51 15.28 -3.21 7.18
conv5 56 -0.31 15.74 -6.19 6.49
conv5 57 -23.84 -54.63 -1.99 5.50
conv5 58 0.61 -8.25 2.44 3.97
conv5 59 4.13 -11.00 -0.84 1.76
conv5 60 -2.75 12.68 1.60 -3.36
conv5 61 7.95 -16.35 -1.91 -5.20
conv5 62 3.67 -9.93 -3.51 1.91
conv5 63 2.44 2.06 2.98 0.92
conv5 64 -2.22 -24.60 -2.06 8.10
conv5 65 -8.40 -17.27 -4.36 4.43
conv5 66 10.16 -16.35 -4.43 3.90
conv5 67 2.90 -0.61 0.46 5.65
conv5 68 3.90 19.87 4.43 -0.15
conv5 69 10.62 -8.63 -0.08 -3.29
conv5 70 -4.66 12.22 -2.44 -3.74
conv5 71 2.67 -0.46 3.51 6.57
conv5 72 -4.89 5.04 -3.36 -0.46
conv5 73 -3.51 5.58 -0.99 0.31
conv5 74 21.32 -5.58 3.44 11.69
conv5 75 0.53 1.38 0.92 2.98
conv5 76 -3.90 11.38 14.14 24.37
conv5 77 -0.31 -15.59 3.51 4.43
conv5 78 1.30 -19.56 -9.78 12.30
conv5 79 11.00 -7.49 0.92 7.72
conv5 80 -0.31 0.00 0.23 -6.95
conv5 81 -0.31 11.61 3.13 2.14
conv5 82 23.23 -4.74 -0.84 0.92
conv5 83 -7.18 -26.74 0.00 4.74
conv5 84 -0.84 -2.67 -0.31 2.06
conv5 85 4.58 14.14 -3.59 5.96
conv5 86 -2.29 15.74 -0.46 3.44
conv5 87 5.35 0.23 -0.00 2.14
conv5 88 -9.02 -12.91 4.66 3.67
conv5 89 5.50 -55.24 -3.59 1.83
conv5 90 12.07 -2.90 2.14 1.53
conv5 91 15.74 34.23 4.51 5.81
conv5 92 10.01 2.45 -1.38 8.10
conv5 93 10.24 13.52 -2.98 -2.52
conv5 94 -5.96 24.30 3.59 1.91
conv5 95 -7.03 -41.49 -0.15 0.69
conv5 96 -0.61 4.51 -0.92 4.20
conv5 97 -18.03 20.94 5.20 4.66
conv5 98 5.35 9.78 3.13 6.04
conv5 99 -3.13 -7.87 -0.92 3.90
conv5 100 15.28 25.67 1.15 -0.08
conv5 101 -5.04 -7.49 1.22 -0.31
conv5 102 -0.08 22.16 -0.46 2.98
conv5 103 8.86 -18.87 1.91 9.63
conv5 104 8.33 -18.26 1.30 3.44
conv5 105 6.88 2.90 4.36 7.03
conv5 106 -32.01 -33.24 6.19 5.12
conv5 107 -2.67 -12.99 -0.31 10.54
conv5 108 -0.31 -7.64 5.88 4.97
conv5 109 4.66 8.48 -0.92 -6.34
conv5 110 4.81 -46.00 2.44 1.91
conv5 111 -3.36 -0.61 0.08 7.79
conv5 112 2.60 11.61 -3.67 -3.82
conv5 113 -8.40 -10.01 2.60 2.22
conv5 114 1.83 -5.88 0.84 13.98
conv5 115 2.22 -5.65 5.58 0.08
conv5 116 6.72 21.70 3.90 0.99
conv5 117 6.34 -20.02 -2.67 -2.22
conv5 118 -6.42 -49.13 2.14 -0.76
conv5 119 -4.28 11.16 -0.76 3.29
conv5 120 0.84 5.04 -5.35 1.15
conv5 121 -3.13 6.11 -0.84 -0.15
conv5 122 7.11 -7.18 2.60 6.27
conv5 123 -15.36 5.65 -0.23 -0.53
conv5 124 -5.42 -59.75 0.76 6.88
conv5 125 2.14 -17.34 4.89 4.13
conv5 126 9.09 -14.44 -0.31 -4.20
conv5 127 17.42 9.25 -2.37 -2.44
conv5 128 17.88 4.66 5.12 6.04
conv5 129 -12.61 25.37 -6.27 -5.35
conv5 130 -3.29 12.84 0.15 -3.36
conv5 131 2.67 -0.84 1.53 7.49
conv5 132 -6.88 -9.55 -1.38 -10.39
conv5 133 -0.92 -0.46 -0.15 5.12
conv5 134 0.76 27.81 1.99 8.02
conv5 135 3.51 -1.45 -1.15 -2.22
conv5 136 7.95 -5.88 -1.38 5.65
conv5 137 12.22 0.84 -5.04 13.22
conv5 138 13.91 -6.11 0.46 -2.44
conv5 139 5.58 -7.26 -2.60 -2.37
conv5 140 -6.80 -4.28 -0.76 6.49
conv5 141 6.34 -8.10 4.43 7.11
conv5 142 7.33 6.88 1.76 0.76
conv5 143 8.33 22.54 -1.22 -6.49
conv5 144 5.73 6.19 -2.90 10.09
conv5 145 -2.22 4.81 5.81 0.92
conv5 146 -14.44 4.66 0.53 -3.59
conv5 147 5.27 10.39 -0.38 2.52
conv5 148 0.31 7.18 0.00 -5.65
conv5 149 -3.59 14.59 2.06 2.67
conv5 150 13.22 3.13 -0.61 4.05
conv5 151 10.47 2.83 4.51 -2.44
conv5 152 -5.88 2.98 2.75 1.76
conv5 153 3.21 16.96 -4.20 1.83
conv5 154 -17.34 -41.87 2.98 2.52
conv5 155 2.83 3.13 -0.15 1.68
conv5 156 -3.82 29.34 1.22 3.74
conv5 157 0.46 -0.15 -3.29 0.23
conv5 158 -1.68 36.29 3.82 0.08
conv5 159 -12.15 4.51 -0.08 7.26
conv5 160 -4.58 0.15 -4.43 1.91
conv5 161 5.04 0.46 -8.94 -3.90
conv5 162 -28.27 2.45 -3.82 2.52
conv5 163 14.67 -15.89 -2.37 -4.66
conv5 164 -21.24 11.46 4.13 -1.07
conv5 165 -5.04 22.92 0.61 4.28
conv5 166 6.49 -4.43 0.53 7.26
conv5 167 -5.73 8.48 2.60 6.11
conv5 168 1.22 -2.52 5.65 7.26
conv5 169 5.35 1.22 3.36 -1.60
conv5 170 3.29 2.22 -4.05 -11.92
conv5 171 1.07 13.75 1.45 4.05
conv5 172 9.93 -15.74 -0.23 20.25
conv5 173 3.74 15.13 -3.59 1.45
conv5 174 5.20 11.38 -0.23 -0.31
conv5 175 8.94 -5.20 12.76 4.81
conv5 176 -8.94 3.51 4.20 -2.22
conv5 177 -6.72 -6.80 -0.69 5.12
conv5 178 4.13 -2.44 0.53 0.99
conv5 179 -3.59 -2.06 2.83 4.97
conv5 180 5.65 17.65 1.68 -1.15
conv5 181 9.17 23.07 -1.45 10.16
conv5 182 -0.84 -2.67 1.53 -1.83
conv5 183 22.16 -6.80 3.06 -2.14
conv5 184 3.51 -0.69 4.13 1.76
conv5 185 13.83 -13.29 0.15 10.24
conv5 186 -11.31 -3.29 1.91 -3.13
conv5 187 24.22 -31.33 2.75 8.18
conv5 188 4.43 14.67 2.75 -8.48
conv5 189 3.97 10.24 2.37 2.75
conv5 190 0.38 -4.36 9.55 2.44
conv5 191 2.44 18.49 -1.91 -3.97
conv5 192 -3.51 -16.66 -2.60 0.15
conv5 193 2.52 9.63 4.28 -1.07
conv5 194 -1.91 4.13 0.08 3.44
conv5 195 0.92 6.42 -3.21 -2.98
conv5 196 1.53 -2.52 2.67 0.69
conv5 197 4.58 -10.16 1.60 2.14
conv5 198 15.74 6.49 -3.13 14.59
conv5 199 -7.26 -6.27 5.88 -0.61
conv5 200 1.83 -3.29 2.44 13.83
conv5 201 -1.99 23.84 0.92 0.23
conv5 202 -5.73 15.74 -3.36 0.38
conv5 203 1.99 -18.34 1.45 3.13
conv5 204 1.15 -10.62 0.46 0.08
conv5 205 0.84 -0.92 5.73 14.36
conv5 206 0.31 -0.15 -3.74 -8.33
conv5 207 23.00 13.75 0.53 0.31
conv5 208 6.42 11.31 0.61 6.49
conv5 209 -19.25 2.29 -4.20 -6.04
conv5 210 -1.99 -37.97 1.07 1.91
conv5 211 1.83 8.40 -0.76 -1.99
conv5 212 -10.16 -19.64 1.83 7.11
conv5 213 8.25 9.09 -2.75 -2.06
conv5 214 -0.53 -14.52 -3.29 4.36
conv5 215 0.84 -8.25 1.07 15.20
conv5 216 9.55 -2.98 -0.31 1.99
conv5 217 -2.67 8.56 5.96 -1.68
conv5 218 3.06 -32.85 3.82 -1.15
conv5 219 24.30 -0.61 0.99 3.36
conv5 220 3.90 -2.90 2.98 5.96
conv5 221 25.83 11.00 2.37 0.23
conv5 222 4.05 21.93 -0.00 3.13
conv5 223 11.77 6.49 -0.84 2.98
conv5 224 0.08 18.80 -2.37 1.99
conv5 225 8.10 6.57 -1.68 3.44
conv5 226 -5.65 -6.65 7.18 7.18
conv5 227 6.34 -9.17 -0.23 20.02
conv5 228 9.78 -6.34 -4.36 4.05
conv5 229 -0.46 -0.76 1.99 3.36
conv5 230 -18.87 23.15 3.67 6.04
conv5 231 14.06 7.33 -0.31 -0.76
conv5 232 -1.07 13.07 0.00 0.00
conv5 233 3.51 5.96 -1.22 6.27
conv5 234 0.46 18.34 3.21 0.69
conv5 235 -0.08 3.51 -1.15 -2.44
conv5 236 5.20 6.80 8.63 -1.15
conv5 237 4.43 7.03 -3.13 3.13
conv5 238 -1.15 -2.37 2.98 5.96
conv5 239 5.81 7.56 2.52 0.53
conv5 240 18.03 -23.61 1.07 -0.92
conv5 241 5.50 -30.72 -1.45 5.73
conv5 242 4.66 3.13 2.44 2.60
conv5 243 5.04 7.64 -2.75 -4.36
conv5 244 3.36 21.70 1.53 5.20
conv5 245 -1.15 -7.03 4.66 10.09
conv5 246 0.69 2.60 0.61 -1.30
conv5 247 14.14 6.72 -5.27 -2.67
conv5 248 7.49 -14.59 1.45 -0.69
conv5 249 4.43 2.67 -0.15 -3.21
conv5 250 -16.58 12.53 0.53 0.23
conv5 251 -5.65 14.98 -1.60 2.60
conv5 252 8.56 -2.14 -1.15 2.52
conv5 253 -2.14 -7.95 -2.52 10.31
conv5 254 -0.15 9.78 3.36 -3.29
conv5 255 -4.74 0.69 -0.53 -10.24
