conv1 0 9 517
conv1 1 459 19215
conv1 2 5 6
conv1 3 1108 1429
conv1 4 4 4
conv1 5 286 311
conv1 6 267 219
conv1 7 586 18405
conv1 8 19570 2
conv1 9 1308 1952
conv1 10 722 359
conv1 11 182 448
conv1 12 420 859
conv1 13 368 571
conv1 14 349 199
conv1 15 570 18750
conv1 16 1508 1609
conv1 17 205 153
conv1 18 595 761
conv1 19 609 16440
conv1 20 5 5
conv1 21 885 603
conv1 22 1096 1768
conv1 23 211 317
conv1 24 375 339
conv1 25 676 811
conv1 26 56 19194
conv1 27 1490 2243
conv1 28 885 1339
conv1 29 191 780
conv1 30 439 690
conv1 31 13 18484
conv1 32 628 358
conv1 33 1067 1235
conv1 34 1108 886
conv1 35 991 750
conv1 36 551 19233
conv1 37 597 866
conv1 38 30 50
conv1 39 146 18822
conv1 40 1102 628
conv1 41 516 609
conv1 42 8 10
conv1 43 240 324
conv1 44 10 37
conv1 45 31 19254
conv1 46 177 1482
conv1 47 329 297
conv1 48 651 864
conv1 49 7 7
conv1 50 264 227
conv1 51 3878 1050
conv1 52 535 554
conv1 53 18692 958
conv1 54 478 648
conv1 55 876 663
conv1 56 69 73
conv1 57 207 460
conv1 58 521 1034
conv1 59 30 28
conv1 60 1772 2500
conv1 61 270 3278
conv1 62 188 138
conv1 63 1857 1796
conv2 0 1073 3911
conv2 1 72 596
conv2 2 731 641
conv2 3 115 296
conv2 4 840 4290
conv2 5 458 193
conv2 6 79 168
conv2 7 301 2369
conv2 8 95 631
conv2 9 3 314
conv2 10 626 2314
conv2 11 7 32
conv2 12 84 993
conv2 13 666 18
conv2 14 306 323
conv2 15 1292 877
conv2 16 111 164
conv2 17 1596 1092
conv2 18 4550 3019
conv2 19 3473 1343
conv2 20 705 897
conv2 21 2417 3821
conv2 22 12 186
conv2 23 20 140
conv2 24 1574 1507
conv2 25 2494 1042
conv2 26 15 1546
conv2 27 1075 1480
conv2 28 50 2246
conv2 29 631 291
conv2 30 6 34
conv2 31 692 1430
conv2 32 85 307
conv2 33 21 15520
conv2 34 454 326
conv2 35 120 445
conv2 36 10 2691
conv2 37 270 2826
conv2 38 3758 652
conv2 39 1197 779
conv2 40 943 1198
conv2 41 723 1886
conv2 42 60 30
conv2 43 41 500
conv2 44 636 2003
conv2 45 8271 1710
conv2 46 732 870
conv2 47 1399 1712
conv2 48 398 621
conv2 49 348 571
conv2 50 514 4385
conv2 51 143 2077
conv2 52 809 1669
conv2 53 1969 724
conv2 54 6 275
conv2 55 8509 114
conv2 56 190 5283
conv2 57 881 3470
conv2 58 326 1173
conv2 59 3707 2252
conv2 60 727 1294
conv2 61 60 3311
conv2 62 4044 174
conv2 63 3091 2530
conv2 64 4855 1966
conv2 65 101 1887
conv2 66 374 1463
conv2 67 1228 1365
conv2 68 919 1511
conv2 69 1121 2467
conv2 70 1525 1033
conv2 71 1193 2489
conv2 72 720 1510
conv2 73 2791 2093
conv2 74 56 17005
conv2 75 2087 2057
conv2 76 1988 1254
conv2 77 652 2215
conv2 78 1128 1960
conv2 79 1412 1017
conv2 80 2034 2292
conv2 81 24 95
conv2 82 1955 1804
conv2 83 885 1290
conv2 84 92 1638
conv2 85 50 666
conv2 86 1679 1667
conv2 87 2901 3791
conv2 88 984 1803
conv2 89 329 3264
conv2 90 55 898
conv2 91 163 313
conv2 92 1651 1695
conv2 93 16 226
conv2 94 876 3068
conv2 95 875 1733
conv2 96 857 777
conv2 97 120 1342
conv2 98 506 1390
conv2 99 473 1962
conv2 100 209 485
conv2 101 129 440
conv2 102 622 1286
conv2 103 1134 2205
conv2 104 290 1088
conv2 105 3502 4230
conv2 106 73 498
conv2 107 1031 1622
conv2 108 269 358
conv2 109 593 201
conv2 110 10 17092
conv2 111 99 726
conv2 112 16 3688
conv2 113 443 1353
conv2 114 4 21
conv2 115 386 1547
conv2 116 61 333
conv2 117 504 513
conv2 118 324 939
conv2 119 434 838
conv2 120 53 266
conv2 121 144 1330
conv2 122 538 111
conv2 123 3188 1007
conv2 124 723 1481
conv2 125 2313 272
conv2 126 98 1134
conv2 127 347 647
conv2 128 1153 23
conv2 129 2997 1825
conv2 130 2073 32
conv2 131 1074 1394
conv2 132 1419 2340
conv2 133 657 2612
conv2 134 2314 345
conv2 135 634 1366
conv2 136 8 15
conv2 137 382 806
conv2 138 774 587
conv2 139 1939 1377
conv2 140 65 398
conv2 141 781 2113
conv2 142 1940 1699
conv2 143 185 764
conv2 144 1547 1726
conv2 145 3116 416
conv2 146 7 468
conv2 147 719 801
conv2 148 272 1816
conv2 149 14 16672
conv2 150 66 31
conv2 151 941 1423
conv2 152 619 1524
conv2 153 365 1337
conv2 154 2157 346
conv2 155 961 1726
conv2 156 6236 19
conv2 157 13 17
conv2 158 9 55
conv2 159 129 573
conv2 160 8733 2359
conv2 161 476 314
conv2 162 193 597
conv2 163 1013 1247
conv2 164 574 1783
conv2 165 8311 840
conv2 166 1821 1995
conv2 167 541 1573
conv2 168 583 2415
conv2 169 417 754
conv2 170 1273 1706
conv2 171 9317 1506
conv2 172 37 292
conv2 173 308 2230
conv2 174 102 5167
conv2 175 1514 1380
conv2 176 8 144
conv2 177 420 971
conv2 178 592 250
conv2 179 1969 2503
conv2 180 5 80
conv2 181 310 3765
conv2 182 1406 1700
conv2 183 2600 500
conv2 184 6 11
conv2 185 2386 2397
conv2 186 439 897
conv2 187 438 2822
conv2 188 1703 1856
conv2 189 871 1356
conv2 190 50 698
conv2 191 87 6059
conv3 0 401 2676
conv3 1 537 4211
conv3 2 9 3423
conv3 3 4910 38
conv3 4 14 3563
conv3 5 183 1509
conv3 6 57 588
conv3 7 300 2826
conv3 8 129 3080
conv3 9 11 39
conv3 10 5 2815
conv3 11 383 2008
conv3 12 10 5069
conv3 13 82 754
conv3 14 165 3268
conv3 15 600 787
conv3 16 828 3060
conv3 17 24 2140
conv3 18 95 3214
conv3 19 836 379
conv3 20 2674 1113
conv3 21 1824 2860
conv3 22 220 1964
conv3 23 69 3231
conv3 24 1001 100
conv3 25 1017 659
conv3 26 6684 29
conv3 27 114 1999
conv3 28 1925 4457
conv3 29 654 2998
conv3 30 199 4975
conv3 31 2967 3170
conv3 32 23 6338
conv3 33 9 740
conv3 34 175 2894
conv3 35 2791 2427
conv3 36 314 535
conv3 37 434 39
conv3 38 13 138
conv3 39 365 2160
conv3 40 2 8999
conv3 41 18 2098
conv3 42 66 879
conv3 43 167 2425
conv3 44 147 777
conv3 45 315 2748
conv3 46 376 2439
conv3 47 54 961
conv3 48 304 967
conv3 49 2834 34
conv3 50 9 26
conv3 51 10 48
conv3 52 356 3329
conv3 53 1663 100
conv3 54 393 3200
conv3 55 17 3602
conv3 56 13 32
conv3 57 67 2158
conv3 58 44 1642
conv3 59 475 36
conv3 60 785 2544
conv3 61 1238 2273
conv3 62 6 7254
conv3 63 5 7005
conv3 64 2527 850
conv3 65 10 14008
conv3 66 631 518
conv3 67 15 4454
conv3 68 16 38
conv3 69 4 1069
conv3 70 44 1156
conv3 71 2723 3565
conv3 72 584 3230
conv3 73 17 308
conv3 74 137 2516
conv3 75 524 207
conv3 76 1032 3304
conv3 77 74 2247
conv3 78 3848 545
conv3 79 909 1983
conv3 80 47 66
conv3 81 23 1695
conv3 82 464 732
conv3 83 325 3459
conv3 84 458 3845
conv3 85 3 3759
conv3 86 113 6059
conv3 87 4857 3478
conv3 88 151 5436
conv3 89 2862 346
conv3 90 260 80
conv3 91 242 1922
conv3 92 1077 1924
conv3 93 23 4705
conv3 94 1341 2464
conv3 95 1176 312
conv3 96 2825 2258
conv3 97 19 457
conv3 98 0 6483
conv3 99 74 1075
conv3 100 763 1257
conv3 101 150 3744
conv3 102 395 829
conv3 103 2134 476
conv3 104 50 6263
conv3 105 1033 2885
conv3 106 806 2551
conv3 107 1663 2997
conv3 108 75 5634
conv3 109 1067 2468
conv3 110 127 3097
conv3 111 52 5652
conv3 112 206 2580
conv3 113 273 3959
conv3 114 75 4139
conv3 115 126 3897
conv3 116 719 2233
conv3 117 627 2993
conv3 118 3963 378
conv3 119 160 1197
conv3 120 532 1190
conv3 121 3 4968
conv3 122 11246 1430
conv3 123 1752 434
conv3 124 34 656
conv3 125 94 1628
conv3 126 170 2017
conv3 127 23 3408
conv3 128 190 4575
conv3 129 29 2783
conv3 130 4199 2801
conv3 131 105 2690
conv3 132 252 3966
conv3 133 12 3037
conv3 134 1041 35
conv3 135 100 1925
conv3 136 14 135
conv3 137 10 1285
conv3 138 332 581
conv3 139 381 2251
conv3 140 437 1296
conv3 141 451 2797
conv3 142 18 59
conv3 143 538 3966
conv3 144 9 44
conv3 145 115 2538
conv3 146 206 4796
conv3 147 4082 3696
conv3 148 289 3689
conv3 149 537 44
conv3 150 459 1389
conv3 151 227 1175
conv3 152 180 190
conv3 153 222 769
conv3 154 3 895
conv3 155 86 3059
conv3 156 93 3202
conv3 157 94 2072
conv3 158 71 2824
conv3 159 82 1717
conv3 160 44 3591
conv3 161 967 545
conv3 162 155 633
conv3 163 1068 2963
conv3 164 21 5058
conv3 165 9 2851
conv3 166 1813 473
conv3 167 1207 549
conv3 168 6 5231
conv3 169 3823 1963
conv3 170 5175 4397
conv3 171 2854 3612
conv3 172 407 346
conv3 173 280 1506
conv3 174 3658 33
conv3 175 91 3941
conv3 176 1 3207
conv3 177 296 1748
conv3 178 1829 3348
conv3 179 2107 160
conv3 180 86 8670
conv3 181 362 32
conv3 182 18 4681
conv3 183 75 453
conv3 184 7 3077
conv3 185 16 4930
conv3 186 264 2274
conv3 187 485 1604
conv3 188 2047 497
conv3 189 149 6651
conv3 190 197 1553
conv3 191 1048 5128
conv3 192 3615 3003
conv3 193 25 5444
conv3 194 200 1346
conv3 195 194 1145
conv3 196 704 1895
conv3 197 68 2604
conv3 198 812 2480
conv3 199 731 1444
conv3 200 30 5208
conv3 201 4 4909
conv3 202 8 3684
conv3 203 1096 767
conv3 204 8869 585
conv3 205 790 2016
conv3 206 12443 539
conv3 207 373 2870
conv3 208 386 3002
conv3 209 2026 647
conv3 210 383 2573
conv3 211 619 1830
conv3 212 513 1117
conv3 213 576 4880
conv3 214 178 2157
conv3 215 35 1952
conv3 216 58 3226
conv3 217 39 1953
conv3 218 223 1973
conv3 219 3 6574
conv3 220 87 3433
conv3 221 1007 1848
conv3 222 737 2496
conv3 223 1018 3200
conv3 224 4 8643
conv3 225 58 2757
conv3 226 297 6452
conv3 227 605 1919
conv3 228 506 1516
conv3 229 186 1713
conv3 230 10 6077
conv3 231 172 1988
conv3 232 9363 1565
conv3 233 273 2521
conv3 234 461 1857
conv3 235 117 3309
conv3 236 252 3690
conv3 237 1051 423
conv3 238 1959 2243
conv3 239 249 3119
conv3 240 915 2473
conv3 241 15 3108
conv3 242 172 2050
conv3 243 539 2466
conv3 244 63 1912
conv3 245 3228 3363
conv3 246 901 290
conv3 247 715 2986
conv3 248 2641 1559
conv3 249 2948 1913
conv3 250 729 2279
conv3 251 1063 3026
conv3 252 632 1702
conv3 253 40 3350
conv3 254 5072 3244
conv3 255 68 905
conv3 256 489 2165
conv3 257 80 145
conv3 258 23 2836
conv3 259 145 4062
conv3 260 468 2404
conv3 261 322 1938
conv3 262 189 1322
conv3 263 55 3014
conv3 264 1247 543
conv3 265 120 4650
conv3 266 34 5588
conv3 267 540 1561
conv3 268 465 1542
conv3 269 484 263
conv3 270 113 2467
conv3 271 99 1116
conv3 272 1051 2099
conv3 273 371 1292
conv3 274 4 5474
conv3 275 9 4254
conv3 276 1622 4003
conv3 277 2342 1864
conv3 278 1394 2158
conv3 279 60 1369
conv3 280 1119 373
conv3 281 271 2997
conv3 282 3853 2389
conv3 283 610 2314
conv3 284 427 2932
conv3 285 77 1952
conv3 286 870 2081
conv3 287 2282 844
conv3 288 2 5149
conv3 289 174 3289
conv3 290 151 2909
conv3 291 120 1964
conv3 292 1845 3096
conv3 293 26 5829
conv3 294 394 3044
conv3 295 7712 1914
conv3 296 12 107
conv3 297 120 2046
conv3 298 575 2798
conv3 299 268 2702
conv3 300 391 1979
conv3 301 2080 38
conv3 302 667 1781
conv3 303 142 2478
conv3 304 1323 1925
conv3 305 72 1032
conv3 306 2822 1054
conv3 307 1192 1441
conv3 308 1996 2973
conv3 309 1938 4960
conv3 310 581 2515
conv3 311 155 1302
conv3 312 1029 2678
conv3 313 30 42
conv3 314 6 2574
conv3 315 72 2504
conv3 316 387 5134
conv3 317 493 2968
conv3 318 25 3036
conv3 319 260 3776
conv3 320 117 2801
conv3 321 44 2853
conv3 322 2108 789
conv3 323 34 2892
conv3 324 61 1874
conv3 325 1194 1483
conv3 326 439 3250
conv3 327 824 2510
conv3 328 216 2628
conv3 329 1 8916
conv3 330 945 4279
conv3 331 198 4290
conv3 332 3368 974
conv3 333 1800 2578
conv3 334 301 950
conv3 335 38 1615
conv3 336 651 33
conv3 337 2431 3134
conv3 338 6353 2084
conv3 339 1366 3421
conv3 340 3 815
conv3 341 5 5450
conv3 342 16 2687
conv3 343 214 3001
conv3 344 2965 71
conv3 345 321 198
conv3 346 24 3172
conv3 347 19 2487
conv3 348 3455 937
conv3 349 2342 5400
conv3 350 94 1574
conv3 351 292 679
conv3 352 1058 162
conv3 353 21 69
conv3 354 5582 2584
conv3 355 17 3558
conv3 356 1747 2089
conv3 357 53 1575
conv3 358 8 3598
conv3 359 27 3389
conv3 360 1527 32
conv3 361 787 1199
conv3 362 433 2841
conv3 363 817 1689
conv3 364 4317 1557
conv3 365 7 3162
conv3 366 293 2502
conv3 367 2895 2938
conv3 368 49 2256
conv3 369 55 101
conv3 370 72 4586
conv3 371 141 4281
conv3 372 1813 2601
conv3 373 4 3509
conv3 374 426 1560
conv3 375 2262 3829
conv3 376 2 371
conv3 377 18 5098
conv3 378 50 3719
conv3 379 23 3564
conv3 380 609 4956
conv3 381 733 449
conv3 382 1939 1144
conv3 383 402 1363
conv4 0 1386 1976
conv4 1 87 11520
conv4 2 29 4341
conv4 3 318 1378
conv4 4 55 5493
conv4 5 152 434
conv4 6 632 48
conv4 7 67 4726
conv4 8 1164 2364
conv4 9 3553 270
conv4 10 145 16037
conv4 11 52 2891
conv4 12 621 2420
conv4 13 60 4328
conv4 14 705 7864
conv4 15 199 16022
conv4 16 527 2855
conv4 17 36 16867
conv4 18 583 1007
conv4 19 360 3327
conv4 20 1165 4930
conv4 21 58 6837
conv4 22 17 6602
conv4 23 6 6373
conv4 24 418 2998
conv4 25 33 13817
conv4 26 4 7519
conv4 27 102 2915
conv4 28 131 1610
conv4 29 308 2641
conv4 30 151 2513
conv4 31 8 17300
conv4 32 54 3813
conv4 33 150 888
conv4 34 24 802
conv4 35 76 5132
conv4 36 20 6560
conv4 37 556 1371
conv4 38 32 3946
conv4 39 151 15466
conv4 40 880 920
conv4 41 910 5793
conv4 42 107 8845
conv4 43 292 11511
conv4 44 41 3716
conv4 45 25 3676
conv4 46 133 2522
conv4 47 554 1324
conv4 48 669 1843
conv4 49 96 5374
conv4 50 2708 1375
conv4 51 5 4000
conv4 52 5665 1599
conv4 53 78 2138
conv4 54 69 436
conv4 55 346 3066
conv4 56 12 7199
conv4 57 107 3560
conv4 58 550 3777
conv4 59 336 1622
conv4 60 30 4302
conv4 61 753 2094
conv4 62 54 3482
conv4 63 27 4560
conv4 64 232 1689
conv4 65 180 2600
conv4 66 1373 800
conv4 67 468 2431
conv4 68 13 8617
conv4 69 405 1712
conv4 70 296 2499
conv4 71 3720 2008
conv4 72 26 6449
conv4 73 65 5254
conv4 74 13 15893
conv4 75 21 3884
conv4 76 150 98
conv4 77 301 2426
conv4 78 42 5588
conv4 79 1082 3035
conv4 80 32 3963
conv4 81 3003 1234
conv4 82 35 17136
conv4 83 44 4584
conv4 84 729 2352
conv4 85 99 2238
conv4 86 12 5687
conv4 87 19 4220
conv4 88 43 1275
conv4 89 87 717
conv4 90 139 5122
conv4 91 1658 682
conv4 92 133 3296
conv4 93 21 7445
conv4 94 537 3614
conv4 95 3 17295
conv4 96 3253 2336
conv4 97 623 1836
conv4 98 1886 50
conv4 99 50 5676
conv4 100 35 4034
conv4 101 61 16571
conv4 102 2925 783
conv4 103 2484 1058
conv4 104 2035 1016
conv4 105 76 13324
conv4 106 816 632
conv4 107 71 16540
conv4 108 808 1833
conv4 109 681 987
conv4 110 118 5629
conv4 111 9 1148
conv4 112 12 3521
conv4 113 2708 1425
conv4 114 62 4873
conv4 115 21 7098
conv4 116 149 5360
conv4 117 426 1811
conv4 118 40 3143
conv4 119 3615 2033
conv4 120 26 3876
conv4 121 13 3647
conv4 122 854 1264
conv4 123 1199 617
conv4 124 243 3380
conv4 125 10683 582
conv4 126 14 1307
conv4 127 76 5748
conv4 128 43 12252
conv4 129 1525 1577
conv4 130 37 4715
conv4 131 1972 894
conv4 132 465 3466
conv4 133 18 14975
conv4 134 332 281
conv4 135 39 11647
conv4 136 846 644
conv4 137 750 3446
conv4 138 201 3105
conv4 139 2752 1126
conv4 140 723 5289
conv4 141 23 3095
conv4 142 111 6658
conv4 143 222 5309
conv4 144 50 2569
conv4 145 86 4152
conv4 146 270 3290
conv4 147 318 2477
conv4 148 16 7906
conv4 149 279 3439
conv4 150 49 3303
conv4 151 324 3093
conv4 152 13 15784
conv4 153 44 5874
conv4 154 395 3524
conv4 155 1537 812
conv4 156 277 2713
conv4 157 62 165
conv4 158 123 1478
conv4 159 145 2413
conv4 160 1282 2688
conv4 161 772 1987
conv4 162 367 1338
conv4 163 1290 870
conv4 164 55 4912
conv4 165 11 5662
conv4 166 105 3039
conv4 167 101 2059
conv4 168 54 1575
conv4 169 27 7179
conv4 170 10607 1311
conv4 171 30 4199
conv4 172 692 1453
conv4 173 128 4104
conv4 174 30 15631
conv4 175 382 741
conv4 176 27 4938
conv4 177 2381 1111
conv4 178 22 3143
conv4 179 20 7304
conv4 180 146 1910
conv4 181 288 4101
conv4 182 259 13527
conv4 183 879 4790
conv4 184 31 6692
conv4 185 30 4056
conv4 186 73 5385
conv4 187 72 3104
conv4 188 580 13965
conv4 189 161 2432
conv4 190 99 5833
conv4 191 959 1492
conv4 192 63 2207
conv4 193 88 16892
conv4 194 41 3945
conv4 195 42 4929
conv4 196 4 3194
conv4 197 410 2837
conv4 198 6 13672
conv4 199 12 6774
conv4 200 26 4739
conv4 201 727 4244
conv4 202 154 3146
conv4 203 3 12191
conv4 204 11142 2222
conv4 205 32 14035
conv4 206 23 4125
conv4 207 283 2303
conv4 208 3 12633
conv4 209 87 6012
conv4 210 941 1971
conv4 211 732 2311
conv4 212 25 3248
conv4 213 633 1827
conv4 214 20 6201
conv4 215 1306 1784
conv4 216 966 193
conv4 217 38 4864
conv4 218 35 1237
conv4 219 41 2075
conv4 220 100 1153
conv4 221 337 16509
conv4 222 8820 2439
conv4 223 38 5494
conv4 224 317 1924
conv4 225 142 2179
conv4 226 408 1357
conv4 227 2612 1456
conv4 228 12462 957
conv4 229 20 8527
conv4 230 2175 1497
conv4 231 998 2926
conv4 232 1540 1923
conv4 233 294 12186
conv4 234 23 45
conv4 235 95 16344
conv4 236 769 3508
conv4 237 129 3061
conv4 238 20 2539
conv4 239 11 12753
conv4 240 344 2518
conv4 241 333 2088
conv4 242 680 1849
conv4 243 2040 60
conv4 244 11973 116
conv4 245 472 2167
conv4 246 189 3015
conv4 247 29 15121
conv4 248 2020 231
conv4 249 155 4016
conv4 250 1517 2179
conv4 251 391 16326
conv4 252 48 5597
conv4 253 14106 1011
conv4 254 461 2558
conv4 255 14 5975
conv5 0 90 16373
conv5 1 6 17238
conv5 2 73 16302
conv5 3 42 10414
conv5 4 8 6007
conv5 5 99 4751
conv5 6 22 1919
conv5 7 16 15797
conv5 8 35 16733
conv5 9 669 9966
conv5 10 18 16778
conv5 11 277 14626
conv5 12 768 14200
conv5 13 36 7253
conv5 14 12 7147
conv5 15 44 9891
conv5 16 3 12231
conv5 17 2 4428
conv5 18 14 4382
conv5 19 67 16135
conv5 20 36 3162
conv5 21 3 3608
conv5 22 3538 274
conv5 23 449 15124
conv5 24 324 5884
conv5 25 70 2608
conv5 26 79 16748
conv5 27 14 5664
conv5 28 432 1660
conv5 29 3 17312
conv5 30 118 2250
conv5 31 11 5324
conv5 32 12 17338
conv5 33 421 1635
conv5 34 8 17288
conv5 35 230 1937
conv5 36 861 13389
conv5 37 24 16963
conv5 38 20 11182
conv5 39 408 956
conv5 40 204 14755
conv5 41 217 2100
conv5 42 3005 266
conv5 43 20 2846
conv5 44 37 5423
conv5 45 88 1507
conv5 46 106 396
conv5 47 23 16789
conv5 48 69 5404
conv5 49 51 5641
conv5 50 41 9382
conv5 51 20 16609
conv5 52 60 4222
conv5 53 328 1949
conv5 54 408 1539
conv5 55 529 13454
conv5 56 100 16553
conv5 57 146 5491
conv5 58 19 14896
conv5 59 38 7038
conv5 60 2448 176
conv5 61 555 10332
conv5 62 811 12253
conv5 63 1 17283
conv5 64 7 17249
conv5 65 675 2384
conv5 66 6 10613
conv5 67 424 1830
conv5 68 1034 3197
conv5 69 970 7047
conv5 70 33 17016
conv5 71 1118 14141
conv5 72 66 16846
conv5 73 491 5128
conv5 74 251 2631
conv5 75 21 8864
conv5 76 61 16036
conv5 77 66 14118
conv5 78 30 16655
conv5 79 281 1120
conv5 80 47 8835
conv5 81 179 13391
conv5 82 438 13096
conv5 83 10394 900
conv5 84 49 1388
conv5 85 8 8154
conv5 86 30 11783
conv5 87 81 5237
conv5 88 19 14568
conv5 89 188 6939
conv5 90 3 5010
conv5 91 1262 1220
conv5 92 24 16940
conv5 93 4 17192
conv5 94 85 9842
conv5 95 49 6732
conv5 96 53 11382
conv5 97 11 12424
conv5 98 153 15986
conv5 99 14 7525
conv5 100 452 2802
conv5 101 37 14963
conv5 102 448 1462
conv5 103 290 1353
conv5 104 55 15586
conv5 105 446 2080
conv5 106 14664 890
conv5 107 38 3320
conv5 108 17 9218
conv5 109 4 7933
conv5 110 1608 349
conv5 111 449 2202
conv5 112 552 11608
conv5 113 70 3235
conv5 114 33 15469
conv5 115 43 15763
conv5 116 36 11352
conv5 117 41 14925
conv5 118 10 5513
conv5 119 0 14434
conv5 120 43 2727
conv5 121 30 16798
conv5 122 1545 458
conv5 123 111 13281
conv5 124 13 16125
conv5 125 3361 779
conv5 126 3227 226
conv5 127 18 11255
conv5 128 6 7639
conv5 129 7 17206
conv5 130 22 12674
conv5 131 6 17108
conv5 132 473 5179
conv5 133 534 15101
conv5 134 72 7059
conv5 135 1 11058
conv5 136 1924 651
conv5 137 837 14901
conv5 138 211 1327
conv5 139 38 9105
conv5 140 1 17290
conv5 141 300 1409
conv5 142 39 16667
conv5 143 4066 1033
conv5 144 117 14460
conv5 145 674 2271
conv5 146 114 5257
conv5 147 5 10818
conv5 148 57 10194
conv5 149 2046 368
conv5 150 66 15779
conv5 151 53 4778
conv5 152 73 2499
conv5 153 24 3521
conv5 154 17 4050
conv5 155 401 14901
conv5 156 62 4471
conv5 157 392 14590
conv5 158 13768 1057
conv5 159 38 16231
conv5 160 15 17120
conv5 161 391 1817
conv5 162 4204 279
conv5 163 2 13774
conv5 164 433 1322
conv5 165 391 2205
conv5 166 220 10203
conv5 167 368 1541
conv5 168 1708 2115
conv5 169 8 10103
conv5 170 35 16816
conv5 171 1 6274
conv5 172 63 16913
conv5 173 8 16578
conv5 174 46 4506
conv5 175 20 17165
conv5 176 7 10151
conv5 177 97 11263
conv5 178 10 10847
conv5 179 80 3407
conv5 180 67 12973
conv5 181 10 17211
conv5 182 1562 13576
conv5 183 98 7372
conv5 184 1 7307
conv5 185 86 1889
conv5 186 13 12710
conv5 187 178 3392
conv5 188 119 16461
conv5 189 162 14960
conv5 190 47 17046
conv5 191 59 5063
conv5 192 69 7030
conv5 193 9 13200
conv5 194 3254 395
conv5 195 8 1442
conv5 196 4 17290
conv5 197 27 14709
conv5 198 18 8691
conv5 199 7 6306
conv5 200 43 16042
conv5 201 188 936
conv5 202 15 4906
conv5 203 57 3029
conv5 204 2019 13104
conv5 205 118 16326
conv5 206 848 14384
conv5 207 32 4526
conv5 208 45 16292
conv5 209 14 15185
conv5 210 2720 1852
conv5 211 36 16114
conv5 212 114 1218
conv5 213 108 4053
conv5 214 612 3029
conv5 215 45 7843
conv5 216 87 4226
conv5 217 1 6601
conv5 218 994 757
conv5 219 34 16486
conv5 220 36 16670
conv5 221 9 6804
conv5 222 69 11133
conv5 223 68 6513
conv5 224 10 14993
conv5 225 12 6549
conv5 226 479 7789
conv5 227 1346 14078
conv5 228 24 3859
conv5 229 59 6175
conv5 230 270 2065
conv5 231 27 2224
conv5 232 448 1064
conv5 233 32 8587
conv5 234 49 1958
conv5 235 4 12633
conv5 236 240 6121
conv5 237 859 2958
conv5 238 15 14762
conv5 239 83 7505
conv5 240 13 4797
conv5 241 9 7766
conv5 242 13 17212
conv5 243 53 17026
conv5 244 233 2384
conv5 245 85 16294
conv5 246 9 17293
conv5 247 33 3477
conv5 248 93 4438
conv5 249 170 16084
conv5 250 177 7680
conv5 251 39 3574
conv5 252 31 2420
conv5 253 75 2964
conv5 254 1325 721
conv5 255 20 10395
conv5 38 0 17451
conv5 39 17506 0
conv5 40 0 17451
conv5 41 0 17451
conv5 42 0 17451
conv5 43 0 17451
conv5 44 0 17451
conv5 45 0 17451
conv5 46 0 17451
conv5 47 0 17451
conv5 48 0 17451
conv5 49 0 17451
conv5 50 0 17451
conv5 51 0 17451
