conv1 0 0.85 2.03 0.39 0.60 5.67 3.500 0.014 0.9883
conv1 1 3.19 -1.78 1.55 1.06 111.75 1.329 0.033 0.7999
conv1 2 -6.50 -6.50 1.00 1.00 89.00 -1.000 -1.000 0.0052
conv1 3 0.11 -0.87 1.72 2.30 167.77 1.014 -0.014 0.5824
conv1 4 -9.69 -15.23 0.26 2.55 24.89 0.804 0.178 0.0000
conv1 5 -5.79 -1.99 3.62 0.19 90.17 2.671 0.185 0.2486
conv1 6 0.29 -0.23 0.54 2.04 44.54 1.487 0.147 0.7087
conv1 7 0.48 -1.26 0.75 2.62 12.93 0.962 0.107 0.3986
conv1 8 -3.09 -3.24 0.99 0.50 24.30 1.770 0.167 0.4991
conv1 9 0.77 0.20 2.14 0.57 82.74 1.670 0.114 0.7886
conv1 10 -0.70 -2.48 0.42 1.92 162.46 1.633 0.040 0.9098
conv1 11 0.06 -0.12 1.95 0.47 56.75 1.572 0.083 0.8589
conv1 12 -2.46 -0.10 1.74 0.36 113.88 1.580 0.062 0.7935
conv1 13 0.08 0.27 1.59 2.81 14.71 0.837 0.000 0.4994
conv1 14 -1.23 0.20 0.45 2.14 11.72 1.809 0.056 0.9240
conv1 15 -6.50 -6.50 1.00 1.00 89.00 -1.000 -1.000 -0.0102
conv1 16 0.74 -1.48 5.17 2.00 61.72 0.585 0.004 0.3213
conv1 17 -1.88 -6.60 4.50 2.12 1.07 0.765 0.211 0.1753
conv1 18 0.22 -0.27 1.95 1.59 99.95 0.855 0.009 0.5573
conv1 19 3.36 -2.74 1.20 2.80 169.70 1.008 0.101 0.5476
conv1 20 1.95 2.34 0.27 0.66 93.44 5.964 0.169 0.3498
conv1 21 -6.50 -6.50 1.00 1.00 89.00 -1.000 -1.000 0.0040
conv1 22 0.38 1.81 0.49 1.81 179.56 1.800 0.083 0.8949
conv1 23 0.07 -0.43 2.25 0.47 97.97 1.878 0.212 0.4627
conv1 24 -0.89 -1.15 1.89 0.24 92.71 5.210 0.065 0.8204
conv1 25 -2.06 1.17 2.09 1.47 85.18 1.109 -0.012 0.5919
conv1 26 -2.73 -1.51 0.50 1.08 21.89 1.678 0.059 0.7774
conv1 27 -0.37 0.09 2.68 2.55 66.43 1.117 -0.070 0.4815
conv1 28 -1.51 -0.67 2.90 0.31 96.86 1.487 0.087 0.7472
conv1 29 -5.85 -0.67 3.98 2.78 1.05 0.659 0.000 0.3299
conv1 30 -1.33 0.30 2.55 1.28 88.64 1.086 0.037 0.5368
conv1 31 -2.45 0.23 0.51 0.49 68.02 1.806 0.002 0.9989
conv1 32 -1.94 -0.93 1.94 0.49 72.55 1.686 0.078 0.8646
conv1 33 1.75 1.22 2.47 1.38 92.33 0.848 0.015 0.5450
conv1 34 1.15 0.20 2.10 1.23 102.52 1.264 0.003 0.6697
conv1 35 3.96 -0.32 0.88 0.24 84.68 7.610 0.196 0.3273
conv1 36 -2.56 2.28 1.74 1.93 139.97 0.903 0.057 0.5691
conv1 37 0.50 0.31 1.41 0.78 36.43 1.136 0.078 0.5661
conv1 38 -3.08 -3.10 1.48 0.24 87.11 5.477 0.147 0.4317
conv1 39 0.78 -1.95 0.03 0.21 179.99 0.549 0.035 -0.0000
conv1 40 -2.43 -0.62 1.12 0.50 128.55 1.328 0.112 0.5692
conv1 41 0.52 0.78 1.88 1.75 143.55 0.812 0.009 0.5415
conv1 42 -0.08 3.02 0.28 1.37 0.21 5.394 0.195 0.4257
conv1 43 -6.50 -6.50 1.00 1.00 89.00 -1.000 -1.000 -0.0044
conv1 44 0.92 0.76 1.91 1.26 16.77 0.939 0.045 0.4407
conv1 45 -0.62 0.18 0.55 0.64 169.86 1.847 0.011 0.9782
conv1 46 -4.82 -0.83 0.88 0.37 88.83 2.465 0.027 0.9650
conv1 47 -6.50 -6.50 1.00 1.00 89.00 -1.000 -1.000 -0.0233
conv1 48 0.06 2.80 0.33 2.20 166.24 1.721 0.056 0.7919
conv1 49 -1.52 -0.91 0.45 1.24 108.14 0.602 0.200 0.0559
conv1 50 -0.85 -0.43 1.84 0.48 126.49 1.561 0.102 0.8222
conv1 51 1.32 3.90 0.25 1.01 172.89 3.698 0.129 0.5403
conv1 52 -3.08 2.65 1.12 0.07 55.51 10.589 0.118 0.5789
conv1 53 -6.50 -6.50 1.00 1.00 89.00 -1.000 -1.000 0.0055
conv1 54 -0.79 0.21 0.66 2.33 173.15 1.617 0.065 0.8793
conv1 55 -1.31 -1.80 2.47 0.35 28.17 1.760 0.084 0.7676
conv1 56 -6.50 -6.50 1.00 1.00 89.00 -1.000 -1.000 -0.0060
conv1 57 -0.53 -0.34 0.41 1.72 152.44 1.596 0.053 0.8934
conv1 58 -0.52 -3.15 1.18 1.71 176.71 1.174 0.051 0.7712
conv1 59 2.69 -3.13 1.94 0.27 179.49 2.296 0.180 0.3052
conv1 60 1.00 -0.61 1.80 0.26 91.33 5.030 0.077 0.4332
conv1 61 -6.50 -6.50 1.00 1.00 89.00 -1.000 -1.000 0.0030
conv1 62 -6.50 -6.50 1.00 1.00 89.00 -1.000 -1.000 -0.0302
conv1 63 -1.42 1.72 1.25 1.78 158.80 0.731 0.030 0.5332
conv2 0 0.77 0.12 3.99 4.87 146.75 0.099 0.000 0.9432
conv2 1 -1.96 0.57 7.01 2.40 112.04 0.136 0.001 0.9087
conv2 2 -18.14 -5.69 3.69 2.96 94.58 0.075 0.000 0.8152
conv2 3 3.63 -9.26 9.40 11.23 157.15 0.048 0.001 0.6656
conv2 4 -3.68 -11.19 5.35 11.83 8.30 0.064 0.002 0.7024
conv2 5 -2.67 -5.14 8.63 10.26 131.94 0.055 0.001 0.8354
conv2 6 0.23 1.84 7.41 7.98 134.05 0.055 0.001 0.7632
conv2 7 -2.57 0.22 17.12 8.67 52.77 0.033 0.002 0.5205
conv2 8 -1.20 -5.41 4.86 9.99 163.59 0.073 0.001 0.8607
conv2 9 1.23 -0.72 11.51 9.98 120.34 0.052 0.001 0.7312
conv2 10 4.17 -8.51 7.63 8.46 159.07 0.070 0.001 0.8153
conv2 11 -0.55 -1.12 5.74 5.20 88.73 0.076 0.003 0.8926
conv2 12 -1.49 -3.92 9.25 3.50 90.52 0.104 0.002 0.8878
conv2 13 -1.96 -2.91 7.85 8.60 10.50 0.068 0.002 0.8532
conv2 14 -8.20 -8.73 9.97 7.38 58.50 0.058 0.001 0.8769
conv2 15 3.69 -2.93 12.59 10.73 127.76 0.054 -0.002 0.7703
conv2 16 1.94 -11.25 4.09 8.68 156.85 0.072 0.007 0.5488
conv2 17 12.79 -15.67 6.44 3.66 156.44 0.060 0.011 0.4739
conv2 18 -0.81 -4.98 13.26 5.12 94.20 0.034 0.005 0.5341
conv2 19 -1.19 -1.06 17.65 12.94 137.29 0.045 -0.006 0.5508
conv2 20 -2.54 1.91 7.63 7.35 68.85 0.057 0.005 0.7559
conv2 21 13.68 -1.39 4.82 3.92 71.33 0.100 0.000 0.9185
conv2 22 -3.23 -3.14 5.91 6.11 23.21 0.069 0.003 0.7817
conv2 23 -2.87 0.80 10.20 8.81 116.84 0.052 -0.000 0.8172
conv2 24 -5.47 17.52 3.30 5.67 168.22 0.104 0.001 0.9288
conv2 25 3.76 0.07 6.36 9.14 9.23 0.067 0.002 0.8197
conv2 26 -0.05 -4.57 4.49 4.22 60.64 0.092 0.011 0.5879
conv2 27 2.21 3.21 7.69 5.40 162.59 0.079 0.002 0.8380
conv2 28 6.19 6.73 28.94 31.49 10.47 0.043 -0.020 0.3266
conv2 29 -0.32 -6.11 8.46 8.03 44.91 0.058 0.002 0.8506
conv2 30 0.23 1.99 13.00 7.96 86.06 0.045 0.002 0.6838
conv2 31 -2.76 -2.66 7.88 6.43 90.24 0.075 0.000 0.8569
conv2 32 2.28 3.83 10.02 12.69 28.07 0.050 0.002 0.7026
conv2 33 1.84 -9.51 5.80 7.66 30.44 0.056 0.004 0.6636
conv2 34 -0.20 1.34 3.92 11.03 1.54 0.080 0.000 0.8868
conv2 35 -3.80 -1.55 7.41 4.10 134.60 0.094 0.002 0.8658
conv2 36 -0.45 -0.73 22.74 21.38 6.81 0.059 -0.025 0.5745
conv2 37 5.77 -1.51 4.40 5.02 166.00 0.110 0.002 0.8551
conv2 38 2.83 7.87 5.86 14.04 12.63 0.059 0.001 0.8169
conv2 39 4.72 -8.92 8.55 4.98 152.60 0.071 0.002 0.8908
conv2 40 2.30 12.94 3.88 3.04 21.91 0.065 0.000 0.6983
conv2 41 -1.60 -2.99 16.28 15.72 133.50 0.037 -0.007 0.5132
conv2 42 -0.22 -2.20 8.90 5.69 137.02 0.056 0.005 0.7527
conv2 43 -0.84 -11.86 6.51 5.71 130.65 0.056 0.005 0.5765
conv2 44 1.73 -8.03 4.34 7.89 6.18 0.088 0.002 0.8963
conv2 45 -6.01 -11.74 12.45 6.59 16.66 0.050 0.005 0.7714
conv2 46 15.53 -0.11 6.19 2.44 71.04 0.132 0.002 0.8910
conv2 47 -1.67 -1.36 7.27 5.87 117.74 0.079 0.002 0.8339
conv2 48 15.37 0.47 3.05 2.90 26.37 0.054 0.000 0.6363
conv2 49 0.10 -1.25 5.36 2.45 150.62 0.136 0.002 0.8873
conv2 50 4.81 7.05 2.35 6.22 32.78 0.133 0.001 0.9059
conv2 51 -10.97 -5.90 10.26 4.90 58.83 0.046 0.008 0.5438
conv2 52 -0.80 -5.97 3.55 4.81 49.95 0.117 0.001 0.8994
conv2 53 10.34 3.68 9.03 5.65 92.72 0.061 0.008 0.6677
conv2 54 1.49 -0.65 6.68 8.35 146.51 0.065 0.002 0.7386
conv2 55 0.67 -2.71 4.94 10.93 10.39 0.052 0.008 0.6696
conv2 56 -2.96 -3.12 7.21 6.39 140.97 0.052 0.010 0.5466
conv2 57 -3.18 -0.14 4.84 17.73 179.43 0.051 0.003 0.6774
conv2 58 -5.12 -0.61 9.52 8.52 121.48 0.058 0.001 0.8561
conv2 59 -8.20 -10.45 8.55 6.96 33.50 0.058 0.001 0.8615
conv2 60 -1.17 -8.66 2.05 5.05 20.68 0.137 0.001 0.9164
conv2 61 -1.53 -1.70 16.52 14.64 58.04 0.054 -0.006 0.6422
conv2 62 -4.27 -0.19 5.21 6.96 3.70 0.078 0.004 0.8904
conv2 63 10.01 9.17 7.82 5.07 62.59 0.083 0.001 0.8602
conv2 64 0.39 -7.21 10.45 12.03 144.94 0.045 0.001 0.7035
conv2 65 1.88 1.59 9.90 7.66 131.89 0.057 0.003 0.7637
conv2 66 0.65 -5.85 3.27 9.99 179.68 0.093 0.004 0.7839
conv2 67 0.74 -1.68 11.35 8.30 173.72 0.064 0.001 0.7870
conv2 68 0.15 3.06 17.53 11.79 93.97 0.050 -0.003 0.6434
conv2 69 -5.93 -1.10 6.92 3.29 123.87 0.091 0.003 0.7340
conv2 70 0.04 1.65 10.33 9.57 50.77 0.050 -0.000 0.7803
conv2 71 -6.81 -17.78 3.04 5.21 10.19 0.106 0.000 0.9378
conv2 72 -0.12 -3.88 8.70 6.40 8.17 0.060 0.001 0.8641
conv2 73 -12.14 -13.14 7.14 6.38 38.66 0.066 0.004 0.8041
conv2 74 -0.34 0.73 6.41 2.85 129.05 0.096 0.003 0.7776
conv2 75 -9.78 8.94 6.66 4.10 130.67 0.077 0.002 0.8563
conv2 76 9.67 -1.28 5.77 2.81 100.11 0.099 0.003 0.7887
conv2 77 2.17 1.17 6.41 6.20 98.06 0.081 0.002 0.8643
conv2 78 -11.60 0.07 4.67 5.32 22.58 0.084 0.003 0.8747
conv2 79 -9.70 7.43 7.20 4.33 143.45 0.068 0.002 0.8752
conv2 80 -1.83 -12.97 3.53 7.21 1.78 0.109 0.002 0.8304
conv2 81 -0.25 -4.65 8.49 11.98 10.21 0.051 0.003 0.7017
conv2 82 3.14 0.37 7.62 4.27 7.17 0.085 0.001 0.9224
conv2 83 -11.97 -1.05 5.43 3.21 92.96 0.093 0.005 0.8115
conv2 84 1.58 -1.99 9.76 4.93 109.44 0.076 0.003 0.8266
conv2 85 -9.39 -0.16 7.72 5.11 130.37 0.073 0.006 0.5283
conv2 86 -0.37 -2.61 15.52 10.93 78.22 0.045 -0.003 0.6171
conv2 87 1.10 -13.14 3.70 6.71 173.88 0.095 0.001 0.9122
conv2 88 -11.85 -1.86 4.41 4.77 41.18 0.111 0.002 0.8570
conv2 89 0.66 12.64 3.60 8.15 4.27 0.091 0.004 0.8529
conv2 90 4.68 -1.13 6.88 3.74 79.45 0.085 0.007 0.6565
conv2 91 8.75 -4.45 7.65 3.89 119.64 0.089 0.003 0.8168
conv2 92 -4.23 -7.77 2.73 9.22 4.63 0.072 0.006 0.5908
conv2 93 -5.17 0.77 6.16 7.08 177.19 0.057 0.003 0.7100
conv2 94 7.47 8.62 3.31 3.50 21.53 0.089 0.000 0.9303
conv2 95 12.02 1.94 6.71 3.18 92.77 0.112 0.002 0.9030
conv2 96 -10.90 2.92 5.78 3.41 139.76 0.111 0.002 0.8519
conv2 97 -1.63 5.67 9.25 6.29 66.41 0.058 0.004 0.6959
conv2 98 -1.05 7.76 2.24 5.24 25.14 0.137 0.001 0.8742
conv2 99 -13.06 3.89 8.78 4.19 121.61 0.072 0.002 0.8909
conv2 100 7.17 8.32 7.83 2.78 51.72 0.103 0.002 0.8869
conv2 101 -1.34 0.04 5.30 4.58 151.38 0.069 0.001 0.9197
conv2 102 -1.31 1.02 3.89 3.53 122.90 0.091 0.001 0.8718
conv2 103 6.34 -11.96 4.07 9.22 175.73 0.064 0.005 0.7526
conv2 104 -0.78 -0.45 7.26 6.53 76.10 0.069 0.000 0.8441
conv2 105 -11.33 2.40 7.96 4.89 110.39 0.079 0.001 0.8924
conv2 106 -6.23 2.54 7.35 4.90 121.87 0.063 0.004 0.7469
conv2 107 1.52 -1.85 2.90 3.05 74.23 0.084 0.000 0.8183
conv2 108 -4.47 -2.97 11.77 8.62 27.89 0.035 0.003 0.6052
conv2 109 -1.64 -0.48 12.76 9.26 74.91 0.061 -0.001 0.7793
conv2 110 -1.45 -1.96 8.15 7.13 109.09 0.043 0.001 0.7577
conv2 111 -0.76 -0.31 3.89 12.34 179.88 0.087 0.002 0.8997
conv2 112 -0.67 0.86 7.17 6.91 122.88 0.062 0.002 0.8257
conv2 113 2.08 -0.45 5.51 9.17 163.96 0.075 0.001 0.8367
conv2 114 0.27 -1.74 9.45 16.38 2.31 0.043 0.001 0.6352
conv2 115 4.60 3.38 12.98 10.66 77.30 0.040 0.001 0.7027
conv2 116 1.33 0.59 3.12 7.71 28.11 0.089 0.001 0.9184
conv2 117 -1.65 -4.34 5.50 5.97 170.20 0.060 0.002 0.7778
conv2 118 6.93 7.65 4.73 7.55 32.05 0.064 0.004 0.7762
conv2 119 -3.08 2.53 4.90 2.83 133.99 0.127 0.002 0.8607
conv2 120 1.58 -3.99 7.25 8.57 0.56 0.070 0.002 0.7503
conv2 121 1.06 -1.39 1093.32 1112.57 37.17 67.171 -67.142 0.4487
conv2 122 -3.43 -7.36 8.09 8.51 53.48 0.051 0.003 0.8358
conv2 123 -8.41 6.79 7.98 13.23 166.51 0.049 0.004 0.7371
conv2 124 16.07 5.41 6.05 3.72 74.66 0.094 0.001 0.9122
conv2 125 -1.28 -2.72 6.18 5.02 94.38 0.076 0.004 0.8419
conv2 126 0.84 3.03 9.22 13.51 10.17 0.045 0.000 0.6908
conv2 127 -3.48 -2.17 5.85 3.76 49.04 0.112 0.001 0.8351
conv2 128 0.17 -3.34 10.47 8.68 122.74 0.051 0.002 0.8065
conv2 129 0.73 -1.02 8.04 10.91 11.00 0.053 0.000 0.7796
conv2 130 -1.12 0.98 8.68 7.80 48.14 0.066 0.001 0.8810
conv2 131 -1.09 11.25 2.51 7.91 178.61 0.132 0.002 0.8812
conv2 132 -0.26 -4.27 15.08 4.65 91.10 0.057 0.002 0.7980
conv2 133 1.93 -3.91 9.35 6.46 107.08 0.055 0.001 0.7210
conv2 134 -11.71 -8.98 14.31 9.15 106.34 0.035 0.003 0.5950
conv2 135 5.84 -10.39 3.73 3.26 141.19 0.084 0.001 0.7931
conv2 136 -1.73 8.83 6.71 5.91 37.92 0.072 0.006 0.6964
conv2 137 1.51 -1.83 10.11 8.20 68.89 0.064 0.002 0.7948
conv2 138 -6.28 -0.90 10.07 5.48 87.53 0.058 0.005 0.7331
conv2 139 9.72 -12.06 11.90 7.52 73.62 0.055 0.000 0.7980
conv2 140 1.49 -0.35 9.03 7.19 58.44 0.064 0.000 0.8727
conv2 141 0.15 3.93 4.60 5.83 136.76 0.090 0.002 0.8492
conv2 142 -3.96 6.21 6.02 10.30 7.34 0.047 0.002 0.8239
conv2 143 -10.52 4.63 7.33 2.97 89.76 0.112 0.002 0.8856
conv2 144 0.99 -2.69 6.67 6.09 166.75 0.078 0.002 0.8880
conv2 145 -8.19 -0.42 4.42 6.54 20.74 0.078 0.002 0.8267
conv2 146 2.28 -4.30 8.07 6.95 89.90 0.057 0.001 0.8410
conv2 147 -2.37 12.38 5.36 2.38 172.73 0.132 0.002 0.8760
conv2 148 1.77 0.30 8.89 6.21 90.59 0.069 0.000 0.9012
conv2 149 1.91 -5.38 7.28 6.84 133.53 0.064 0.002 0.8432
conv2 150 3.56 -5.86 5.96 4.52 123.56 0.093 0.003 0.8588
conv2 151 -2.83 5.35 7.74 12.09 2.67 0.063 0.004 0.7950
conv2 152 -1.40 -0.78 8.98 11.10 10.92 0.054 -0.000 0.7692
conv2 153 0.58 2.52 6.32 3.56 21.19 0.099 0.002 0.8734
conv2 154 0.65 -1.48 5.51 7.07 178.37 0.074 0.002 0.8793
conv2 155 -3.20 -0.06 6.57 4.46 41.07 0.080 0.001 0.8668
conv2 156 -0.12 0.14 5.09 10.64 5.11 0.071 0.002 0.8632
conv2 157 -10.60 -0.24 6.45 3.84 136.77 0.082 0.005 0.7212
conv2 158 -0.97 -12.17 4.53 4.87 154.37 0.084 0.003 0.7396
conv2 159 -3.40 -2.83 6.33 1.83 68.99 0.150 0.001 0.8566
conv2 160 9.50 -1.15 13.01 9.97 77.34 0.053 -0.001 0.6964
conv2 161 -0.62 -1.37 6.73 9.47 0.19 0.057 0.003 0.8228
conv2 162 -3.01 -6.42 15.07 11.47 99.41 0.048 -0.002 0.7135
conv2 163 -2.08 -11.24 2.55 5.11 176.80 0.126 0.002 0.9451
conv2 164 -0.62 8.04 8.85 7.89 41.72 0.054 0.005 0.6896
conv2 165 -9.02 8.17 15.24 7.14 103.64 0.030 0.006 0.4825
conv2 166 1.05 -1.79 12.02 16.14 177.80 0.040 -0.001 0.5919
conv2 167 3.07 4.45 6.45 4.31 69.08 0.087 0.001 0.8431
conv2 168 0.97 -2.04 4.67 6.62 171.75 0.091 0.002 0.7963
conv2 169 2.92 -2.14 2.14 5.52 157.91 0.136 0.003 0.8213
conv2 170 2.09 -1.56 9.60 6.55 103.87 0.066 0.000 0.8283
conv2 171 5.07 -0.42 9.20 7.85 71.35 0.063 -0.000 0.7795
conv2 172 -0.10 1.41 9.57 10.75 20.72 0.051 -0.001 0.8313
conv2 173 13.65 16.13 4.02 2.64 50.91 0.036 0.011 0.1826
conv2 174 -2.20 11.77 14.84 5.49 178.74 0.035 0.006 0.4221
conv2 175 -5.71 -4.55 11.07 6.79 34.48 0.051 0.006 0.6863
conv2 176 -1.08 -5.18 15.49 14.08 168.55 0.040 -0.003 0.6592
conv2 177 -5.25 12.84 4.62 10.49 171.32 0.061 0.005 0.7409
conv2 178 5.28 -12.77 3.68 5.76 133.07 0.083 0.001 0.8703
conv2 179 -13.18 13.33 6.12 4.10 138.14 0.095 0.002 0.8859
conv2 180 -0.40 -1.93 5.65 4.80 60.16 0.077 0.004 0.7963
conv2 181 -0.56 -2.97 9.66 10.55 154.11 0.053 0.003 0.7522
conv2 182 -14.24 1.83 5.07 3.43 73.83 0.100 0.002 0.8964
conv2 183 -1.23 -1.26 9.16 10.44 143.62 0.064 0.002 0.8022
conv2 184 -0.32 1.78 13.65 10.95 163.68 0.048 -0.000 0.6926
conv2 185 -5.55 -3.93 6.69 6.01 96.61 0.076 0.001 0.8549
conv2 186 1.23 -6.05 7.72 5.88 157.87 0.065 0.002 0.8737
conv2 187 -3.78 -16.45 11.74 3.90 7.30 0.066 0.004 0.7881
conv2 188 -12.09 -3.00 5.77 2.75 79.86 0.119 0.002 0.9312
conv2 189 12.28 -7.07 4.51 4.11 106.14 0.103 0.002 0.9154
conv2 190 0.59 0.12 19.09 14.43 28.13 0.040 -0.006 0.5528
conv2 191 -0.86 -1.34 7.79 6.70 109.17 0.053 0.004 0.6289
conv3 0 -0.65 4.61 12.93 8.70 30.55 0.017 0.000 0.8842
conv3 1 -0.19 0.10 12.43 10.39 20.36 0.018 0.000 0.8631
conv3 2 5.22 2.36 11.40 9.65 101.66 0.018 0.000 0.8763
conv3 3 4.03 8.93 13.28 12.87 69.84 0.015 0.000 0.8866
conv3 4 -0.88 -5.20 12.04 13.22 40.78 0.018 0.000 0.9001
conv3 5 4.44 -5.81 11.33 16.69 1.50 0.017 0.000 0.8670
conv3 6 10.09 2.95 14.80 21.50 176.28 0.009 -0.000 0.7687
conv3 7 0.07 -7.29 9.59 11.51 9.00 0.022 0.000 0.8419
conv3 8 -6.23 -0.83 8.06 7.80 92.61 0.025 0.000 0.9226
conv3 9 -1.00 6.18 9.29 10.02 10.41 0.020 0.001 0.8725
conv3 10 2.04 1.77 14.15 12.46 149.77 0.017 -0.000 0.8667
conv3 11 -15.66 -0.31 9.34 11.58 103.40 0.018 0.000 0.8234
conv3 12 1.99 1.39 10.43 13.36 9.14 0.016 0.000 0.8092
conv3 13 5.03 -2.75 28.54 26.31 30.56 0.008 -0.001 0.5752
conv3 14 -4.09 -3.02 13.15 10.19 169.75 0.017 0.000 0.8690
conv3 15 3.75 4.56 18.19 21.82 9.74 0.010 -0.001 0.6901
conv3 16 -3.80 -9.12 15.33 10.90 28.46 0.017 0.000 0.8158
conv3 17 0.68 1.92 12.67 14.73 170.97 0.018 0.000 0.8365
conv3 18 -4.26 -3.65 8.18 9.58 162.45 0.030 0.000 0.8692
conv3 19 2.08 1.57 11.85 12.77 4.19 0.013 0.000 0.8127
conv3 20 2.98 1.16 13.67 15.37 23.83 0.011 -0.000 0.8278
conv3 21 -1.02 1.80 8.46 7.68 69.40 0.021 0.000 0.8759
conv3 22 -5.34 -0.92 14.79 9.01 162.91 0.018 0.000 0.8621
conv3 23 -0.37 -1.62 11.46 7.43 91.14 0.027 0.000 0.9062
conv3 24 3.03 3.36 7.41 13.89 14.54 0.017 0.001 0.7878
conv3 25 3.41 -0.02 16.93 23.13 148.06 0.010 -0.000 0.7315
conv3 26 0.33 -2.91 8.16 11.13 6.98 0.022 0.000 0.9038
conv3 27 1.14 1.21 14.24 8.21 147.67 0.021 0.000 0.8681
conv3 28 3.77 -0.81 12.51 9.52 81.81 0.020 0.000 0.8742
conv3 29 2.03 -5.00 14.49 11.16 77.61 0.020 0.000 0.8512
conv3 30 -0.96 -5.33 13.09 15.17 68.47 0.014 0.000 0.8490
conv3 31 -2.94 -7.69 14.32 11.99 166.25 0.014 0.000 0.8736
conv3 32 3.91 9.40 10.60 9.95 150.60 0.024 0.000 0.8417
conv3 33 1.25 -1.89 17.94 15.99 110.10 0.012 -0.000 0.7970
conv3 34 0.93 -3.71 5.16 10.89 168.29 0.028 0.000 0.8864
conv3 35 -6.67 0.83 10.12 8.02 36.43 0.021 0.000 0.9076
conv3 36 -0.13 -2.68 11.10 10.65 27.34 0.017 0.000 0.8879
conv3 37 2.21 -1.97 13.69 16.93 4.25 0.013 0.000 0.8375
conv3 38 2.53 0.37 9.16 8.83 100.41 0.022 0.000 0.9059
conv3 39 3.30 -1.53 15.28 12.63 24.32 0.017 0.000 0.8744
conv3 40 0.00 2.77 10.15 15.44 5.63 0.019 0.000 0.8820
conv3 41 0.06 -3.41 20.01 21.48 165.42 0.010 -0.001 0.7866
conv3 42 -5.67 -11.13 16.53 19.40 168.79 0.011 -0.000 0.6846
conv3 43 -6.35 -1.60 19.70 15.56 9.58 0.011 -0.000 0.8139
conv3 44 0.54 1.78 11.08 11.91 15.07 0.019 0.000 0.8996
conv3 45 13.92 0.11 10.53 23.25 179.25 0.008 -0.000 0.6847
conv3 46 0.56 1.19 26.13 24.68 146.38 0.010 -0.001 0.6899
conv3 47 -1.00 -2.78 21.28 24.07 11.18 0.009 -0.001 0.7319
conv3 48 -1.55 0.18 21.86 19.32 87.65 0.012 -0.001 0.7366
conv3 49 0.52 -1.85 10.57 11.65 169.84 0.022 0.000 0.8861
conv3 50 -10.65 -6.39 8.61 8.76 157.53 0.021 0.000 0.8654
conv3 51 1.82 -0.69 9.87 11.33 65.02 0.017 0.000 0.8837
conv3 52 3.05 3.53 7.80 9.15 173.86 0.031 0.000 0.9122
conv3 53 -8.62 -14.31 6.09 10.06 32.98 0.018 0.000 0.7833
conv3 54 -6.14 1.30 14.07 8.84 35.43 0.017 0.000 0.8988
conv3 55 -1.50 -1.82 10.06 11.50 21.43 0.022 0.000 0.8952
conv3 56 7.06 2.94 8.89 7.34 95.88 0.023 0.000 0.8864
conv3 57 0.56 -2.03 11.77 12.83 166.39 0.013 0.000 0.8528
conv3 58 5.93 -0.52 14.47 11.52 124.31 0.015 0.000 0.8739
conv3 59 -1.10 0.27 17.03 15.68 69.00 0.016 -0.000 0.8598
conv3 60 -2.97 -4.80 12.86 15.55 171.44 0.016 0.000 0.8780
conv3 61 3.83 3.32 8.65 9.35 178.39 0.027 0.000 0.9174
conv3 62 1.59 -3.95 16.15 16.61 20.91 0.016 -0.000 0.8746
conv3 63 -1.23 3.88 8.45 11.42 164.85 0.021 0.000 0.7819
conv3 64 3.01 0.63 16.51 24.48 177.99 0.007 -0.000 0.4957
conv3 65 1.52 0.48 11.21 9.95 133.64 0.017 0.000 0.8750
conv3 66 1.19 9.20 13.53 17.50 179.27 0.013 0.000 0.7910
conv3 67 -0.30 -3.50 11.58 12.79 108.12 0.019 -0.000 0.8740
conv3 68 0.96 1.13 12.36 12.92 146.36 0.015 0.000 0.8649
conv3 69 0.43 1.66 18.84 15.96 137.26 0.013 -0.000 0.8299
conv3 70 -1.22 1.42 20.84 19.05 11.14 0.010 -0.001 0.6752
conv3 71 -2.01 -26.25 4.39 15.70 0.65 0.024 0.001 0.7935
conv3 72 4.55 13.18 20.87 33.66 179.44 0.006 -0.000 0.4773
conv3 73 -6.98 -2.45 12.05 6.40 64.35 0.022 0.000 0.8157
conv3 74 5.28 0.25 9.24 7.57 72.92 0.023 0.000 0.8844
conv3 75 2.17 3.57 8.53 11.77 170.76 0.015 0.000 0.7754
conv3 76 8.42 -14.47 9.79 17.91 171.73 0.012 0.001 0.7102
conv3 77 0.09 -3.16 12.16 6.52 160.54 0.021 0.000 0.8972
conv3 78 -0.76 6.32 13.14 22.12 2.77 0.011 -0.000 0.7326
conv3 79 0.98 -8.29 7.56 9.17 5.29 0.019 0.000 0.9009
conv3 80 1.62 -1.47 22.65 22.98 133.36 0.009 -0.001 0.7094
conv3 81 -4.51 5.52 11.45 13.90 20.66 0.015 0.000 0.8297
conv3 82 -4.36 6.59 10.15 12.61 40.06 0.016 0.000 0.8042
conv3 83 -2.78 -4.69 14.80 13.38 105.35 0.016 0.000 0.8406
conv3 84 -10.76 -2.33 12.76 11.57 74.18 0.014 0.000 0.8223
conv3 85 0.49 6.55 17.67 15.50 132.85 0.013 0.000 0.7497
conv3 86 -1.67 -5.22 11.38 12.72 34.97 0.015 0.000 0.8552
conv3 87 15.73 -0.19 23.25 15.05 6.71 0.007 -0.000 0.7049
conv3 88 4.98 2.23 7.63 9.23 121.42 0.028 0.000 0.9328
conv3 89 3.54 -9.31 14.56 11.63 79.02 0.013 0.000 0.8357
conv3 90 6.19 1.11 10.20 8.89 76.48 0.022 0.000 0.8805
conv3 91 -3.80 0.80 10.15 6.15 95.02 0.024 0.000 0.8920
conv3 92 1.74 0.04 14.14 18.66 6.93 0.010 -0.000 0.7798
conv3 93 0.39 -2.23 10.54 11.02 113.11 0.020 0.000 0.8880
conv3 94 -2.74 -19.48 5.60 8.44 19.73 0.026 0.000 0.9027
conv3 95 7.39 3.79 6.93 8.26 33.61 0.026 0.000 0.9257
conv3 96 -0.74 9.37 27.05 21.75 177.92 0.007 -0.001 0.5353
conv3 97 3.77 -0.11 15.36 16.74 133.08 0.013 -0.000 0.8595
conv3 98 -6.05 5.64 16.54 12.88 93.49 0.014 0.000 0.8762
conv3 99 -7.56 -0.56 9.41 10.67 63.67 0.020 0.000 0.8852
conv3 100 -0.65 1.85 11.70 7.25 125.19 0.024 0.000 0.8868
conv3 101 1.33 1.19 12.95 17.90 4.47 0.017 0.000 0.8994
conv3 102 -4.48 -2.90 7.30 11.29 7.15 0.019 0.000 0.8619
conv3 103 0.15 -6.42 10.44 7.21 28.25 0.017 0.000 0.8593
conv3 104 0.64 -3.85 12.20 9.71 125.42 0.020 0.000 0.8735
conv3 105 -1.56 -1.92 9.79 12.99 171.60 0.020 0.000 0.8868
conv3 106 -6.85 2.89 11.37 19.59 4.06 0.015 0.000 0.8030
conv3 107 -22.43 -1.84 7.59 5.00 95.50 0.030 0.000 0.8999
conv3 108 1.33 -7.17 8.74 12.23 178.67 0.023 0.000 0.9125
conv3 109 -0.20 -1.35 21.30 20.45 81.06 0.011 -0.001 0.7280
conv3 110 6.30 4.94 14.74 8.21 95.19 0.021 0.000 0.8144
conv3 111 -1.89 -3.22 11.22 12.14 16.55 0.016 0.000 0.8574
conv3 112 -6.24 -3.44 15.47 13.78 75.04 0.013 0.000 0.8169
conv3 113 -0.25 -10.30 10.85 14.33 10.62 0.015 -0.000 0.8966
conv3 114 -1.48 -6.00 18.26 10.31 56.12 0.014 0.000 0.7896
conv3 115 0.87 -3.50 13.31 10.15 71.93 0.017 0.000 0.8237
conv3 116 -4.35 -2.41 10.43 16.44 34.67 0.016 0.000 0.8586
conv3 117 2.53 -3.87 14.47 11.24 159.41 0.016 0.000 0.8475
conv3 118 2.72 -2.85 19.19 19.70 22.10 0.008 -0.000 0.6358
conv3 119 7.93 -7.25 12.47 9.26 22.21 0.018 0.000 0.8741
conv3 120 2.57 1.41 12.23 18.95 174.04 0.014 -0.000 0.8144
conv3 121 -2.03 -0.78 16.50 12.25 110.91 0.015 -0.000 0.8686
conv3 122 10.15 5.43 13.77 29.86 3.95 0.006 -0.000 0.6746
conv3 123 2.92 -14.26 7.62 8.50 130.09 0.030 0.000 0.9360
conv3 124 0.45 -3.39 11.66 13.74 145.25 0.015 0.000 0.8582
conv3 125 -0.15 2.13 15.28 15.23 104.41 0.013 -0.000 0.8366
conv3 126 -1.08 3.13 19.80 21.41 50.28 0.012 -0.001 0.7843
conv3 127 2.51 4.62 11.01 14.84 167.07 0.017 0.000 0.8598
conv3 128 1.14 -2.62 14.02 13.47 114.30 0.019 0.000 0.8953
conv3 129 3.86 -8.33 6.53 12.53 16.54 0.022 0.000 0.8010
conv3 130 0.86 -2.85 10.09 13.44 178.13 0.019 0.000 0.8355
conv3 131 -2.03 -2.99 15.87 16.28 160.92 0.013 -0.000 0.8662
conv3 132 0.66 -0.61 21.45 19.44 0.37 0.012 -0.001 0.8246
conv3 133 0.97 -4.34 13.08 11.13 89.83 0.018 0.000 0.8879
conv3 134 -4.68 2.48 13.12 10.79 108.71 0.015 0.000 0.8746
conv3 135 1.66 -0.83 20.31 21.60 70.92 0.009 -0.001 0.7641
conv3 136 -6.06 11.72 10.64 9.18 96.99 0.017 0.001 0.8282
conv3 137 -1.62 -1.07 14.90 13.88 147.42 0.014 -0.000 0.8616
conv3 138 7.38 7.17 5.96 6.48 54.78 0.031 0.000 0.9327
conv3 139 3.78 1.44 14.02 16.74 39.24 0.013 0.000 0.7227
conv3 140 2.30 0.77 10.16 10.62 107.91 0.019 0.000 0.8588
conv3 141 -0.21 -0.45 14.24 12.66 87.28 0.019 0.000 0.8999
conv3 142 1.05 -11.39 10.26 11.22 130.33 0.020 0.000 0.9061
conv3 143 -0.85 -5.32 8.72 9.99 179.10 0.028 -0.000 0.9192
conv3 144 -3.54 -1.33 16.09 11.39 173.42 0.014 0.000 0.8501
conv3 145 0.69 3.50 17.43 13.20 178.68 0.014 -0.000 0.8411
conv3 146 -2.92 4.74 9.24 10.26 99.53 0.025 0.000 0.9107
conv3 147 3.79 -2.14 13.23 11.59 162.38 0.013 0.000 0.8122
conv3 148 2.50 0.05 21.01 19.76 141.98 0.010 -0.001 0.7523
conv3 149 -3.13 -1.13 19.75 13.60 174.99 0.012 -0.000 0.8639
conv3 150 -1.17 -8.22 7.06 10.46 2.87 0.022 0.000 0.8736
conv3 151 -2.40 -1.97 11.49 12.27 9.28 0.018 0.000 0.8577
conv3 152 3.53 -6.09 8.12 11.55 176.36 0.017 0.000 0.8725
conv3 153 1.20 -0.50 22.48 19.67 135.04 0.008 -0.001 0.6969
conv3 154 -2.70 -0.19 18.21 16.18 97.85 0.015 -0.000 0.8307
conv3 155 -20.57 -10.67 16.60 7.56 67.30 0.014 0.001 0.6232
conv3 156 -1.19 1.08 8.28 14.12 1.07 0.023 0.000 0.8912
conv3 157 -2.97 -5.69 11.85 13.17 6.31 0.014 0.000 0.8545
conv3 158 0.19 -3.79 6.96 15.05 1.92 0.020 0.000 0.8644
conv3 159 -0.33 -5.40 11.47 11.74 42.10 0.020 -0.000 0.8706
conv3 160 1.40 -7.10 17.01 9.93 173.26 0.015 0.000 0.7665
conv3 161 -0.44 4.55 8.81 9.61 11.71 0.019 0.000 0.8924
conv3 162 -1.83 0.37 13.36 10.45 105.47 0.020 0.000 0.8871
conv3 163 3.83 11.63 7.02 5.65 56.19 0.025 0.000 0.9195
conv3 164 -3.12 0.25 17.01 18.33 148.65 0.011 -0.000 0.8485
conv3 165 8.44 0.74 10.53 11.19 100.31 0.017 0.000 0.8664
conv3 166 3.39 7.65 5.71 16.19 1.95 0.018 0.001 0.7970
conv3 167 2.69 0.26 7.52 9.45 72.78 0.021 0.000 0.8957
conv3 168 0.28 -0.25 13.96 12.12 92.11 0.014 0.000 0.8806
conv3 169 6.01 1.16 12.26 19.32 176.06 0.008 0.000 0.7260
conv3 170 0.94 -0.66 12.99 13.92 179.15 0.015 0.000 0.8715
conv3 171 -2.79 0.20 15.24 13.73 15.91 0.021 -0.000 0.8822
conv3 172 -6.28 -13.08 12.79 15.08 172.45 0.015 0.000 0.8424
conv3 173 0.28 -1.15 8.64 16.85 27.98 0.018 0.000 0.8666
conv3 174 -1.68 5.06 7.98 11.58 167.96 0.018 0.001 0.7545
conv3 175 -2.87 3.99 13.53 11.89 115.04 0.011 0.000 0.8459
conv3 176 1.22 -2.67 12.12 9.62 86.93 0.021 0.000 0.8622
conv3 177 -0.53 -0.40 15.39 14.62 138.78 0.014 -0.000 0.8575
conv3 178 2.77 -0.59 18.89 15.84 105.72 0.016 -0.000 0.8545
conv3 179 -1.55 -6.63 15.12 11.33 64.74 0.014 -0.000 0.8644
conv3 180 2.83 -4.13 8.24 6.86 92.90 0.027 0.000 0.9206
conv3 181 0.06 -0.97 8.72 11.35 137.59 0.018 0.000 0.8987
conv3 182 -1.71 -1.00 10.62 11.14 172.14 0.019 0.000 0.9142
conv3 183 8.41 0.80 12.41 15.58 14.91 0.013 0.000 0.8401
conv3 184 1.77 4.17 11.99 15.43 169.28 0.017 -0.000 0.8431
conv3 185 5.13 1.34 10.82 9.10 87.60 0.016 0.000 0.8737
conv3 186 -1.77 1.22 8.09 21.65 1.91 0.018 0.000 0.8344
conv3 187 -3.55 -3.70 14.23 8.81 105.97 0.017 0.000 0.8316
conv3 188 1.02 3.59 5.74 10.23 176.90 0.023 0.000 0.8919
conv3 189 0.16 4.71 12.58 11.40 167.74 0.022 -0.000 0.8611
conv3 190 1.11 2.78 15.39 8.05 83.72 0.020 0.000 0.8067
conv3 191 3.58 18.67 6.93 13.65 13.49 0.019 0.000 0.8234
conv3 192 0.53 -12.17 10.52 17.45 6.85 0.015 0.000 0.8203
conv3 193 -2.53 -5.05 14.65 14.14 132.48 0.013 -0.000 0.8202
conv3 194 1.09 -0.09 15.06 11.69 87.00 0.017 0.000 0.8517
conv3 195 -0.30 8.03 17.61 9.02 88.59 0.017 0.000 0.8060
conv3 196 -3.82 4.90 11.81 13.97 54.48 0.016 0.000 0.8505
conv3 197 2.54 1.15 12.51 8.06 77.78 0.019 0.000 0.8083
conv3 198 0.87 6.95 8.48 17.62 0.00 0.020 0.000 0.8601
conv3 199 1.08 -2.99 16.20 13.62 104.50 0.011 0.000 0.8589
conv3 200 -0.68 -0.88 18.54 16.16 126.99 0.014 -0.000 0.8143
conv3 201 -0.95 2.16 23.36 22.68 38.76 0.011 -0.001 0.7757
conv3 202 -2.12 3.33 15.91 12.94 123.99 0.017 0.000 0.8699
conv3 203 -4.85 -4.47 8.79 11.12 125.05 0.018 0.000 0.8160
conv3 204 2.71 -0.70 17.47 14.39 67.93 0.013 -0.000 0.8579
conv3 205 4.16 3.68 14.06 8.09 43.32 0.020 0.000 0.9138
conv3 206 3.40 12.67 13.60 17.46 2.49 0.009 0.000 0.7062
conv3 207 22.16 7.94 14.79 5.34 70.56 0.013 0.001 0.5635
conv3 208 4.96 -8.33 14.28 22.58 1.91 0.010 -0.000 0.6590
conv3 209 2.83 1.11 7.39 10.09 2.08 0.022 0.000 0.8996
conv3 210 3.70 -0.80 12.95 9.03 69.86 0.023 0.000 0.8475
conv3 211 1.33 -4.76 18.79 13.56 81.94 0.013 -0.000 0.8665
conv3 212 -1.49 -0.35 14.16 9.40 90.17 0.019 0.000 0.8051
conv3 213 -6.20 2.97 5.21 4.80 101.23 0.037 0.000 0.9484
conv3 214 -1.03 -7.42 23.93 21.38 116.85 0.009 -0.000 0.6000
conv3 215 3.57 0.73 10.82 5.74 89.17 0.025 0.000 0.8544
conv3 216 -0.28 -2.03 12.58 11.07 99.14 0.024 0.000 0.9019
conv3 217 -2.50 3.95 12.73 7.21 141.24 0.019 0.000 0.8448
conv3 218 -1.29 4.82 15.89 16.85 95.96 0.013 -0.000 0.7522
conv3 219 2.17 4.01 10.44 15.11 177.92 0.019 0.000 0.8683
conv3 220 -0.84 -2.15 12.01 7.88 124.42 0.022 0.000 0.8825
conv3 221 2.68 4.40 8.07 8.79 170.70 0.026 0.000 0.9033
conv3 222 14.69 -7.60 12.49 8.43 125.75 0.018 0.000 0.8801
conv3 223 4.09 -0.96 6.84 7.67 76.67 0.025 0.000 0.8888
conv3 224 4.68 2.01 14.23 11.54 44.42 0.017 0.000 0.8690
conv3 225 -2.08 -4.84 19.01 17.34 134.85 0.012 -0.000 0.8087
conv3 226 -0.71 0.67 7.75 11.01 21.86 0.024 0.000 0.8451
conv3 227 -2.54 0.79 17.45 7.57 82.79 0.022 0.000 0.8608
conv3 228 1.73 0.53 10.89 11.83 34.43 0.020 0.000 0.8729
conv3 229 0.32 -2.44 14.15 15.22 9.13 0.016 0.000 0.8868
conv3 230 -2.13 -5.72 12.98 12.79 131.01 0.018 0.000 0.8901
conv3 231 -2.47 4.20 16.36 6.98 65.87 0.021 0.000 0.8500
conv3 232 1.12 -0.31 12.56 11.36 42.97 0.011 0.000 0.8403
conv3 233 -3.59 -1.93 9.14 8.38 75.71 0.026 0.000 0.9034
conv3 234 7.59 4.33 15.37 10.06 66.60 0.014 0.000 0.8330
conv3 235 -0.13 8.57 15.07 7.81 32.77 0.018 0.000 0.8086
conv3 236 -3.92 -5.51 12.83 15.91 168.33 0.015 -0.000 0.8284
conv3 237 8.21 8.32 9.21 16.64 41.53 0.013 0.000 0.7933
conv3 238 -3.65 -4.40 10.71 16.59 156.36 0.016 0.000 0.8801
conv3 239 2.11 -0.93 7.41 6.94 74.33 0.024 0.000 0.9322
conv3 240 9.50 0.70 21.14 18.12 139.22 0.008 -0.000 0.5080
conv3 241 2.98 -6.23 14.11 11.69 61.83 0.014 0.000 0.8161
conv3 242 -0.52 0.67 10.68 10.27 114.64 0.023 0.000 0.8834
conv3 243 11.25 4.49 12.19 7.73 46.49 0.018 0.000 0.8730
conv3 244 -1.51 -3.03 7.20 12.81 8.46 0.026 0.000 0.8558
conv3 245 10.22 0.46 17.98 12.87 85.09 0.013 0.000 0.8148
conv3 246 -5.23 -8.34 14.76 13.59 107.78 0.014 0.000 0.8477
conv3 247 0.80 -2.88 9.11 11.01 92.18 0.021 0.000 0.8785
conv3 248 1.98 -4.60 20.12 18.35 80.29 0.011 -0.000 0.7839
conv3 249 7.43 7.64 11.11 14.38 2.37 0.014 0.000 0.8957
conv3 250 2.95 12.39 9.41 17.74 17.66 0.013 0.000 0.7408
conv3 251 0.91 4.23 14.96 17.76 12.22 0.013 -0.000 0.7254
conv3 252 1.12 0.93 13.09 12.17 108.19 0.016 0.000 0.8449
conv3 253 5.63 5.51 7.67 10.03 8.23 0.025 0.000 0.9118
conv3 254 27.88 2.49 14.07 7.45 84.26 0.011 0.001 0.5356
conv3 255 1.81 -1.92 14.54 11.77 85.25 0.012 0.000 0.8305
conv3 256 -0.47 3.40 12.20 10.95 102.21 0.015 0.000 0.9141
conv3 257 -2.49 0.22 20.57 19.62 33.13 0.011 -0.001 0.7176
conv3 258 -0.25 0.64 9.87 8.90 88.09 0.019 0.000 0.9018
conv3 259 -4.50 -2.43 7.59 10.60 139.08 0.023 0.000 0.8337
conv3 260 -7.11 6.68 7.47 9.65 158.47 0.026 0.000 0.8657
conv3 261 2.20 -11.07 9.97 7.63 69.63 0.022 0.000 0.9039
conv3 262 2.38 -1.01 16.54 16.08 139.24 0.013 -0.000 0.7295
conv3 263 3.56 -9.38 24.41 28.48 7.85 0.009 -0.001 0.5116
conv3 264 6.51 4.35 12.73 14.40 150.66 0.011 0.000 0.8245
conv3 265 -1.38 -4.42 10.68 11.72 24.12 0.019 0.000 0.8645
conv3 266 -0.64 -1.12 12.51 10.53 94.92 0.022 0.000 0.9011
conv3 267 -0.65 -3.22 14.90 9.78 124.71 0.019 0.000 0.8675
conv3 268 2.05 -1.25 7.24 9.80 132.04 0.024 0.000 0.8946
conv3 269 -1.26 0.24 17.64 17.90 29.96 0.009 -0.000 0.8021
conv3 270 -3.14 -4.46 18.94 21.76 154.93 0.010 -0.000 0.7897
conv3 271 -6.62 5.03 12.94 7.25 127.80 0.018 0.000 0.8560
conv3 272 -0.99 -10.82 17.31 13.42 170.75 0.013 0.000 0.7842
conv3 273 -5.00 0.75 9.48 5.28 80.98 0.024 0.000 0.9110
conv3 274 -0.63 -2.72 16.45 16.22 89.71 0.016 -0.000 0.8586
conv3 275 -2.56 0.32 12.66 11.31 91.21 0.015 0.000 0.8361
conv3 276 0.58 -6.78 11.15 14.10 164.48 0.018 0.000 0.8564
conv3 277 -3.04 4.76 12.84 9.96 42.48 0.019 0.000 0.8332
conv3 278 5.00 -5.51 10.32 7.44 115.94 0.023 0.000 0.9183
conv3 279 0.72 -2.63 9.12 11.57 13.62 0.020 0.000 0.8657
conv3 280 1.15 -5.17 5.22 12.07 4.35 0.025 0.000 0.8921
conv3 281 -1.47 -4.32 13.18 14.75 11.56 0.015 0.000 0.8050
conv3 282 1.30 -1.22 15.17 12.25 74.52 0.018 0.000 0.8781
conv3 283 17.47 -6.53 13.90 6.82 9.86 0.019 0.001 0.7081
conv3 284 21.90 -0.05 13.19 24.77 174.24 0.009 0.000 0.7451
conv3 285 -2.81 -12.70 10.56 16.25 0.79 0.013 0.000 0.7619
conv3 286 -2.52 -4.64 15.02 12.85 64.99 0.013 0.000 0.7983
conv3 287 2.76 -3.79 19.18 27.81 37.48 0.009 -0.001 0.6369
conv3 288 -3.08 5.18 19.80 17.64 69.55 0.013 0.000 0.8204
conv3 289 -1.58 9.71 23.81 25.34 149.42 0.010 -0.001 0.5706
conv3 290 -6.06 3.57 10.79 13.87 11.23 0.017 0.000 0.8307
conv3 291 17.19 -1.72 13.56 5.18 108.90 0.024 0.000 0.8451
conv3 292 17.66 -0.88 14.38 10.98 79.93 0.016 0.000 0.8479
conv3 293 0.01 -3.59 13.54 16.05 176.23 0.018 -0.000 0.8817
conv3 294 -0.36 -0.71 9.89 9.27 2.51 0.019 0.000 0.8816
conv3 295 3.61 -4.25 17.01 14.89 90.56 0.010 0.000 0.7957
conv3 296 2.74 0.75 10.11 10.81 167.25 0.017 0.000 0.9011
conv3 297 -0.10 -1.67 7.75 11.06 138.36 0.023 0.000 0.9020
conv3 298 0.73 -1.59 13.09 12.00 69.60 0.021 0.000 0.8817
conv3 299 5.62 -5.15 20.76 17.20 54.72 0.011 -0.000 0.7289
conv3 300 1.44 -2.62 13.84 17.52 20.79 0.015 -0.000 0.8272
conv3 301 1.11 4.03 12.00 16.57 3.01 0.014 0.000 0.8360
conv3 302 -3.19 0.47 9.03 14.08 138.14 0.014 0.000 0.7573
conv3 303 6.51 -3.90 15.61 10.97 93.71 0.018 0.000 0.8207
conv3 304 4.18 -1.16 9.83 16.21 153.36 0.020 0.000 0.8853
conv3 305 0.55 -0.85 13.29 9.16 69.55 0.019 0.000 0.8965
conv3 306 -5.06 20.88 5.81 17.50 165.84 0.009 0.001 0.4956
conv3 307 -1.93 -2.38 20.20 18.17 101.85 0.010 -0.001 0.7114
conv3 308 0.44 -5.26 14.15 11.94 48.03 0.011 0.000 0.8365
conv3 309 20.70 -9.31 13.83 5.97 100.47 0.016 0.001 0.6379
conv3 310 -2.04 5.81 5.60 6.71 165.52 0.029 0.000 0.8827
conv3 311 2.48 -1.91 12.57 9.73 147.64 0.020 0.000 0.8940
conv3 312 6.02 -3.82 9.18 7.58 103.50 0.028 0.000 0.9138
conv3 313 2.83 -18.25 9.58 7.97 119.76 0.018 0.000 0.8488
conv3 314 -1.39 -3.24 15.39 14.82 69.71 0.015 -0.000 0.8804
conv3 315 -5.42 6.25 10.97 14.81 161.00 0.017 0.000 0.7678
conv3 316 -3.53 16.30 5.56 6.76 160.56 0.019 0.000 0.8559
conv3 317 0.97 2.51 13.33 5.98 45.84 0.022 0.000 0.8688
conv3 318 12.76 -6.88 16.91 6.40 110.35 0.016 0.001 0.7085
conv3 319 -1.21 3.40 6.04 10.40 8.96 0.028 0.000 0.8813
conv3 320 1.13 -0.82 15.71 13.57 61.22 0.015 0.000 0.8535
conv3 321 0.21 -11.65 12.93 10.67 134.05 0.022 0.000 0.8687
conv3 322 -3.08 -0.31 7.60 10.46 169.05 0.015 0.000 0.8432
conv3 323 2.06 0.59 19.12 18.16 40.61 0.012 -0.000 0.8415
conv3 324 0.19 -2.36 4.83 9.20 145.00 0.028 0.000 0.9104
conv3 325 6.27 -20.91 7.51 6.11 150.94 0.020 0.001 0.7533
conv3 326 0.60 -0.37 7.22 13.46 177.12 0.019 -0.000 0.8673
conv3 327 -8.22 6.74 9.03 8.51 133.86 0.018 0.000 0.8318
conv3 328 -0.77 3.22 16.87 11.89 129.35 0.009 0.000 0.6588
conv3 329 1.32 2.87 11.56 12.77 179.18 0.019 0.000 0.8867
conv3 330 0.65 -8.03 19.25 17.98 74.99 0.011 -0.000 0.7727
conv3 331 0.21 -13.12 6.07 7.21 25.67 0.024 0.000 0.9441
conv3 332 3.08 6.33 8.77 16.50 3.82 0.012 0.000 0.8385
conv3 333 -7.09 -6.57 12.14 6.97 86.56 0.017 0.000 0.8404
conv3 334 -0.76 -0.65 9.69 8.04 122.79 0.029 0.000 0.9150
conv3 335 2.59 -4.71 20.16 17.26 69.64 0.009 -0.000 0.7881
conv3 336 2.91 -0.19 10.75 12.24 30.20 0.020 0.000 0.8862
conv3 337 -2.82 -2.43 17.25 14.17 105.96 0.015 0.000 0.8495
conv3 338 1.51 -0.36 15.86 18.91 163.37 0.010 -0.000 0.8081
conv3 339 -17.61 -0.99 7.66 5.64 128.95 0.028 0.000 0.9180
conv3 340 -1.04 -1.11 14.22 12.73 80.83 0.016 0.000 0.8336
conv3 341 -1.17 -3.40 14.07 12.91 97.89 0.014 0.000 0.8959
conv3 342 5.76 1.14 14.14 17.10 37.85 0.013 0.000 0.6950
conv3 343 3.71 -10.90 8.78 9.06 18.36 0.027 0.000 0.9021
conv3 344 -11.22 5.48 10.40 8.77 112.00 0.018 0.000 0.8696
conv3 345 1.59 -0.73 10.23 11.44 156.98 0.021 0.000 0.9106
conv3 346 -0.79 -2.55 10.63 13.69 13.20 0.018 0.000 0.8423
conv3 347 -0.50 -4.93 16.72 17.48 162.45 0.012 -0.000 0.8440
conv3 348 -3.36 4.73 24.72 21.44 118.99 0.007 -0.001 0.6498
conv3 349 -18.75 2.92 13.91 8.63 114.32 0.015 0.001 0.7327
conv3 350 -0.40 -1.81 9.14 12.04 172.02 0.020 0.000 0.8937
conv3 351 0.71 -2.94 15.70 14.40 66.03 0.011 -0.000 0.8599
conv3 352 4.77 -0.79 19.98 14.00 102.17 0.011 -0.000 0.8018
conv3 353 -4.39 -3.57 14.08 12.86 50.12 0.014 0.000 0.8719
conv3 354 2.66 1.70 4.77 10.24 0.38 0.029 0.000 0.8483
conv3 355 -1.76 3.96 17.11 21.10 161.07 0.012 -0.000 0.7494
conv3 356 0.50 -4.83 14.43 18.11 178.02 0.011 -0.000 0.7175
conv3 357 -2.24 1.31 18.59 16.95 49.38 0.013 -0.000 0.8063
conv3 358 -6.80 -2.29 15.08 12.89 132.51 0.014 0.000 0.8581
conv3 359 1.44 1.28 13.15 16.00 13.43 0.018 0.000 0.8950
conv3 360 0.18 -1.92 9.45 10.72 128.51 0.018 0.000 0.8623
conv3 361 4.19 2.25 9.35 7.76 83.33 0.030 0.000 0.8997
conv3 362 -5.22 -13.09 17.35 12.43 62.30 0.011 0.000 0.6701
conv3 363 7.55 8.68 8.08 11.02 37.99 0.018 0.000 0.8873
conv3 364 0.16 -11.10 18.58 21.65 49.73 0.007 -0.000 0.6674
conv3 365 -4.27 -1.69 13.03 11.72 105.91 0.017 0.000 0.8950
conv3 366 -2.89 -2.64 11.20 7.33 60.55 0.024 0.000 0.8622
conv3 367 -3.86 -6.34 12.38 8.94 91.39 0.019 0.001 0.7882
conv3 368 -0.28 -1.20 11.38 10.12 96.61 0.021 0.000 0.8830
conv3 369 4.96 3.77 10.20 11.33 172.96 0.017 0.000 0.9020
conv3 370 -1.65 2.43 15.25 11.80 65.77 0.013 0.000 0.8227
conv3 371 3.31 8.98 8.41 12.54 5.91 0.018 0.000 0.8887
conv3 372 -1.15 -5.51 23.64 18.88 74.74 0.010 -0.001 0.6785
conv3 373 -0.15 0.92 12.74 12.05 49.48 0.019 0.000 0.8992
conv3 374 -0.43 -15.20 7.71 8.48 154.27 0.028 0.000 0.9002
conv3 375 3.18 -0.94 12.31 12.83 83.43 0.015 0.000 0.8632
conv3 376 -0.79 -1.06 16.17 14.84 117.50 0.015 -0.000 0.8772
conv3 377 5.36 -8.04 10.29 14.13 175.40 0.017 0.000 0.8308
conv3 378 1.00 1.69 10.51 12.15 23.53 0.015 0.000 0.9012
conv3 379 -1.30 6.73 10.67 17.77 5.09 0.015 0.000 0.8112
conv3 380 27.48 -6.36 6.00 28.68 179.64 0.011 0.000 0.6022
conv3 381 -2.85 2.77 6.09 9.28 179.42 0.023 0.000 0.8359
conv3 382 -1.77 0.98 14.81 19.16 29.37 0.011 -0.000 0.7817
conv3 383 0.12 -3.42 12.67 10.96 82.76 0.017 0.000 0.8803
conv4 0 8.50 4.50 17.07 22.58 147.89 0.012 -0.000 0.7841
conv4 1 2.95 -0.64 13.62 16.83 1.25 0.024 0.000 0.8843
conv4 2 3.92 3.42 27.49 25.12 155.98 0.011 -0.001 0.7237
conv4 3 -1.09 -6.24 33.91 35.28 114.69 0.008 -0.001 0.5929
conv4 4 -0.44 -9.33 17.81 15.71 96.99 0.019 -0.000 0.8573
conv4 5 0.07 2.45 14.18 17.92 174.87 0.015 0.000 0.8200
conv4 6 0.36 0.19 17.12 13.87 72.39 0.018 0.000 0.8712
conv4 7 0.02 4.33 21.19 18.04 12.01 0.014 -0.000 0.8301
conv4 8 2.87 -2.98 25.73 23.39 126.68 0.009 -0.000 0.7394
conv4 9 6.42 -6.58 19.28 15.76 129.15 0.012 -0.000 0.7849
conv4 10 2.04 2.59 14.87 11.73 99.65 0.028 -0.000 0.8946
conv4 11 4.00 -1.76 12.32 14.40 162.69 0.023 0.000 0.8966
conv4 12 2.52 -1.00 20.17 17.89 175.42 0.013 -0.000 0.8144
conv4 13 4.32 0.85 17.53 16.96 147.93 0.016 0.000 0.8768
conv4 14 -0.81 2.02 9.06 8.30 96.65 0.025 0.000 0.8921
conv4 15 -0.36 2.07 11.85 11.14 160.86 0.024 0.000 0.9037
conv4 16 -5.77 -5.05 16.89 9.14 107.74 0.026 0.000 0.8325
conv4 17 -1.04 -7.03 19.11 14.37 178.65 0.019 -0.000 0.8767
conv4 18 8.81 -5.40 9.74 15.64 28.36 0.013 0.000 0.7123
conv4 19 3.26 1.53 10.45 18.29 179.43 0.024 0.000 0.8908
conv4 20 4.66 4.49 9.40 8.94 80.32 0.033 0.000 0.9247
conv4 21 6.02 -8.61 18.65 21.39 176.60 0.013 0.000 0.8287
conv4 22 0.43 9.85 20.54 18.48 178.88 0.010 -0.000 0.7251
conv4 23 -1.16 -3.96 23.39 17.24 87.88 0.010 -0.000 0.7134
conv4 24 2.72 -1.78 21.74 19.63 73.87 0.016 -0.000 0.8369
conv4 25 -2.45 -3.85 15.34 22.04 158.20 0.015 -0.000 0.8153
conv4 26 -2.38 14.64 15.03 11.71 161.69 0.019 0.000 0.7964
conv4 27 1.60 -0.98 14.38 16.42 107.44 0.018 -0.000 0.8581
conv4 28 -0.91 6.31 14.91 13.92 164.08 0.022 0.000 0.8851
conv4 29 -1.34 0.09 22.58 24.47 15.65 0.012 -0.000 0.7699
conv4 30 -5.34 5.84 18.49 15.70 33.00 0.018 -0.000 0.8730
conv4 31 -2.50 -13.28 14.91 12.82 111.26 0.021 0.000 0.8244
conv4 32 0.08 -2.46 9.49 13.68 4.87 0.026 0.000 0.8855
conv4 33 -1.03 -3.41 15.98 16.41 21.25 0.020 0.000 0.8845
conv4 34 -1.58 -2.37 12.75 14.59 167.72 0.020 0.000 0.8878
conv4 35 0.15 -1.85 17.15 16.58 99.85 0.020 -0.000 0.8944
conv4 36 7.94 -5.59 14.33 12.86 57.27 0.022 0.000 0.8554
conv4 37 1.57 -3.98 12.64 14.74 48.99 0.017 0.000 0.8393
conv4 38 0.52 9.43 17.30 15.73 71.49 0.018 0.000 0.8451
conv4 39 2.19 6.11 10.21 11.03 17.23 0.026 0.000 0.9038
conv4 40 10.96 -13.41 9.32 10.16 34.38 0.016 0.001 0.7013
conv4 41 -0.59 -1.26 11.52 10.94 175.23 0.019 0.000 0.7372
conv4 42 1.87 -3.93 16.20 18.40 52.98 0.017 -0.000 0.8451
conv4 43 -3.24 -0.78 17.68 15.34 63.99 0.012 0.000 0.7596
conv4 44 0.07 -3.42 21.45 18.56 100.58 0.017 -0.000 0.8049
conv4 45 -2.57 -5.60 9.63 17.11 28.02 0.022 0.000 0.8153
conv4 46 3.21 1.51 20.22 15.56 91.54 0.013 0.000 0.7554
conv4 47 4.84 0.04 21.27 15.36 145.47 0.010 0.000 0.7333
conv4 48 6.05 3.11 20.68 14.52 162.36 0.014 0.000 0.7649
conv4 49 6.04 -1.99 17.42 15.15 91.06 0.019 0.000 0.8688
conv4 50 -2.28 -3.13 22.57 21.18 74.38 0.012 -0.000 0.7672
conv4 51 -3.58 -9.78 17.89 20.19 154.94 0.011 -0.000 0.7820
conv4 52 1.08 1.86 14.24 12.08 88.68 0.024 0.000 0.8703
conv4 53 -0.36 0.65 15.01 12.97 87.82 0.027 -0.000 0.8932
conv4 54 6.39 3.92 15.84 19.06 3.34 0.015 0.000 0.8119
conv4 55 1.35 1.25 18.27 16.84 78.85 0.015 0.000 0.8468
conv4 56 -0.29 -5.61 22.12 21.42 100.23 0.016 -0.000 0.8610
conv4 57 12.47 7.26 20.22 31.18 175.14 0.008 -0.000 0.6363
conv4 58 1.42 -3.19 11.60 11.97 27.23 0.031 0.000 0.9107
conv4 59 0.02 -8.54 27.78 24.71 161.42 0.011 -0.001 0.6972
conv4 60 -2.37 -3.68 17.71 22.39 171.83 0.015 -0.000 0.8163
conv4 61 -3.16 0.17 12.34 9.93 106.58 0.024 0.000 0.8840
conv4 62 0.97 -1.51 14.73 15.67 21.29 0.016 0.000 0.8932
conv4 63 -1.18 0.97 12.66 12.17 69.32 0.022 0.000 0.8680
conv4 64 -0.84 -2.62 14.03 19.44 171.69 0.020 0.000 0.8858
conv4 65 5.82 -7.79 23.35 22.12 154.09 0.010 -0.000 0.7199
conv4 66 5.60 -0.95 11.43 25.53 1.98 0.012 -0.000 0.6610
conv4 67 0.77 4.31 23.27 22.24 6.39 0.013 -0.000 0.7361
conv4 68 -1.87 -1.56 21.48 19.38 89.13 0.017 -0.000 0.8424
conv4 69 7.65 1.18 13.34 26.15 171.41 0.014 0.000 0.8475
conv4 70 7.18 -5.65 14.97 19.20 2.41 0.013 0.000 0.7829
conv4 71 -6.54 -0.88 18.08 7.36 84.64 0.019 0.000 0.7083
conv4 72 3.79 -6.98 17.20 18.85 105.71 0.017 0.000 0.8411
conv4 73 1.57 -4.58 17.68 14.81 61.29 0.011 0.000 0.7363
conv4 74 1.35 -6.83 16.96 19.30 164.42 0.015 -0.000 0.8402
conv4 75 0.39 -2.12 18.32 20.81 135.52 0.015 0.000 0.8039
conv4 76 -1.06 -1.07 15.12 14.50 66.92 0.019 0.000 0.8758
conv4 77 -2.08 -0.60 14.11 15.30 23.38 0.014 0.000 0.8332
conv4 78 2.85 -1.51 19.15 15.40 126.92 0.014 -0.000 0.8506
conv4 79 -1.28 -0.65 14.25 12.20 65.04 0.021 0.000 0.8709
conv4 80 1.00 1.31 14.05 16.59 179.41 0.015 0.000 0.7565
conv4 81 2.23 3.49 19.55 20.49 23.30 0.016 -0.000 0.8683
conv4 82 -4.02 -1.39 11.78 12.19 137.61 0.022 0.000 0.8954
conv4 83 2.64 5.05 15.67 18.04 158.74 0.016 0.000 0.8352
conv4 84 -8.44 -1.22 14.52 15.42 18.53 0.019 0.000 0.8684
conv4 85 -5.98 -11.56 14.18 12.29 71.69 0.027 0.000 0.8986
conv4 86 0.64 0.04 14.13 14.43 3.35 0.017 0.000 0.8513
conv4 87 1.50 5.09 21.28 19.46 13.90 0.013 -0.000 0.7957
conv4 88 -0.24 2.15 19.49 16.58 89.11 0.013 -0.000 0.8105
conv4 89 1.62 1.79 23.76 21.66 91.50 0.011 -0.000 0.7627
conv4 90 -0.50 1.41 14.79 10.11 89.92 0.024 0.000 0.8703
conv4 91 6.95 -4.09 18.12 19.82 148.19 0.010 -0.000 0.7986
conv4 92 -0.92 -4.80 11.88 12.82 22.63 0.023 0.000 0.8939
conv4 93 0.77 -9.84 19.39 16.64 89.32 0.015 0.000 0.7951
conv4 94 -2.55 -4.36 14.23 13.63 69.93 0.020 0.000 0.8447
conv4 95 0.64 -2.12 14.31 18.84 166.09 0.013 -0.000 0.8050
conv4 96 -1.65 5.28 17.73 13.45 87.86 0.022 0.000 0.8730
conv4 97 0.72 6.07 8.27 13.45 3.77 0.021 0.000 0.8545
conv4 98 13.15 -3.69 13.23 12.27 81.77 0.024 0.000 0.9258
conv4 99 2.25 2.83 13.40 17.56 153.70 0.014 0.000 0.8405
conv4 100 -1.31 1.90 21.39 19.71 18.67 0.015 -0.000 0.8355
conv4 101 2.09 -9.73 14.92 17.26 74.30 0.020 0.000 0.8480
conv4 102 -2.17 -7.08 19.69 17.79 92.04 0.017 -0.000 0.7953
conv4 103 11.64 -12.24 12.61 9.96 147.37 0.020 0.000 0.8236
conv4 104 5.84 4.60 12.81 21.44 158.09 0.014 0.000 0.7675
conv4 105 -0.86 1.16 15.40 18.08 5.78 0.020 0.000 0.8552
conv4 106 -2.35 2.40 15.95 17.68 168.52 0.011 0.000 0.8140
conv4 107 1.73 -3.95 14.90 15.75 153.31 0.016 0.000 0.8262
conv4 108 0.01 0.96 16.23 13.38 85.92 0.026 0.000 0.8811
conv4 109 -0.55 5.38 17.73 19.37 112.22 0.016 -0.000 0.8395
conv4 110 -2.57 -5.55 12.95 18.93 171.57 0.015 0.000 0.8544
conv4 111 -7.02 -3.62 13.35 16.10 50.28 0.013 0.000 0.8101
conv4 112 1.12 1.22 19.82 17.48 109.71 0.013 -0.000 0.8309
conv4 113 1.66 -5.49 16.92 14.05 100.83 0.021 0.000 0.8873
conv4 114 -0.40 -2.28 17.76 21.44 52.71 0.012 0.000 0.7606
conv4 115 5.12 -2.34 16.26 13.47 13.02 0.024 0.000 0.8722
conv4 116 2.08 -3.64 15.95 17.33 175.94 0.023 -0.000 0.8998
conv4 117 3.39 6.16 12.97 15.69 7.80 0.013 0.000 0.8096
conv4 118 0.77 -7.55 21.28 24.41 138.43 0.010 -0.000 0.7767
conv4 119 1.95 3.60 7.04 15.46 178.43 0.029 0.000 0.8528
conv4 120 3.09 -3.27 15.12 16.78 2.73 0.019 0.000 0.8739
conv4 121 4.33 3.12 22.06 22.83 5.65 0.011 -0.000 0.8217
conv4 122 -4.66 8.18 13.18 17.80 0.97 0.016 0.000 0.8504
conv4 123 1.70 -7.26 17.42 18.93 146.30 0.014 -0.000 0.8491
conv4 124 -3.52 4.49 19.08 17.38 101.62 0.019 -0.000 0.8460
conv4 125 2.71 0.15 13.63 15.24 25.05 0.013 0.000 0.8100
conv4 126 -0.41 -2.63 16.46 17.51 12.29 0.018 0.000 0.8848
conv4 127 0.33 -15.77 9.77 12.49 0.65 0.023 0.000 0.8350
conv4 128 -0.04 0.14 15.12 17.35 98.91 0.023 -0.000 0.8522
conv4 129 3.75 3.21 14.16 13.27 110.88 0.024 0.000 0.8532
conv4 130 0.05 6.38 17.65 22.14 10.78 0.013 -0.000 0.7583
conv4 131 -1.42 -2.75 12.04 12.95 48.81 0.030 0.000 0.8955
conv4 132 0.91 0.16 18.09 20.75 14.17 0.016 -0.000 0.8496
conv4 133 2.63 -0.26 14.86 18.80 179.55 0.015 0.000 0.7899
conv4 134 -4.49 3.86 18.69 18.84 14.91 0.012 -0.000 0.8156
conv4 135 4.26 -3.07 20.98 18.22 100.26 0.015 -0.000 0.8622
conv4 136 0.15 -0.82 13.46 14.99 14.21 0.021 0.000 0.8828
conv4 137 1.01 0.32 7.67 12.31 175.38 0.024 0.000 0.8723
conv4 138 1.29 -5.69 21.19 19.46 3.21 0.015 -0.000 0.7827
conv4 139 -0.26 -6.34 20.66 15.58 99.54 0.011 0.000 0.8211
conv4 140 0.13 -4.95 11.41 13.83 57.52 0.025 0.000 0.8932
conv4 141 2.38 -0.79 16.31 19.52 165.05 0.013 0.000 0.8028
conv4 142 -0.08 3.12 15.52 11.23 74.73 0.020 0.000 0.8750
conv4 143 -1.37 1.41 8.32 11.67 2.29 0.029 0.000 0.8865
conv4 144 1.64 -7.63 17.85 18.84 162.81 0.012 -0.000 0.7806
conv4 145 3.35 -2.21 13.47 15.17 96.62 0.015 0.000 0.8386
conv4 146 3.95 2.12 18.95 22.20 171.47 0.013 -0.000 0.8315
conv4 147 0.91 -1.98 14.70 15.54 176.20 0.019 -0.000 0.8409
conv4 148 0.96 -9.74 12.32 16.29 92.17 0.020 0.000 0.8663
conv4 149 0.71 -3.29 17.11 17.68 37.31 0.015 -0.000 0.8582
conv4 150 0.68 0.76 15.57 19.39 169.28 0.011 0.000 0.7980
conv4 151 5.02 2.10 17.01 19.68 5.34 0.016 0.000 0.8735
conv4 152 3.25 3.64 22.96 24.68 81.02 0.009 -0.000 0.7327
conv4 153 -6.36 2.25 12.85 11.44 101.92 0.019 0.000 0.8842
conv4 154 -0.13 -1.90 21.92 19.31 68.82 0.012 -0.000 0.8341
conv4 155 3.15 -1.12 20.77 18.51 106.04 0.010 -0.000 0.6577
conv4 156 0.95 -5.85 13.74 16.02 10.67 0.017 0.000 0.8729
conv4 157 1.14 0.48 19.38 20.86 166.42 0.012 -0.000 0.8290
conv4 158 0.05 -5.91 9.57 11.88 151.94 0.030 0.000 0.8655
conv4 159 0.37 1.00 10.90 13.40 12.59 0.023 0.000 0.8888
conv4 160 10.66 -5.11 23.78 27.30 177.13 0.011 -0.000 0.7609
conv4 161 4.95 9.27 18.60 20.62 8.58 0.013 0.000 0.6981
conv4 162 -1.83 -1.88 15.75 19.98 165.43 0.016 -0.000 0.8313
conv4 163 2.71 2.28 11.53 12.44 177.10 0.026 0.000 0.8883
conv4 164 -0.33 -15.12 15.91 13.67 100.68 0.020 0.000 0.8535
conv4 165 -0.74 3.66 24.52 25.76 17.58 0.010 -0.000 0.6918
conv4 166 4.78 -1.52 20.20 15.55 14.81 0.016 0.000 0.8583
conv4 167 -3.37 0.62 18.98 21.48 162.24 0.013 -0.000 0.8125
conv4 168 0.54 -3.69 13.22 17.25 11.54 0.016 0.000 0.8047
conv4 169 1.12 -0.35 14.05 21.27 0.31 0.016 -0.000 0.8662
conv4 170 3.12 -1.74 18.41 15.76 88.53 0.016 0.000 0.8756
conv4 171 1.78 1.19 9.38 14.15 177.59 0.027 0.000 0.8690
conv4 172 1.30 -0.51 10.20 7.93 113.17 0.029 0.000 0.9009
conv4 173 -5.09 0.96 12.82 15.20 27.91 0.013 0.000 0.7630
conv4 174 -4.41 -3.34 17.45 13.47 96.14 0.020 -0.000 0.8947
conv4 175 1.63 3.17 26.16 28.80 149.77 0.009 -0.001 0.5971
conv4 176 1.27 -1.97 21.30 22.27 150.07 0.013 -0.000 0.8500
conv4 177 1.22 -8.72 14.61 16.12 11.48 0.022 0.000 0.9020
conv4 178 0.36 -1.46 11.11 9.26 137.43 0.025 0.000 0.8694
conv4 179 2.73 0.93 11.91 18.21 6.15 0.023 0.000 0.9018
conv4 180 1.49 -20.43 6.20 8.74 8.07 0.030 0.000 0.9235
conv4 181 1.69 5.60 15.20 17.09 135.75 0.019 -0.000 0.8863
conv4 182 9.54 3.25 16.70 13.59 133.17 0.019 0.000 0.8832
conv4 183 3.29 -5.48 12.66 14.66 98.36 0.019 0.000 0.8754
conv4 184 0.25 -5.21 17.07 19.80 168.14 0.017 -0.000 0.8736
conv4 185 2.66 -0.01 13.41 12.47 175.73 0.028 0.000 0.8882
conv4 186 -6.12 -0.12 11.22 9.86 96.84 0.031 0.000 0.9165
conv4 187 -1.61 0.89 12.58 12.07 90.82 0.024 0.000 0.8073
conv4 188 4.25 -0.91 15.81 12.03 152.57 0.015 0.000 0.8288
conv4 189 -0.59 0.90 20.14 17.76 76.35 0.014 0.000 0.8497
conv4 190 6.96 1.44 15.89 21.11 5.40 0.011 0.000 0.7947
conv4 191 4.15 1.98 16.13 13.59 94.78 0.015 0.000 0.8136
conv4 192 4.04 -3.92 15.05 18.47 2.23 0.012 0.000 0.8086
conv4 193 0.29 1.17 11.08 15.60 1.21 0.023 0.000 0.8844
conv4 194 0.78 2.55 10.53 15.48 174.37 0.026 0.000 0.8877
conv4 195 1.04 -0.46 12.98 12.47 22.74 0.028 0.000 0.9163
conv4 196 5.05 -5.12 22.32 22.90 68.70 0.012 -0.000 0.7582
conv4 197 1.23 2.47 16.46 10.49 42.64 0.024 0.000 0.8832
conv4 198 5.95 -14.60 11.97 7.42 136.11 0.021 0.000 0.8897
conv4 199 7.83 -3.05 10.06 10.28 25.71 0.028 0.000 0.9161
conv4 200 3.77 3.36 10.47 12.11 2.72 0.020 0.000 0.8784
conv4 201 5.97 -5.70 16.92 15.97 99.52 0.015 0.000 0.8381
conv4 202 -4.30 2.18 18.50 16.35 104.58 0.019 -0.000 0.8561
conv4 203 0.23 0.50 21.22 18.78 72.58 0.015 -0.000 0.8459
conv4 204 0.71 -4.40 16.09 16.91 125.20 0.019 -0.000 0.8705
conv4 205 0.02 -10.87 10.22 16.94 179.78 0.020 0.000 0.8410
conv4 206 3.98 -3.17 19.58 21.66 172.78 0.012 -0.000 0.7464
conv4 207 0.64 -4.90 13.78 12.18 17.77 0.025 0.000 0.8988
conv4 208 -0.97 -0.44 19.26 19.65 93.60 0.016 -0.000 0.8206
conv4 209 4.15 -2.22 16.36 13.12 130.78 0.010 0.000 0.7920
conv4 210 -2.74 -6.98 8.79 9.20 18.48 0.035 0.000 0.9287
conv4 211 0.29 0.67 15.20 9.78 122.18 0.026 0.000 0.8821
conv4 212 1.19 5.16 12.70 17.63 12.89 0.021 0.000 0.8455
conv4 213 -2.96 -3.95 15.10 21.46 172.32 0.012 -0.000 0.7685
conv4 214 0.74 -0.70 13.47 13.70 100.17 0.018 0.000 0.8324
conv4 215 -8.55 -12.10 19.86 15.62 80.93 0.013 0.000 0.8141
conv4 216 -0.46 5.24 5.97 9.15 175.91 0.039 0.000 0.8890
conv4 217 8.84 1.81 15.61 30.24 1.08 0.010 -0.000 0.7430
conv4 218 0.06 -5.94 13.39 8.82 96.25 0.025 0.000 0.8657
conv4 219 1.47 -2.16 24.85 23.27 105.05 0.012 -0.000 0.7986
conv4 220 2.26 2.37 17.71 21.09 0.63 0.011 -0.000 0.8068
conv4 221 -1.42 -5.04 8.06 12.04 1.48 0.034 0.000 0.8956
conv4 222 3.79 -2.52 12.82 14.55 0.30 0.030 0.000 0.8915
conv4 223 2.92 -1.36 16.06 18.78 3.43 0.012 0.000 0.7601
conv4 224 -1.92 -6.03 19.32 17.71 140.99 0.017 -0.000 0.8645
conv4 225 -2.46 0.57 16.31 17.77 13.81 0.016 0.000 0.8679
conv4 226 -0.53 6.69 10.93 10.12 87.94 0.020 0.000 0.7815
conv4 227 -4.69 5.75 25.46 16.54 113.39 0.009 -0.000 0.5462
conv4 228 0.85 2.41 9.81 11.23 162.65 0.022 0.000 0.7347
conv4 229 2.79 2.16 12.23 11.82 151.42 0.018 0.000 0.8777
conv4 230 -0.92 1.77 20.02 21.42 41.75 0.011 -0.000 0.8105
conv4 231 1.47 0.38 15.88 18.52 38.32 0.015 0.000 0.8632
conv4 232 2.52 -0.65 34.88 30.05 99.85 0.007 -0.001 0.6275
conv4 233 2.35 -12.85 13.56 18.02 0.56 0.014 0.000 0.8262
conv4 234 1.26 0.11 15.53 16.55 66.45 0.016 0.000 0.8714
conv4 235 1.91 -3.46 16.21 15.10 62.51 0.013 0.000 0.8653
conv4 236 -2.62 2.04 14.97 11.58 85.68 0.026 0.000 0.8990
conv4 237 0.99 0.80 21.69 18.33 82.48 0.014 -0.000 0.8472
conv4 238 2.79 -4.59 20.23 17.10 97.56 0.011 -0.000 0.7779
conv4 239 -0.08 -0.56 10.90 13.19 164.98 0.022 0.000 0.8999
conv4 240 -0.59 -2.29 20.16 18.67 108.16 0.015 0.000 0.8521
conv4 241 0.67 -5.69 21.26 15.57 67.57 0.013 -0.000 0.8148
conv4 242 0.54 -2.76 12.64 16.73 142.78 0.019 0.000 0.8184
conv4 243 1.47 0.34 12.35 12.95 22.92 0.028 0.000 0.8961
conv4 244 -4.01 6.79 17.70 18.04 156.97 0.019 -0.000 0.8597
conv4 245 0.52 -1.67 12.32 17.36 176.86 0.023 0.000 0.8783
conv4 246 -0.75 -8.97 15.81 16.30 116.26 0.020 -0.000 0.8560
conv4 247 -0.28 -0.39 14.37 12.51 109.16 0.025 -0.000 0.9107
conv4 248 1.53 -1.50 10.29 10.94 171.85 0.022 0.000 0.8627
conv4 249 6.41 0.35 12.50 18.43 169.82 0.017 0.000 0.8644
conv4 250 1.59 -0.79 31.82 35.46 165.91 0.008 -0.001 0.6477
conv4 251 0.43 1.34 19.03 16.32 61.87 0.013 -0.000 0.8618
conv4 252 2.24 -5.91 13.38 18.10 168.40 0.018 0.000 0.8776
conv4 253 0.87 3.94 27.53 29.98 128.50 0.009 -0.001 0.6369
conv4 254 0.16 -0.13 9.64 12.39 83.13 0.028 0.000 0.8680
conv4 255 2.72 -3.09 20.18 22.19 117.93 0.012 -0.000 0.6563
conv5 0 2.21 -4.10 19.85 23.74 175.13 0.010 -0.000 0.8457
conv5 1 -0.68 1.92 19.91 19.11 105.07 0.017 0.000 0.8664
conv5 2 -0.04 -3.07 22.89 24.46 178.92 0.010 -0.000 0.8313
conv5 3 1.68 -2.63 20.53 15.73 167.14 0.013 0.000 0.8127
conv5 4 -0.15 -0.26 20.31 21.08 169.17 0.011 0.000 0.8241
conv5 5 4.42 -2.16 19.31 25.77 166.17 0.010 -0.000 0.7644
conv5 6 4.79 -2.05 32.40 30.89 145.20 0.006 -0.000 0.7018
conv5 7 2.96 5.07 24.14 26.90 4.49 0.008 -0.000 0.7964
conv5 8 2.18 -0.64 19.50 22.65 174.71 0.011 0.000 0.8203
conv5 9 0.60 -7.65 19.07 21.21 65.73 0.010 -0.000 0.8414
conv5 10 2.02 -0.53 26.17 28.39 167.82 0.008 -0.000 0.7777
conv5 11 2.98 -1.54 14.64 16.92 5.03 0.017 0.000 0.8363
conv5 12 -1.04 -12.26 13.09 21.31 177.52 0.015 0.000 0.8667
conv5 13 0.15 -2.75 26.87 29.42 179.33 0.009 -0.000 0.7957
conv5 14 -1.45 -2.47 16.99 26.40 172.22 0.014 0.000 0.8323
conv5 15 0.31 -5.56 18.51 20.97 164.94 0.012 -0.000 0.8219
conv5 16 0.52 -4.37 22.12 19.42 89.85 0.013 0.000 0.8568
conv5 17 -0.77 -3.72 27.45 21.08 76.19 0.008 -0.000 0.8060
conv5 18 2.75 -3.42 13.46 17.54 11.56 0.017 0.000 0.8436
conv5 19 -1.77 -1.09 28.69 26.46 41.15 0.008 -0.000 0.7897
conv5 20 2.47 -2.48 28.64 30.05 153.23 0.007 -0.000 0.7383
conv5 21 4.15 0.33 24.30 24.09 57.38 0.010 -0.000 0.8139
conv5 22 -2.17 0.85 19.44 23.57 163.17 0.010 0.000 0.8187
conv5 23 1.71 2.15 19.03 17.08 19.95 0.017 0.000 0.8691
conv5 24 1.19 -1.06 23.52 25.06 47.82 0.013 -0.000 0.8486
conv5 25 4.01 1.41 23.08 28.14 170.43 0.010 0.000 0.7974
conv5 26 2.03 -5.38 17.21 21.34 179.99 0.018 0.000 0.8922
conv5 27 0.97 -4.97 18.08 21.38 67.66 0.012 0.000 0.8743
conv5 28 0.59 -2.36 11.19 13.82 128.61 0.017 0.000 0.8273
conv5 29 -0.02 -6.02 26.16 26.65 159.26 0.011 -0.000 0.8039
conv5 30 0.19 -15.14 28.41 20.46 95.29 0.007 -0.000 0.6558
conv5 31 3.13 -1.75 16.67 20.64 174.92 0.012 0.000 0.7777
conv5 32 1.53 -0.58 24.10 25.95 172.70 0.010 -0.000 0.8259
conv5 33 -0.85 1.46 15.95 18.30 166.26 0.017 0.000 0.8703
conv5 34 1.36 -1.45 21.62 24.53 149.82 0.009 -0.000 0.8264
conv5 35 0.44 0.69 15.72 14.62 122.90 0.015 0.000 0.8143
conv5 36 0.23 -3.48 17.47 16.55 51.92 0.015 0.000 0.8183
conv5 37 4.67 -5.82 19.46 23.03 7.03 0.012 0.000 0.8483
conv5 38 2.27 -0.34 19.52 23.28 0.70 0.013 0.000 0.8676
conv5 39 0.35 -1.52 15.38 19.00 3.04 0.012 0.000 0.8109
conv5 40 1.60 -3.94 20.11 19.02 74.44 0.010 0.000 0.8227
conv5 41 -1.27 12.36 17.42 14.09 13.86 0.019 0.000 0.8570
conv5 42 -3.50 -4.89 20.29 23.50 1.79 0.009 -0.000 0.7078
conv5 43 0.25 -5.68 33.54 32.77 85.94 0.008 -0.000 0.7334
conv5 44 0.18 -0.69 14.68 17.53 178.74 0.021 0.000 0.8700
conv5 45 0.26 -10.38 17.62 23.46 2.15 0.011 0.000 0.8560
conv5 46 0.28 -1.87 21.86 20.97 119.21 0.013 -0.000 0.8663
conv5 47 0.90 -0.35 18.33 17.34 83.75 0.012 0.000 0.7607
conv5 48 7.58 14.72 18.08 24.21 176.64 0.008 0.000 0.7198
conv5 49 0.47 0.01 15.54 18.45 7.30 0.017 0.000 0.8550
conv5 50 -0.72 -17.03 19.60 14.21 86.17 0.015 0.000 0.8102
conv5 51 0.58 2.54 17.19 20.97 179.58 0.014 0.000 0.8703
conv5 52 2.47 -3.08 18.48 23.19 173.85 0.010 -0.000 0.8506
conv5 53 5.17 -10.28 15.06 22.08 0.29 0.016 0.000 0.8435
conv5 54 1.90 -0.39 22.14 26.66 42.13 0.011 -0.000 0.8295
conv5 55 1.67 -6.48 18.68 17.51 79.17 0.016 -0.000 0.8842
conv5 56 1.35 -0.87 23.14 23.66 126.97 0.011 -0.000 0.8343
conv5 57 3.68 -9.40 23.89 21.17 92.30 0.011 -0.000 0.7890
conv5 58 0.54 -2.31 26.60 24.73 139.34 0.010 -0.000 0.8263
conv5 59 2.91 0.48 19.00 24.77 146.24 0.008 -0.000 0.8181
conv5 60 -5.01 -7.88 12.89 22.32 172.70 0.009 0.000 0.7476
conv5 61 1.80 -3.91 13.04 20.11 171.07 0.015 0.000 0.8470
conv5 62 2.73 -2.42 17.30 21.03 9.68 0.013 0.000 0.8456
conv5 63 0.41 -5.50 20.20 15.74 90.47 0.015 -0.000 0.8828
conv5 64 -0.35 -0.17 15.39 18.23 56.98 0.015 0.000 0.8956
conv5 65 1.09 -1.03 25.37 23.15 127.00 0.009 -0.000 0.8262
conv5 66 -3.45 -4.22 33.47 28.73 97.86 0.007 -0.000 0.7428
conv5 67 -0.63 -2.00 22.87 23.51 140.81 0.010 -0.000 0.8315
conv5 68 2.64 -3.65 20.46 21.29 82.67 0.011 -0.000 0.8203
conv5 69 0.58 -0.95 17.33 20.24 76.10 0.016 0.000 0.8622
conv5 70 2.21 -2.20 17.66 21.68 25.27 0.012 0.000 0.8382
conv5 71 -2.22 -1.86 16.64 21.24 1.54 0.008 -0.000 0.6606
conv5 72 0.25 -1.94 17.95 21.17 10.80 0.011 -0.000 0.8554
conv5 73 -0.61 -4.67 15.46 24.29 173.78 0.011 0.000 0.8249
conv5 74 -1.49 2.26 14.19 16.47 172.73 0.011 0.000 0.8298
conv5 75 1.57 1.44 22.17 23.96 11.86 0.012 -0.000 0.8659
conv5 76 1.27 -0.39 17.47 19.21 154.72 0.012 0.000 0.8541
conv5 77 1.68 -6.88 17.65 20.09 143.69 0.016 0.000 0.8818
conv5 78 0.67 -3.72 24.24 20.64 91.88 0.012 -0.000 0.7970
conv5 79 -0.32 1.39 19.79 22.27 17.06 0.009 -0.000 0.8275
conv5 80 2.91 -2.22 17.68 19.02 10.07 0.015 0.000 0.8674
conv5 81 -1.67 0.14 14.96 17.65 120.97 0.013 0.000 0.8126
conv5 82 2.00 6.39 16.04 25.60 176.02 0.012 -0.000 0.8311
conv5 83 4.90 -6.64 21.88 18.07 33.16 0.011 0.000 0.7757
conv5 84 0.12 -4.49 16.28 17.08 10.34 0.015 0.000 0.8607
conv5 85 4.39 -3.01 24.03 27.96 0.36 0.011 -0.000 0.8471
conv5 86 -0.13 -3.92 25.97 21.65 76.59 0.007 -0.000 0.7879
conv5 87 -2.14 -5.74 26.98 28.54 173.64 0.007 -0.000 0.7174
conv5 88 -0.77 -0.76 21.41 18.63 61.17 0.011 -0.000 0.8607
conv5 89 2.81 -1.16 23.08 24.00 12.88 0.014 0.000 0.8636
conv5 90 2.49 9.18 22.33 17.52 57.15 0.012 -0.000 0.8054
conv5 91 3.60 1.69 17.34 16.57 59.13 0.010 0.000 0.7897
conv5 92 -0.83 -1.78 23.32 21.72 76.45 0.010 -0.000 0.8343
conv5 93 2.89 2.38 22.25 23.33 157.36 0.010 -0.000 0.8380
conv5 94 3.30 -1.63 24.74 24.37 102.92 0.009 -0.000 0.7814
conv5 95 0.14 -2.72 22.76 18.15 102.28 0.011 0.000 0.7694
conv5 96 0.25 -5.37 26.50 23.93 14.92 0.010 -0.000 0.8364
conv5 97 2.41 -2.52 23.23 19.42 88.17 0.012 -0.000 0.8433
conv5 98 2.92 -0.20 24.59 22.63 145.63 0.011 -0.000 0.8409
conv5 99 0.65 -4.21 24.78 21.65 91.50 0.011 -0.000 0.8340
conv5 100 5.16 -6.31 20.57 17.85 142.82 0.012 0.000 0.8109
conv5 101 1.03 0.01 17.25 18.84 0.75 0.014 0.000 0.8109
conv5 102 2.32 5.36 21.48 18.11 79.28 0.012 -0.000 0.8546
conv5 103 5.36 -12.08 16.11 22.61 168.40 0.014 0.000 0.8405
conv5 104 -0.68 -4.94 24.86 20.29 101.25 0.009 -0.000 0.8125
conv5 105 4.77 1.89 20.84 25.91 167.97 0.009 0.000 0.7730
conv5 106 -6.05 -21.76 15.73 17.29 10.97 0.013 0.000 0.7960
conv5 107 -0.38 3.62 22.25 18.36 92.03 0.012 0.000 0.8052
conv5 108 -0.23 -5.23 14.30 20.24 6.68 0.011 0.000 0.8102
conv5 109 0.18 -8.03 21.80 19.86 61.10 0.010 -0.000 0.8527
conv5 110 4.71 -2.31 20.19 22.57 175.62 0.010 -0.000 0.7993
conv5 111 0.30 6.10 22.47 19.95 62.88 0.010 0.000 0.8442
conv5 112 0.25 3.20 17.95 17.38 9.15 0.015 0.000 0.8639
conv5 113 0.62 6.90 24.96 26.74 128.35 0.008 -0.000 0.7192
conv5 114 0.95 2.83 24.09 21.51 20.31 0.013 -0.000 0.8501
conv5 115 3.74 -4.56 29.40 19.74 95.93 0.008 -0.000 0.7099
conv5 116 5.84 1.51 16.74 19.72 82.74 0.015 0.000 0.8646
conv5 117 2.29 0.52 22.19 26.44 8.90 0.011 -0.000 0.8090
conv5 118 0.93 2.20 19.40 20.24 173.42 0.016 0.000 0.8823
conv5 119 1.83 -1.43 27.22 26.64 146.56 0.009 -0.000 0.8028
conv5 120 2.91 -2.81 24.53 20.81 103.53 0.010 -0.000 0.8285
conv5 121 -2.16 -1.47 21.29 19.08 39.37 0.012 0.000 0.8509
conv5 122 3.57 -2.21 19.98 24.61 170.29 0.009 0.000 0.7919
conv5 123 1.22 -4.46 27.47 23.92 146.11 0.009 -0.000 0.8101
conv5 124 6.84 -4.63 19.98 19.00 77.57 0.012 0.000 0.8737
conv5 125 2.02 -6.30 23.24 20.05 138.41 0.009 0.000 0.8328
conv5 126 12.15 -8.38 10.23 11.81 169.72 0.019 0.000 0.7799
conv5 127 2.33 -4.18 16.97 19.16 7.93 0.016 0.000 0.8814
conv5 128 1.00 -1.33 28.47 24.73 84.93 0.007 -0.000 0.7843
conv5 129 2.99 -0.24 16.30 19.37 49.14 0.015 0.000 0.8714
conv5 130 2.57 -5.21 24.64 21.58 103.96 0.010 -0.000 0.8409
conv5 131 2.89 -7.78 21.69 21.36 49.14 0.012 -0.000 0.8511
conv5 132 -0.78 -0.47 16.36 13.96 55.92 0.023 0.000 0.8757
conv5 133 -1.23 -1.75 26.41 24.67 90.05 0.013 -0.000 0.8384
conv5 134 2.67 1.41 21.76 26.64 8.78 0.010 -0.000 0.8319
conv5 135 2.41 -3.03 23.31 22.07 93.27 0.013 -0.000 0.8658
conv5 136 1.09 -0.83 13.88 15.62 154.13 0.018 0.000 0.8882
conv5 137 1.73 -1.97 17.91 14.96 26.91 0.017 0.000 0.8801
conv5 138 2.98 -7.61 26.53 24.01 150.27 0.006 -0.000 0.6415
conv5 139 4.41 0.46 21.39 25.68 169.35 0.009 -0.000 0.7966
conv5 140 6.31 -5.47 22.02 23.15 2.73 0.013 -0.000 0.8695
conv5 141 4.32 2.36 23.34 21.68 96.45 0.011 -0.000 0.8473
conv5 142 2.31 1.46 16.37 18.19 123.11 0.014 0.000 0.8636
conv5 143 4.71 4.90 22.05 20.13 112.43 0.008 0.000 0.7990
conv5 144 0.87 3.27 21.22 23.44 154.76 0.012 -0.000 0.8409
conv5 145 5.69 1.10 27.86 21.94 178.17 0.007 0.000 0.7238
conv5 146 3.69 -0.18 25.09 28.07 4.63 0.009 -0.000 0.8134
conv5 147 2.85 -1.30 26.32 27.56 178.34 0.009 -0.000 0.7707
conv5 148 1.25 8.98 21.32 19.53 80.86 0.013 -0.000 0.8641
conv5 149 14.02 3.89 23.50 37.46 170.07 0.007 -0.000 0.7021
conv5 150 2.15 -3.09 17.61 12.22 88.53 0.018 0.000 0.8724
conv5 151 2.95 -1.63 18.58 19.36 134.56 0.014 0.000 0.8718
conv5 152 2.74 -4.14 19.52 22.95 158.25 0.010 0.000 0.7971
conv5 153 1.73 -0.63 20.13 22.08 13.59 0.011 -0.000 0.8574
conv5 154 5.04 -2.34 25.93 29.71 159.92 0.009 -0.000 0.8129
conv5 155 4.99 -0.90 19.33 22.48 169.31 0.014 0.000 0.8356
conv5 156 0.95 -2.08 22.40 24.82 8.34 0.011 -0.000 0.8430
conv5 157 2.58 -2.63 14.69 12.38 112.34 0.018 0.000 0.8217
conv5 158 6.96 6.32 23.52 17.43 161.03 0.008 0.000 0.7528
conv5 159 3.63 -3.36 14.81 20.80 149.49 0.015 -0.000 0.8991
conv5 160 3.78 -1.54 14.12 19.18 176.97 0.017 0.000 0.8878
conv5 161 1.08 4.47 7.08 16.10 0.63 0.022 0.000 0.8382
conv5 162 8.53 1.79 25.26 28.60 164.22 0.006 -0.000 0.7372
conv5 163 3.65 -7.01 18.31 19.91 15.22 0.012 0.000 0.8503
conv5 164 3.73 -1.34 27.89 21.76 151.56 0.008 -0.000 0.7974
conv5 165 2.11 -4.50 19.04 17.30 72.11 0.014 0.000 0.8401
conv5 166 0.74 -1.55 15.92 16.34 161.27 0.014 0.000 0.8535
conv5 167 0.53 3.95 25.03 21.06 63.51 0.009 -0.000 0.6771
conv5 168 1.46 -0.37 23.84 25.96 9.49 0.006 -0.000 0.7655
conv5 169 2.35 -0.43 25.33 23.84 143.11 0.011 -0.000 0.8337
conv5 170 3.93 -4.86 14.50 16.72 6.58 0.015 0.000 0.8660
conv5 171 1.35 -3.25 17.34 19.92 66.98 0.015 0.000 0.8663
conv5 172 2.25 -8.41 18.70 21.12 175.97 0.012 0.000 0.8501
conv5 173 2.78 -0.04 19.42 23.53 170.11 0.010 -0.000 0.8450
conv5 174 -1.40 -5.41 19.58 16.93 85.29 0.009 0.000 0.7880
conv5 175 2.37 0.71 20.14 22.25 9.01 0.014 0.000 0.8735
conv5 176 1.36 -4.11 19.37 15.09 136.80 0.009 0.000 0.8251
conv5 177 0.85 -0.40 22.41 24.13 4.40 0.013 -0.000 0.8418
conv5 178 -2.18 -4.45 15.89 21.44 175.97 0.014 0.000 0.8587
conv5 179 8.31 11.81 31.39 22.25 175.70 0.008 -0.000 0.7819
conv5 180 3.45 0.23 20.37 22.60 12.52 0.012 -0.000 0.8726
conv5 181 1.22 -3.45 23.34 24.50 32.17 0.011 -0.000 0.8471
conv5 182 2.89 -3.65 16.85 19.42 0.39 0.011 0.000 0.8206
conv5 183 0.92 -3.70 17.78 13.99 62.19 0.015 0.000 0.8375
conv5 184 1.25 -0.50 24.27 24.70 158.77 0.009 -0.000 0.8197
conv5 185 1.09 -1.59 14.42 16.43 15.91 0.016 0.000 0.7052
conv5 186 -0.26 -7.91 20.14 20.68 157.86 0.013 0.000 0.8295
conv5 187 -4.64 3.95 22.24 18.17 70.76 0.015 -0.000 0.8727
conv5 188 -0.10 3.33 20.86 16.85 84.97 0.013 0.000 0.8474
conv5 189 3.77 2.78 21.97 23.59 176.18 0.009 0.000 0.8090
conv5 190 -1.18 -3.75 18.26 20.18 159.28 0.014 0.000 0.8743
conv5 191 4.44 -12.35 21.76 14.30 7.88 0.015 0.000 0.8694
conv5 192 13.05 5.65 16.67 20.01 174.33 0.016 0.000 0.8440
conv5 193 5.32 1.05 22.87 19.80 56.33 0.010 -0.000 0.8441
conv5 194 -1.40 3.58 13.83 16.19 18.99 0.017 0.000 0.8463
conv5 195 2.11 0.61 20.06 22.54 179.64 0.009 -0.000 0.8366
conv5 196 2.79 -2.34 24.26 26.02 15.40 0.012 -0.000 0.8466
conv5 197 3.27 -14.25 17.83 15.01 121.19 0.015 0.000 0.8482
conv5 198 -0.04 -1.33 17.05 19.81 5.52 0.014 0.000 0.8573
conv5 199 1.58 -0.30 15.13 21.03 12.52 0.016 0.000 0.8558
conv5 200 1.68 -8.01 20.09 21.49 82.47 0.011 -0.000 0.7867
conv5 201 -1.74 5.39 29.73 33.18 7.22 0.006 -0.000 0.6648
conv5 202 -0.41 -2.57 18.88 22.42 1.34 0.011 0.000 0.8564
conv5 203 1.32 -2.71 22.30 27.07 176.77 0.010 -0.000 0.7991
conv5 204 0.21 0.15 20.39 18.57 61.69 0.013 0.000 0.8698
conv5 205 1.51 -2.43 15.17 15.71 27.18 0.015 0.000 0.8230
conv5 206 0.49 -2.17 15.47 18.78 171.82 0.020 0.000 0.8811
conv5 207 -1.45 1.05 26.22 27.83 177.42 0.010 -0.000 0.8175
conv5 208 2.41 -7.04 22.60 21.83 37.16 0.011 -0.000 0.8482
conv5 209 -0.15 -8.30 22.05 25.94 96.91 0.010 -0.000 0.8140
conv5 210 3.13 1.80 19.03 14.05 108.29 0.012 0.000 0.7839
conv5 211 2.71 1.65 22.20 15.68 95.50 0.014 0.000 0.8452
conv5 212 1.92 -0.74 18.66 23.48 15.10 0.007 0.000 0.6710
conv5 213 -1.38 -7.28 21.63 18.44 112.52 0.012 0.000 0.8440
conv5 214 -0.26 -2.70 20.41 16.67 81.36 0.014 0.000 0.8274
conv5 215 4.26 -1.80 22.65 26.29 9.34 0.011 0.000 0.8337
conv5 216 1.30 -6.39 20.39 21.19 172.94 0.014 0.000 0.8579
conv5 217 1.94 2.91 31.31 29.74 4.95 0.008 -0.000 0.7950
conv5 218 0.70 -3.99 41.90 36.90 87.27 0.006 -0.001 0.6330
conv5 219 3.17 -3.94 22.58 21.43 106.20 0.012 0.000 0.8342
conv5 220 -0.55 -6.89 19.84 24.38 0.05 0.014 0.000 0.8542
conv5 221 2.10 -5.32 15.91 14.51 76.58 0.024 0.000 0.9064
conv5 222 0.31 -3.58 19.27 20.62 64.41 0.013 -0.000 0.8645
conv5 223 0.81 -2.24 27.29 23.17 155.36 0.009 -0.000 0.8092
conv5 224 3.01 0.03 19.37 21.14 156.30 0.014 0.000 0.8852
conv5 225 2.60 -2.95 23.53 25.04 34.82 0.010 -0.000 0.8381
conv5 226 -1.06 -4.72 26.03 28.12 11.70 0.008 -0.000 0.7961
conv5 227 1.35 -16.27 12.37 16.90 4.92 0.009 0.000 0.7601
conv5 228 3.91 0.08 28.75 27.69 107.70 0.007 -0.000 0.7762
conv5 229 -0.00 -5.16 21.01 22.77 10.18 0.013 -0.000 0.8577
conv5 230 3.58 -14.54 19.39 24.61 172.65 0.009 0.000 0.8090
conv5 231 1.19 1.27 21.47 21.83 39.76 0.009 -0.000 0.8316
conv5 232 -0.46 -10.97 21.17 15.90 86.15 0.014 0.000 0.8157
conv5 233 -0.34 1.59 22.28 23.73 14.43 0.012 -0.000 0.8683
conv5 234 1.50 -1.94 17.47 14.55 170.09 0.018 0.000 0.7945
conv5 235 -0.44 -0.70 29.58 27.69 69.89 0.008 -0.000 0.7950
conv5 236 -0.27 5.58 17.86 20.50 17.39 0.013 0.000 0.8426
conv5 237 -2.43 4.14 21.95 23.07 3.26 0.010 -0.000 0.8280
conv5 238 -0.59 -3.65 20.68 19.09 111.27 0.013 0.000 0.8596
conv5 239 0.29 0.32 21.18 21.24 169.84 0.012 0.000 0.8496
conv5 240 2.54 -2.92 17.30 25.36 176.60 0.012 -0.000 0.8642
conv5 241 -1.63 -5.06 19.52 21.21 12.60 0.015 0.000 0.8237
conv5 242 2.91 1.89 15.67 17.14 26.09 0.015 0.000 0.8351
conv5 243 1.81 -0.15 21.15 22.90 143.87 0.012 -0.000 0.8667
conv5 244 -0.12 0.89 20.65 18.64 152.74 0.012 0.000 0.8244
conv5 245 2.17 0.93 19.97 18.71 79.26 0.014 0.000 0.8688
conv5 246 -0.17 -4.65 17.88 20.43 169.54 0.015 0.000 0.8253
conv5 247 2.71 2.28 20.03 23.03 105.34 0.008 -0.000 0.8070
conv5 248 0.26 -0.10 19.85 20.97 168.13 0.016 -0.000 0.8847
conv5 249 2.44 0.61 15.82 20.34 161.05 0.014 0.000 0.8162
conv5 250 0.86 3.15 15.64 21.63 5.70 0.013 0.000 0.8332
conv5 251 1.24 -0.40 21.84 23.09 34.69 0.009 -0.000 0.8233
conv5 252 3.36 0.89 23.67 23.28 40.88 0.009 -0.000 0.8065
conv5 253 1.22 -0.79 20.80 18.53 156.13 0.012 0.000 0.8259
conv5 254 2.47 -3.08 31.65 18.40 104.77 0.006 -0.000 0.6489
conv5 255 1.34 0.90 16.90 18.47 141.39 0.018 0.000 0.8907
