conv1 0 0.85 2.03 0.39 0.60 5.65 3.505 0.014 0.9883
conv1 1 3.19 -1.78 1.55 1.06 111.87 1.331 0.032 0.7999
conv1 2 -6.50 -6.50 1.00 1.00 89.00 -1.000 -1.000 0.0052
conv1 3 0.11 -0.87 1.72 2.30 167.78 1.014 -0.014 0.5824
conv1 4 -9.69 -15.23 0.26 2.55 24.89 0.804 0.178 0.0000
conv1 5 -5.77 -1.50 3.61 0.17 89.92 2.720 0.185 0.2486
conv1 6 0.29 -0.23 0.54 2.04 44.54 1.487 0.146 0.7090
conv1 7 0.48 -1.26 0.75 2.62 12.93 0.962 0.107 0.3984
conv1 8 -3.09 -3.24 0.99 0.50 24.29 1.770 0.167 0.4986
conv1 9 0.77 0.21 2.14 0.57 82.73 1.669 0.113 0.7901
conv1 10 -0.70 -2.48 0.42 1.92 162.46 1.633 0.040 0.9098
conv1 11 0.06 -0.12 1.95 0.47 56.75 1.572 0.083 0.8586
conv1 12 -2.46 -0.10 1.74 0.36 113.88 1.580 0.062 0.7935
conv1 13 0.08 0.27 1.59 2.81 14.71 0.837 0.000 0.4992
conv1 14 -1.23 0.20 0.45 2.14 11.72 1.810 0.056 0.9241
conv1 15 -6.50 -6.50 1.00 1.00 89.00 -1.000 -1.000 -0.0155
conv1 16 0.72 -1.43 5.16 2.00 61.70 0.585 0.004 0.3211
conv1 17 -1.88 -6.60 4.50 2.12 1.07 0.765 0.211 0.1753
conv1 18 0.22 -0.27 1.94 1.59 100.01 0.855 0.009 0.5575
conv1 19 3.64 -2.85 1.31 2.94 172.42 0.991 0.104 0.5326
conv1 20 1.95 2.34 0.27 0.66 93.43 5.987 0.169 0.3505
conv1 21 -6.50 -6.50 1.00 1.00 89.00 -1.000 -1.000 0.0042
conv1 22 0.38 1.81 0.49 1.81 179.56 1.799 0.083 0.8948
conv1 23 0.07 -0.43 2.25 0.47 97.97 1.879 0.213 0.4627
conv1 24 -0.89 -1.15 1.89 0.24 92.72 5.155 0.065 0.8204
conv1 25 -2.06 1.17 2.09 1.47 85.27 1.109 -0.012 0.5905
conv1 26 -2.73 -1.51 0.50 1.08 21.89 1.678 0.059 0.7773
conv1 27 -0.36 0.09 2.67 2.56 65.63 1.116 -0.070 0.4806
conv1 28 -1.51 -0.67 2.90 0.31 96.86 1.487 0.087 0.7471
conv1 29 -5.86 -0.67 3.99 2.78 1.03 0.659 0.001 0.3297
conv1 30 -1.33 0.30 2.55 1.28 88.63 1.086 0.038 0.5364
conv1 31 -2.45 0.23 0.51 0.49 68.02 1.806 0.002 0.9989
conv1 32 -1.94 -0.93 1.94 0.49 72.55 1.686 0.078 0.8646
conv1 33 1.76 1.22 2.47 1.39 92.36 0.848 0.015 0.5447
conv1 34 1.15 0.20 2.10 1.23 102.49 1.264 0.003 0.6695
conv1 35 3.96 -0.32 0.89 0.24 84.72 7.658 0.194 0.3339
conv1 36 -2.53 2.28 1.73 1.93 138.73 0.902 0.057 0.5703
conv1 37 0.49 0.30 0.77 1.41 37.10 1.164 0.081 0.5488
conv1 38 -3.08 -3.10 1.48 0.24 87.11 5.477 0.147 0.4317
conv1 39 0.78 -1.95 0.03 0.21 0.00 0.549 0.035 -0.0000
conv1 40 -2.44 -0.62 1.14 0.47 128.14 1.433 0.127 0.5592
conv1 41 0.52 0.78 1.88 1.75 143.52 0.812 0.009 0.5415
conv1 42 -0.08 3.02 0.27 1.37 0.21 5.626 0.195 0.4260
conv1 43 -7.65 -61.47 10.85 2.07 96.98 791168.835 0.194 0.3496
conv1 44 0.92 0.76 1.91 1.26 16.76 0.940 0.044 0.4421
conv1 45 -0.62 0.18 0.64 0.55 169.86 1.847 0.011 0.9782
conv1 46 -4.81 -0.83 0.88 0.37 88.80 2.423 0.027 0.9663
conv1 47 -6.50 -6.50 1.00 1.00 89.00 -1.000 -1.000 -0.0233
conv1 48 0.06 2.80 0.33 2.20 166.24 1.721 0.056 0.7919
conv1 49 -6.01 -0.47 0.27 5.35 16.84 1.253 0.171 0.2958
conv1 50 -0.85 -0.43 1.84 0.48 126.49 1.561 0.102 0.8220
conv1 51 1.33 3.92 0.23 0.95 173.47 5.501 0.130 0.5463
conv1 52 -6.50 -6.50 1.00 1.00 89.00 -1.000 -1.000 -0.0090
conv1 53 4.34 2.77 0.05 3.16 36.96 4.280 0.217 0.1951
conv1 54 -0.79 0.21 0.66 2.33 173.15 1.616 0.066 0.8783
conv1 55 -1.31 -1.80 2.47 0.35 28.17 1.760 0.084 0.7676
conv1 56 -6.50 -6.50 1.00 1.00 89.00 -1.000 -1.000 -0.0060
conv1 57 -0.53 -0.34 0.41 1.72 152.44 1.596 0.053 0.8933
conv1 58 -0.48 -2.94 1.04 1.53 174.09 1.240 0.052 0.8293
conv1 59 2.69 -3.13 1.94 0.27 179.49 2.296 0.180 0.3052
conv1 60 1.00 -0.61 1.80 0.27 91.48 4.218 0.077 0.4332
conv1 61 -6.50 -6.50 1.00 1.00 89.00 -1.000 -1.000 0.0030
conv1 62 -6.50 -6.50 1.00 1.00 89.00 -1.000 -1.000 -0.0303
conv1 63 -1.42 1.72 1.25 1.78 158.98 0.732 0.030 0.5334
conv2 0 3.79 -2.56 15.81 16.71 60.73 0.043 -0.010 0.4576
conv2 1 -0.77 0.04 5.77 4.43 92.84 0.086 0.001 0.9004
conv2 2 -4.99 -5.29 6.28 5.55 99.60 0.070 0.002 0.8485
conv2 3 -0.36 8.10 10.14 9.28 59.35 0.049 0.002 0.7863
conv2 4 -1.50 2.84 6.05 12.23 178.13 0.064 0.000 0.8516
conv2 5 5.37 8.89 6.73 9.59 30.86 0.051 0.003 0.7888
conv2 6 -2.76 2.13 17.08 15.29 15.86 0.045 -0.006 0.6324
conv2 7 6.85 8.54 6.60 5.19 124.26 0.077 0.004 0.8369
conv2 8 -1.25 -5.01 3.82 9.89 165.71 0.070 0.001 0.8478
conv2 9 -0.48 -2.32 7.67 6.33 83.71 0.056 0.001 0.8244
conv2 10 -2.54 6.32 10.09 5.18 142.87 0.073 0.002 0.8219
conv2 11 -0.32 -1.41 9.34 8.63 85.17 0.044 0.001 0.7967
conv2 12 -1.22 -4.90 6.17 4.58 83.26 0.072 0.002 0.7715
conv2 13 -2.64 -2.70 9.02 9.41 167.22 0.041 0.000 0.6250
conv2 14 2.17 0.80 9.44 6.26 70.70 0.058 0.004 0.8155
conv2 15 3.62 -3.36 8.94 3.84 132.82 0.081 0.001 0.8834
conv2 16 -4.59 -0.89 8.62 10.05 17.85 0.054 0.005 0.6427
conv2 17 1.06 -5.78 4.68 8.98 141.33 0.078 0.002 0.8460
conv2 18 -1.16 0.61 17.00 17.76 104.37 0.081 -0.021 0.7397
conv2 19 0.41 0.54 3.54 8.99 34.18 0.084 0.001 0.8769
conv2 20 -2.58 1.87 10.18 9.52 145.30 0.024 -0.000 0.5313
conv2 21 -4.96 -1.76 6.45 5.11 31.30 0.079 0.001 0.8925
conv2 22 -3.25 -3.22 7.97 7.48 105.98 0.048 0.002 0.8106
conv2 23 -4.49 -4.16 11.88 9.60 131.27 0.036 0.001 0.6122
conv2 24 -2.04 3.93 4.79 8.26 160.38 0.069 0.001 0.8327
conv2 25 2.73 1.31 8.48 6.03 18.46 0.066 0.000 0.8162
conv2 26 -0.54 -3.87 9.44 8.06 85.12 0.057 -0.000 0.8292
conv2 27 2.78 4.56 4.69 6.11 174.40 0.081 0.001 0.8314
conv2 28 1.08 3.33 11.37 9.53 95.50 0.045 0.000 0.6290
conv2 29 0.52 2.57 11.74 10.36 100.10 0.044 0.000 0.7040
conv2 30 0.18 -3.79 20.36 10.65 96.74 0.036 -0.000 0.5839
conv2 31 -2.92 -2.23 6.76 6.32 37.56 0.072 0.000 0.8867
conv2 32 -1.57 2.04 22.52 14.30 63.00 0.047 -0.008 0.5617
conv2 33 5.87 -0.43 5.08 6.04 21.63 0.069 0.003 0.8693
conv2 34 -0.32 1.24 7.98 11.77 1.44 0.069 0.002 0.6760
conv2 35 -3.54 -0.28 7.08 4.88 125.45 0.080 0.001 0.8710
conv2 36 3.04 -1.65 6.09 6.36 107.27 0.065 0.002 0.7553
conv2 37 2.70 3.64 10.00 6.89 92.34 0.058 0.000 0.7535
conv2 38 -1.17 -2.57 7.35 12.12 18.59 0.041 0.003 0.6154
conv2 39 -0.99 0.36 8.77 6.47 148.07 0.056 0.004 0.7570
conv2 40 -0.63 -0.67 7.29 4.60 30.06 0.072 0.003 0.7833
conv2 41 -0.31 -1.86 4.66 6.52 8.41 0.102 0.000 0.9126
conv2 42 -6.03 1.74 9.79 11.25 147.39 0.045 0.001 0.7422
conv2 43 0.52 -2.63 18.49 11.91 85.75 0.045 -0.003 0.4275
conv2 44 2.48 5.27 7.51 3.14 3.76 0.104 0.002 0.8815
conv2 45 1.36 0.25 12.21 7.25 88.37 0.065 -0.000 0.8041
conv2 46 3.66 -2.49 5.93 3.52 74.33 0.118 0.001 0.8805
conv2 47 -2.34 -0.86 5.83 7.25 141.22 0.091 0.001 0.8172
conv2 48 6.74 0.09 9.01 14.29 177.11 0.028 -0.001 0.5716
conv2 49 -5.12 4.20 4.00 7.16 139.34 0.057 0.003 0.5867
conv2 50 -2.58 -2.13 7.21 2.38 28.28 0.116 0.002 0.9023
conv2 51 2.52 -0.18 6.20 6.91 18.11 0.082 0.000 0.8975
conv2 52 6.07 -2.33 4.43 8.03 59.40 0.074 0.004 0.6260
conv2 53 -2.10 -0.66 11.11 6.49 91.46 0.068 0.003 0.8047
conv2 54 0.92 -1.03 7.27 8.82 147.35 0.058 0.001 0.8183
conv2 55 0.78 -0.69 21.37 20.81 86.94 0.032 -0.012 0.3661
conv2 56 -3.57 -2.98 9.11 7.92 176.18 0.068 -0.001 0.8313
conv2 57 0.20 -12.17 3.82 14.26 179.63 0.084 0.002 0.8572
conv2 58 -2.10 0.63 6.36 4.27 59.02 0.056 0.001 0.7215
conv2 59 3.50 1.11 6.87 8.08 173.86 0.081 0.000 0.8948
conv2 60 1.92 0.95 5.47 2.88 19.84 0.105 0.001 0.8964
conv2 61 -0.94 -0.25 7.53 5.64 60.75 0.078 0.000 0.8643
conv2 62 -2.01 -1.45 15.35 16.52 6.52 0.034 -0.005 0.5719
conv2 63 -3.53 -0.90 9.98 7.66 76.57 0.079 0.001 0.8560
conv2 64 -2.84 3.80 4.87 6.58 1.85 0.104 0.001 0.9043
conv2 65 2.32 -1.44 6.31 5.39 78.59 0.095 0.000 0.7952
conv2 66 0.80 -4.45 8.15 11.30 3.95 0.054 0.000 0.7690
conv2 67 0.29 -0.96 6.03 9.37 163.42 0.072 0.001 0.7149
conv2 68 -2.20 -0.22 7.33 6.30 75.81 0.083 -0.000 0.8442
conv2 69 1.13 -1.91 5.85 4.11 101.61 0.083 0.003 0.8447
conv2 70 -0.16 0.85 6.17 2.68 108.27 0.093 0.001 0.7249
conv2 71 -4.47 -4.88 5.47 3.68 11.90 0.101 0.001 0.9092
conv2 72 -0.27 -3.86 6.08 8.48 176.26 0.073 0.002 0.8676
conv2 73 -1.68 -0.94 10.95 4.86 63.32 0.071 0.001 0.8726
conv2 74 6.26 -7.10 4.36 5.80 136.57 0.077 0.007 0.6378
conv2 75 -2.86 2.79 5.20 7.16 156.28 0.078 0.001 0.8348
conv2 76 -0.56 -0.19 3.78 4.14 112.23 0.096 0.001 0.9224
conv2 77 1.11 -0.61 10.72 9.55 94.08 0.052 -0.001 0.8397
conv2 78 -3.36 1.63 7.12 8.95 19.91 0.067 0.000 0.8300
conv2 79 -1.14 -1.17 13.53 6.22 138.19 0.033 0.002 0.5858
conv2 80 -1.45 2.47 15.24 10.50 77.18 0.055 -0.004 0.6353
conv2 81 -0.88 -5.46 8.90 10.97 0.33 0.039 0.001 0.7632
conv2 82 -0.56 -10.93 3.96 6.73 20.79 0.096 0.001 0.9004
conv2 83 -0.25 -1.12 5.46 3.59 95.36 0.132 0.000 0.9312
conv2 84 3.57 -0.41 10.86 5.74 125.30 0.072 0.000 0.8576
conv2 85 -6.92 1.09 8.71 14.03 178.57 0.046 0.001 0.6486
conv2 86 0.35 -5.99 3.57 4.92 161.69 0.110 0.000 0.9326
conv2 87 -2.07 5.43 4.71 8.48 162.69 0.084 0.001 0.8871
conv2 88 1.38 -2.46 4.63 6.60 128.72 0.088 0.001 0.8806
conv2 89 -4.52 5.40 8.75 6.41 172.00 0.073 0.002 0.8393
conv2 90 5.00 1.06 8.65 10.49 1.61 0.053 0.001 0.5269
conv2 91 7.51 -3.54 6.88 7.30 167.38 0.060 0.002 0.7795
conv2 92 -2.14 4.94 3.17 8.24 4.82 0.108 0.001 0.9197
conv2 93 -6.42 0.78 9.48 8.41 76.95 0.040 0.001 0.6831
conv2 94 6.76 8.00 12.10 13.60 176.42 0.026 -0.002 0.4108
conv2 95 -1.20 2.86 5.71 4.39 89.10 0.100 0.000 0.9233
conv2 96 -2.33 -3.96 7.30 4.42 134.33 0.082 0.002 0.7511
conv2 97 -1.15 2.61 8.73 5.96 63.93 0.062 0.001 0.8231
conv2 98 -2.16 2.44 10.02 6.79 113.72 0.052 0.000 0.5560
conv2 99 -0.73 -3.52 5.61 3.99 137.80 0.098 0.001 0.8996
conv2 100 -0.00 -1.41 8.77 4.07 53.55 0.074 0.005 0.7421
conv2 101 -0.91 -7.20 12.66 16.69 98.91 0.028 -0.003 0.5336
conv2 102 -5.01 6.53 4.32 10.71 167.93 0.069 0.004 0.5253
conv2 103 -0.55 1.08 4.58 8.16 156.58 0.088 0.001 0.9012
conv2 104 -1.10 -0.95 6.15 5.70 89.48 0.085 0.000 0.8634
conv2 105 12.25 -0.86 9.25 5.22 116.40 0.070 0.001 0.8303
conv2 106 -4.95 0.05 11.62 13.77 176.84 0.036 -0.001 0.6074
conv2 107 -0.12 -0.78 9.30 10.72 162.98 0.018 -0.001 0.4564
conv2 108 -1.78 -0.84 12.58 9.71 95.43 0.040 -0.001 0.6542
conv2 109 -2.51 0.29 15.76 16.66 130.39 0.035 -0.005 0.4929
conv2 110 -2.31 0.49 22.16 23.91 25.17 0.053 -0.021 0.5462
conv2 111 -0.85 -3.77 12.84 10.94 174.80 0.053 -0.004 0.6949
conv2 112 -1.13 1.49 15.24 13.76 111.76 0.038 -0.003 0.6161
conv2 113 0.55 -1.08 9.09 5.26 169.79 0.074 0.001 0.8485
conv2 114 7.60 -0.91 12.07 21.08 177.39 0.037 -0.003 0.6125
conv2 115 1.27 -1.37 8.44 7.27 97.93 0.058 -0.000 0.8168
conv2 116 2.78 -0.26 3.73 5.16 4.92 0.079 0.001 0.8408
conv2 117 -2.45 -6.43 14.12 12.07 83.64 0.026 -0.000 0.5391
conv2 118 -0.99 -3.27 6.16 7.21 37.50 0.072 0.001 0.8749
conv2 119 -4.11 3.05 3.58 3.18 103.32 0.100 0.004 0.7041
conv2 120 3.61 -1.43 11.01 8.81 99.88 0.045 0.000 0.6467
conv2 121 -2.77 -3.32 10.16 11.45 7.63 0.071 -0.003 0.8348
conv2 122 -2.25 -3.16 14.11 14.82 33.25 0.042 -0.005 0.6894
conv2 123 -1.50 -3.29 7.14 10.80 1.88 0.084 0.001 0.6377
conv2 124 4.40 -3.72 6.58 4.49 57.10 0.083 0.001 0.8995
conv2 125 -0.20 -2.45 8.69 8.97 4.49 0.058 0.001 0.8315
conv2 126 -4.83 -6.93 7.77 9.48 4.52 0.045 0.001 0.6921
conv2 127 0.98 -0.93 10.93 8.36 138.33 0.039 -0.000 0.5225
conv2 128 2.70 -0.34 9.04 10.25 17.85 0.047 0.000 0.7710
conv2 129 -0.12 -1.24 8.63 10.04 29.35 0.060 -0.001 0.8089
conv2 130 -0.67 1.01 10.77 11.21 152.82 0.042 0.001 0.6748
conv2 131 1.75 -2.63 7.59 3.95 171.35 0.100 0.001 0.8971
conv2 132 11.18 -0.66 15.09 4.49 89.98 0.071 0.002 0.7974
conv2 133 -11.78 10.43 6.08 4.56 85.86 0.091 0.004 0.8217
conv2 134 -1.65 -0.06 14.28 15.41 8.56 0.031 -0.004 0.5770
conv2 135 -1.81 -3.28 8.13 3.95 132.05 0.074 0.004 0.7301
conv2 136 -1.36 2.10 14.35 10.33 82.62 0.037 -0.000 0.6569
conv2 137 -9.80 3.37 7.67 3.85 88.54 0.101 0.006 0.7577
conv2 138 1.99 -2.10 11.07 4.82 95.87 0.067 0.001 0.8091
conv2 139 -1.79 -0.20 11.56 12.56 11.25 0.041 -0.002 0.7478
conv2 140 0.99 -0.12 8.88 5.78 58.16 0.071 0.001 0.8856
conv2 141 -2.66 1.76 8.02 4.57 111.45 0.076 0.001 0.8374
conv2 142 3.04 -3.83 10.92 5.27 119.09 0.076 0.001 0.8211
conv2 143 -0.94 1.63 10.13 3.05 86.20 0.080 0.007 0.6343
conv2 144 -0.45 3.91 8.02 11.57 171.33 0.065 -0.000 0.8190
conv2 145 2.82 4.63 9.36 6.75 54.74 0.066 0.001 0.8280
conv2 146 1.78 -3.85 16.44 14.68 45.95 0.041 -0.004 0.5619
conv2 147 -1.12 -0.87 3.19 6.83 168.29 0.110 0.001 0.8879
conv2 148 0.01 -0.76 9.52 8.33 72.00 0.070 0.002 0.7903
conv2 149 -2.36 -1.52 12.22 13.32 19.98 0.036 -0.001 0.5794
conv2 150 0.61 1.31 10.25 7.15 146.65 0.041 0.003 0.6535
conv2 151 -0.22 -1.52 6.08 10.37 4.85 0.072 0.002 0.8139
conv2 152 -0.61 -4.39 5.63 11.37 17.64 0.061 0.001 0.8145
conv2 153 1.18 3.64 8.33 4.75 20.75 0.074 0.001 0.8613
conv2 154 1.69 -1.79 9.58 9.79 162.41 0.045 0.002 0.7039
conv2 155 -2.03 -2.98 8.95 4.81 47.91 0.080 0.001 0.8591
conv2 156 -11.25 -14.23 5.24 3.96 179.39 0.051 0.010 0.3373
conv2 157 -7.39 -1.24 14.49 9.47 44.99 0.043 0.001 0.6416
conv2 158 -0.23 -10.79 6.55 6.85 161.09 0.047 0.004 0.6241
conv2 159 -4.13 -2.92 5.38 3.40 84.00 0.089 0.003 0.8190
conv2 160 -0.77 -1.81 8.24 11.00 170.34 0.071 -0.002 0.8323
conv2 161 -0.25 -1.57 11.97 12.73 23.73 0.050 -0.002 0.7094
conv2 162 -3.55 -5.72 5.90 9.72 43.07 0.065 0.003 0.8239
conv2 163 -2.36 -0.09 4.13 5.69 177.60 0.100 -0.000 0.9270
conv2 164 -2.08 1.48 8.51 7.07 128.91 0.081 0.000 0.8719
conv2 165 0.83 -1.79 9.37 8.25 64.15 0.063 0.000 0.8505
conv2 166 -1.26 0.03 5.84 8.33 18.56 0.079 0.000 0.8316
conv2 167 5.11 1.11 9.67 5.07 60.06 0.070 0.000 0.8738
conv2 168 -1.58 -5.93 4.49 7.73 169.71 0.084 0.001 0.8381
conv2 169 -1.18 1.97 6.74 9.55 175.38 0.045 0.001 0.6936
conv2 170 1.65 -0.64 9.27 5.62 128.73 0.075 0.000 0.7860
conv2 171 -2.39 -11.49 9.75 4.54 35.14 0.046 0.004 0.6041
conv2 172 -0.16 -1.39 12.85 11.48 72.98 0.023 -0.001 0.5560
conv2 173 0.54 1.40 8.16 12.61 8.33 0.060 0.000 0.7759
conv2 174 -0.31 -0.73 11.89 8.94 50.36 0.054 0.001 0.7570
conv2 175 2.78 2.61 10.59 6.91 54.76 0.063 0.002 0.7278
conv2 176 0.95 -6.94 8.81 11.40 143.76 0.043 0.002 0.7458
conv2 177 -3.11 -0.09 7.39 4.20 171.87 0.085 0.001 0.9202
conv2 178 -3.17 -4.41 6.90 4.41 149.35 0.071 0.003 0.8493
conv2 179 -0.56 -1.83 6.57 8.33 141.48 0.094 0.001 0.8664
conv2 180 -0.57 -2.07 6.83 7.55 172.31 0.054 0.002 0.7437
conv2 181 -0.48 -3.45 7.29 10.83 173.37 0.080 0.000 0.8126
conv2 182 0.30 3.32 6.04 3.91 80.25 0.106 0.001 0.9016
conv2 183 -1.25 -1.06 8.05 8.90 154.46 0.064 0.001 0.8188
conv2 184 -2.37 1.60 9.31 12.99 164.18 0.037 0.002 0.6936
conv2 185 -1.01 9.95 6.15 11.35 6.08 0.072 0.003 0.8209
conv2 186 0.57 -2.28 6.06 2.97 158.93 0.103 0.002 0.7699
conv2 187 -0.29 -0.44 5.47 7.62 5.58 0.074 0.001 0.8639
conv2 188 1.06 0.91 5.53 3.76 64.42 0.109 0.000 0.9273
conv2 189 -0.63 -3.22 6.96 11.26 126.72 0.056 0.001 0.7621
conv2 190 4.87 -2.12 7.44 3.34 107.82 0.099 0.002 0.8459
conv2 191 0.27 -1.54 9.65 8.26 79.93 0.065 -0.001 0.8685
conv3 0 -1.55 -7.19 10.59 13.66 174.63 0.018 0.000 0.8686
conv3 1 -2.97 8.13 12.71 9.84 18.67 0.015 0.000 0.8619
conv3 2 -2.53 2.03 18.01 18.97 33.32 0.010 -0.000 0.8297
conv3 3 -0.75 1.51 14.38 12.11 58.02 0.014 0.000 0.8855
conv3 4 1.69 2.17 21.50 20.47 90.93 0.009 -0.001 0.7219
conv3 5 4.18 -4.48 9.46 11.68 23.37 0.018 0.000 0.8767
conv3 6 -0.66 -4.07 16.08 14.27 32.39 0.013 -0.000 0.8862
conv3 7 -2.03 -2.43 12.16 13.19 143.19 0.017 0.000 0.8886
conv3 8 -2.69 -6.65 10.10 10.73 84.32 0.020 0.000 0.8989
conv3 9 1.93 -2.64 19.54 18.31 100.60 0.012 -0.000 0.8576
conv3 10 4.53 -5.65 11.16 10.48 131.54 0.022 0.000 0.8914
conv3 11 -5.12 1.65 10.37 13.34 162.32 0.018 0.000 0.8740
conv3 12 -2.85 -5.79 17.57 15.06 21.92 0.011 -0.000 0.7998
conv3 13 -0.48 -1.72 14.26 13.76 84.05 0.014 -0.000 0.8679
conv3 14 3.73 4.34 11.18 10.09 17.70 0.027 0.000 0.8681
conv3 15 -0.08 -0.56 9.31 10.64 152.66 0.024 0.000 0.9046
conv3 16 -2.82 -7.89 15.19 9.71 18.52 0.017 0.000 0.8559
conv3 17 0.82 -1.25 14.30 12.19 59.45 0.017 0.000 0.8697
conv3 18 -3.03 -3.79 10.02 8.92 80.45 0.022 0.000 0.8797
conv3 19 -1.56 2.22 13.76 14.66 137.08 0.015 0.000 0.8899
conv3 20 -2.43 -2.58 9.08 12.17 157.85 0.017 0.000 0.8818
conv3 21 1.63 -9.94 15.63 16.37 172.74 0.012 -0.000 0.8119
conv3 22 2.04 2.00 10.68 13.47 6.60 0.017 0.000 0.8387
conv3 23 0.09 -0.88 10.40 11.39 15.56 0.016 0.000 0.8575
conv3 24 -0.07 0.55 12.65 14.10 31.71 0.013 0.000 0.8757
conv3 25 0.14 1.84 11.47 14.38 32.04 0.020 0.000 0.8661
conv3 26 2.80 0.59 17.64 15.01 13.35 0.014 0.000 0.8874
conv3 27 0.35 1.30 9.81 13.57 134.45 0.020 0.000 0.8822
conv3 28 -0.70 -2.33 12.93 13.84 49.68 0.016 -0.000 0.8976
conv3 29 0.41 -2.66 10.12 12.17 15.03 0.016 0.000 0.8714
conv3 30 -1.31 -0.77 11.10 12.30 158.30 0.020 0.000 0.8622
conv3 31 1.11 3.60 7.88 10.14 21.68 0.018 0.000 0.9019
conv3 32 0.02 -0.34 15.81 17.66 1.49 0.009 -0.000 0.7691
conv3 33 -0.27 0.27 18.09 15.50 65.89 0.013 -0.000 0.8620
conv3 34 -1.24 -1.05 11.30 13.05 29.95 0.017 0.000 0.8992
conv3 35 5.37 4.07 10.56 9.30 37.38 0.021 0.000 0.9067
conv3 36 0.33 -1.46 11.22 13.21 9.37 0.015 0.000 0.8762
conv3 37 -0.45 -1.87 13.89 13.10 53.87 0.016 0.000 0.8771
conv3 38 -0.19 -2.95 19.29 18.86 57.83 0.012 -0.000 0.8756
conv3 39 2.65 -0.58 11.75 14.85 10.45 0.016 0.000 0.8799
conv3 40 2.31 3.03 15.73 19.87 14.64 0.008 -0.000 0.7490
conv3 41 -3.11 1.53 9.34 9.71 62.74 0.025 0.000 0.8695
conv3 42 0.05 4.06 10.63 10.13 103.84 0.023 0.000 0.8543
conv3 43 3.13 0.83 13.46 11.24 122.52 0.015 0.000 0.8859
conv3 44 1.25 3.33 9.16 10.54 174.63 0.027 0.000 0.9093
conv3 45 0.12 -0.12 15.20 17.69 49.21 0.016 -0.000 0.8794
conv3 46 0.51 -2.16 10.19 12.36 19.36 0.022 0.000 0.8913
conv3 47 -0.45 -0.39 14.83 15.93 5.02 0.012 -0.000 0.8687
conv3 48 -0.03 -0.91 10.66 13.19 173.14 0.018 0.000 0.8744
conv3 49 -0.10 3.59 16.49 17.70 54.84 0.010 -0.000 0.8437
conv3 50 3.08 -0.22 20.66 16.12 18.03 0.011 -0.000 0.8073
conv3 51 -0.84 1.37 16.25 14.33 126.18 0.013 -0.000 0.8980
conv3 52 0.26 2.14 15.84 15.19 48.51 0.013 -0.000 0.8643
conv3 53 -0.93 1.22 14.47 11.76 39.56 0.015 0.000 0.8803
conv3 54 1.84 2.11 13.42 10.73 109.19 0.019 0.000 0.8658
conv3 55 -0.70 1.34 18.01 18.67 12.17 0.008 -0.000 0.7570
conv3 56 -6.45 -0.34 18.12 22.65 14.89 0.010 -0.000 0.7452
conv3 57 0.14 -0.94 11.36 12.27 6.60 0.016 0.000 0.9048
conv3 58 2.54 -2.61 10.93 8.47 43.82 0.021 0.000 0.8893
conv3 59 0.27 1.07 14.73 12.35 168.44 0.015 0.000 0.9056
conv3 60 4.71 -2.31 11.43 12.18 126.79 0.020 0.000 0.8728
conv3 61 1.45 2.20 14.25 15.55 55.35 0.016 0.000 0.8541
conv3 62 0.59 -7.07 7.95 13.52 177.55 0.013 0.000 0.8122
conv3 63 -6.14 6.19 14.01 11.57 68.59 0.016 0.000 0.8508
conv3 64 -1.17 1.14 11.74 10.74 89.23 0.019 0.000 0.8900
conv3 65 1.29 -2.58 12.45 13.27 54.86 0.017 0.000 0.8848
conv3 66 -0.37 -5.96 12.97 13.27 118.64 0.014 0.000 0.8032
conv3 67 1.31 1.45 17.07 14.63 56.77 0.012 -0.000 0.8709
conv3 68 -1.23 -0.57 15.12 17.70 133.51 0.014 -0.000 0.8784
conv3 69 -0.67 -1.84 15.60 12.68 73.28 0.015 0.000 0.8651
conv3 70 -0.10 -2.38 8.77 11.30 172.77 0.020 0.000 0.8840
conv3 71 -0.79 3.48 9.17 13.29 4.56 0.016 0.000 0.8612
conv3 72 -0.47 -2.99 10.75 9.61 108.90 0.023 0.000 0.8949
conv3 73 4.25 -3.01 10.64 13.67 31.37 0.015 0.000 0.8472
conv3 74 7.30 -2.61 12.19 10.15 104.31 0.019 0.000 0.8668
conv3 75 2.59 2.99 12.29 12.44 120.14 0.016 0.000 0.8674
conv3 76 -0.45 -3.49 9.25 11.71 178.16 0.020 0.000 0.8639
conv3 77 1.90 -1.77 12.86 13.89 37.75 0.019 -0.000 0.8960
conv3 78 -0.97 -3.74 12.55 11.66 138.04 0.018 -0.000 0.8521
conv3 79 0.43 2.42 18.84 20.67 78.76 0.010 -0.000 0.7955
conv3 80 -1.03 -1.33 12.36 13.26 62.75 0.014 0.000 0.8822
conv3 81 -3.79 -3.36 8.41 10.78 179.79 0.024 0.000 0.8493
conv3 82 -2.13 -10.51 11.16 13.45 152.57 0.018 0.000 0.8563
conv3 83 -0.94 -1.31 10.61 11.84 27.15 0.020 0.000 0.9094
conv3 84 -0.82 -2.13 11.26 7.21 73.82 0.020 0.000 0.8368
conv3 85 0.85 -5.71 7.92 9.21 173.87 0.023 0.000 0.9086
conv3 86 -0.77 -0.48 12.41 16.72 34.16 0.011 -0.000 0.7551
conv3 87 15.88 7.22 13.59 10.65 110.11 0.014 0.000 0.8714
conv3 88 1.82 -4.73 11.68 13.21 175.06 0.017 0.000 0.8753
conv3 89 -2.13 3.35 14.52 12.73 138.76 0.015 0.000 0.8901
conv3 90 3.54 -4.19 12.82 15.32 101.17 0.015 0.000 0.8597
conv3 91 -2.59 4.97 12.48 15.60 7.40 0.014 0.000 0.8818
conv3 92 -2.50 -3.30 13.47 17.97 175.26 0.012 -0.000 0.8416
conv3 93 1.73 1.12 13.93 15.68 10.74 0.009 0.000 0.8254
conv3 94 1.80 5.53 8.94 10.36 161.04 0.019 0.000 0.8961
conv3 95 0.41 -1.54 12.48 11.26 147.05 0.015 0.000 0.8879
conv3 96 4.13 1.50 7.35 8.83 175.55 0.022 0.000 0.9025
conv3 97 0.17 -2.34 14.63 15.14 159.74 0.014 -0.000 0.8882
conv3 98 2.38 2.23 16.88 17.35 148.01 0.012 -0.000 0.7763
conv3 99 -4.32 -0.55 15.85 14.08 89.13 0.017 -0.000 0.8496
conv3 100 -5.97 1.58 13.67 10.60 108.92 0.017 0.000 0.8924
conv3 101 0.22 -0.44 9.72 9.23 88.25 0.021 0.000 0.8966
conv3 102 -1.81 0.66 10.05 11.64 149.34 0.018 0.000 0.9011
conv3 103 0.07 0.26 10.61 11.08 5.99 0.022 0.000 0.8695
conv3 104 -0.49 -7.53 14.90 15.89 30.02 0.012 -0.000 0.8391
conv3 105 -5.21 -0.64 8.56 9.30 168.09 0.019 0.000 0.8599
conv3 106 -5.17 -1.15 13.49 16.31 12.38 0.015 -0.000 0.8257
conv3 107 10.37 0.85 11.26 10.30 53.01 0.018 0.000 0.8866
conv3 108 2.98 0.06 16.37 25.67 0.57 0.009 -0.000 0.6372
conv3 109 0.76 0.40 9.74 10.01 138.36 0.026 0.000 0.8845
conv3 110 3.58 -5.13 22.16 14.86 86.21 0.010 -0.000 0.6636
conv3 111 1.64 -2.37 14.78 18.26 14.69 0.012 -0.000 0.8390
conv3 112 -4.37 -4.00 9.28 10.61 28.04 0.023 0.000 0.9057
conv3 113 -1.46 9.26 11.99 16.64 2.48 0.013 0.000 0.7695
conv3 114 8.47 -4.11 8.45 9.15 128.47 0.030 0.000 0.8565
conv3 115 5.04 -1.69 13.21 9.60 91.85 0.015 0.000 0.7384
conv3 116 -2.89 -4.36 9.79 10.30 151.64 0.023 0.000 0.8781
conv3 117 -3.52 1.90 9.22 10.61 133.63 0.026 0.000 0.8495
conv3 118 -0.71 -0.02 10.80 12.79 133.93 0.017 0.000 0.8653
conv3 119 3.90 -6.02 9.71 12.35 25.47 0.019 0.000 0.8915
conv3 120 -2.60 -1.26 12.04 11.15 16.06 0.022 0.000 0.8667
conv3 121 -0.50 -1.33 14.15 11.23 46.34 0.015 0.000 0.8609
conv3 122 0.38 -5.27 9.44 10.91 177.20 0.023 0.000 0.8922
conv3 123 -0.56 0.02 15.80 12.73 164.09 0.015 0.000 0.8902
conv3 124 -0.52 -1.28 17.15 16.13 71.27 0.015 -0.000 0.8707
conv3 125 -1.83 -1.13 11.76 11.01 18.72 0.024 0.000 0.8789
conv3 126 -0.51 -2.68 10.48 11.31 36.97 0.019 0.000 0.8986
conv3 127 -0.42 -2.72 12.13 12.78 95.68 0.020 0.000 0.8684
conv3 128 1.14 -4.89 9.28 10.86 176.81 0.019 0.000 0.8785
conv3 129 1.11 -7.28 11.16 12.40 35.15 0.019 0.000 0.8705
conv3 130 2.32 -3.63 13.12 11.32 163.82 0.015 -0.000 0.8745
conv3 131 3.55 -1.84 9.55 8.42 82.46 0.029 0.000 0.8836
conv3 132 1.40 -1.72 8.73 11.78 176.07 0.020 0.000 0.8858
conv3 133 -1.21 6.61 10.57 12.14 179.32 0.014 0.000 0.8667
conv3 134 1.14 0.21 17.67 16.38 71.14 0.013 -0.000 0.8437
conv3 135 -1.06 -0.37 14.16 15.12 19.27 0.014 0.000 0.8912
conv3 136 2.39 -2.48 18.71 17.05 55.21 0.011 -0.000 0.8283
conv3 137 -4.26 -2.99 13.89 14.57 159.68 0.016 0.000 0.9015
conv3 138 -3.16 -3.28 19.59 16.34 48.55 0.012 -0.000 0.7976
conv3 139 -5.84 -1.52 16.41 12.85 97.76 0.015 0.000 0.7843
conv3 140 1.84 -1.08 10.05 11.64 163.01 0.019 -0.000 0.8658
conv3 141 1.50 4.70 8.97 9.75 30.13 0.018 0.000 0.8965
conv3 142 -0.53 5.65 15.05 14.51 145.90 0.014 0.000 0.8638
conv3 143 -3.83 -1.56 13.34 10.99 131.54 0.016 0.000 0.8478
conv3 144 2.04 0.65 15.63 19.02 7.52 0.012 -0.000 0.8566
conv3 145 -2.39 4.76 5.97 9.76 2.95 0.029 0.000 0.8756
conv3 146 5.54 1.82 17.98 21.76 147.37 0.009 -0.000 0.7101
conv3 147 -10.25 -10.13 12.44 10.47 123.33 0.014 0.000 0.8597
conv3 148 1.19 0.11 9.32 12.46 178.96 0.023 0.000 0.8885
conv3 149 4.61 -1.70 16.56 14.46 30.17 0.014 0.000 0.8351
conv3 150 -1.20 -1.07 11.84 12.46 21.68 0.021 0.000 0.8831
conv3 151 -0.37 1.75 12.60 14.65 156.46 0.018 -0.000 0.8766
conv3 152 1.06 -0.12 16.40 15.49 49.05 0.014 -0.000 0.8609
conv3 153 -0.76 -3.06 10.31 11.99 179.90 0.019 0.000 0.9078
conv3 154 -3.10 0.82 10.65 11.55 167.99 0.023 0.000 0.8807
conv3 155 3.50 -1.26 10.24 8.42 127.93 0.017 0.000 0.8713
conv3 156 2.16 -1.43 11.06 9.81 20.76 0.014 0.000 0.8708
conv3 157 0.71 2.54 10.84 12.33 0.64 0.017 0.000 0.8892
conv3 158 -0.48 -2.53 9.49 12.14 8.91 0.019 0.000 0.8930
conv3 159 1.27 -2.26 15.40 16.53 142.92 0.011 -0.000 0.8649
conv3 160 -1.75 0.05 11.66 12.44 2.42 0.017 0.000 0.9014
conv3 161 -0.02 0.96 16.23 15.42 96.94 0.008 -0.000 0.8063
conv3 162 -1.24 -1.38 12.20 9.40 84.05 0.017 0.000 0.8648
conv3 163 -1.38 -5.02 8.51 13.78 177.37 0.020 0.000 0.8615
conv3 164 -0.01 -0.67 12.70 11.54 70.45 0.019 0.000 0.8735
conv3 165 5.42 -0.91 16.39 13.29 80.91 0.014 0.000 0.8792
conv3 166 3.15 -3.04 15.07 12.71 80.85 0.015 0.000 0.8653
conv3 167 0.53 -5.74 18.48 17.23 105.43 0.010 -0.000 0.8081
conv3 168 -5.44 0.75 11.82 11.50 75.57 0.021 0.000 0.8890
conv3 169 -0.62 -7.87 7.54 12.99 179.33 0.023 0.000 0.8845
conv3 170 -1.19 0.95 14.83 14.00 19.24 0.014 -0.000 0.8402
conv3 171 -8.18 3.13 8.85 10.10 58.01 0.019 0.000 0.8707
conv3 172 -5.01 3.64 13.12 12.06 46.46 0.017 0.000 0.8713
conv3 173 -1.39 2.09 9.67 14.56 38.48 0.018 0.000 0.8950
conv3 174 0.90 1.99 14.14 12.01 81.47 0.017 0.000 0.9048
conv3 175 0.65 -2.61 10.86 12.44 173.81 0.024 0.000 0.8683
conv3 176 0.88 -2.69 14.24 15.83 99.66 0.013 0.000 0.8728
conv3 177 1.66 -1.74 7.90 11.12 148.81 0.022 0.000 0.8823
conv3 178 1.45 -0.43 10.38 12.66 23.17 0.017 0.000 0.9152
conv3 179 -0.20 -0.87 12.70 14.30 153.27 0.014 0.000 0.8870
conv3 180 -9.94 -2.90 22.55 14.42 125.61 0.008 -0.000 0.5895
conv3 181 0.74 -2.27 16.45 15.27 79.08 0.014 -0.000 0.8874
conv3 182 -1.67 0.66 8.76 11.19 154.84 0.018 0.000 0.8805
conv3 183 -4.19 0.29 14.78 19.52 3.53 0.012 -0.000 0.8613
conv3 184 1.95 -3.17 12.53 14.01 11.77 0.017 0.000 0.8983
conv3 185 -0.30 0.07 10.39 10.84 149.08 0.024 0.000 0.8483
conv3 186 1.63 -1.81 14.00 8.51 9.31 0.018 0.000 0.8878
conv3 187 2.68 -0.87 9.70 12.50 14.31 0.021 0.000 0.8929
conv3 188 -0.18 1.11 10.78 12.85 18.15 0.017 0.000 0.8877
conv3 189 -2.45 -0.50 21.38 18.72 131.29 0.009 -0.000 0.7396
conv3 190 4.93 -1.41 14.03 6.68 89.00 0.022 0.000 0.8420
conv3 191 0.36 -8.40 5.75 10.49 178.98 0.029 0.000 0.8689
conv3 192 -1.13 2.76 11.24 14.32 2.53 0.015 -0.000 0.8840
conv3 193 -1.43 -0.19 9.60 10.36 160.87 0.027 0.000 0.8805
conv3 194 4.72 -1.28 10.46 5.93 109.12 0.029 0.000 0.8791
conv3 195 0.70 -0.05 20.06 10.51 96.92 0.015 -0.000 0.7857
conv3 196 2.80 -6.94 18.07 14.08 15.85 0.014 -0.000 0.8444
conv3 197 -3.25 0.87 12.63 6.13 104.29 0.022 0.000 0.8147
conv3 198 1.28 6.13 6.73 14.20 2.37 0.022 0.000 0.8753
conv3 199 0.33 -0.09 10.03 10.69 147.24 0.021 0.000 0.8875
conv3 200 -1.50 2.77 11.01 11.37 55.03 0.013 0.000 0.8564
conv3 201 -1.04 -2.00 8.82 10.44 150.35 0.022 0.000 0.8981
conv3 202 0.88 -11.39 10.47 12.41 175.52 0.014 0.000 0.8476
conv3 203 -0.18 -0.97 20.19 18.01 76.18 0.011 -0.001 0.7011
conv3 204 -4.46 -2.97 9.56 10.06 106.20 0.020 0.000 0.8999
conv3 205 0.48 -4.20 11.55 12.76 175.39 0.017 0.000 0.8658
conv3 206 0.29 -0.27 12.52 13.07 150.99 0.016 0.000 0.8768
conv3 207 -1.27 -3.18 9.96 9.34 148.93 0.022 0.000 0.9087
conv3 208 -2.05 2.14 11.34 12.60 52.85 0.017 -0.000 0.8686
conv3 209 -0.86 -1.97 13.91 15.62 38.58 0.008 0.000 0.8128
conv3 210 4.46 -3.14 10.51 11.23 135.42 0.021 0.000 0.8584
conv3 211 -2.20 -4.09 19.14 15.89 71.41 0.013 -0.000 0.8431
conv3 212 -7.65 1.23 11.18 5.69 70.14 0.023 0.000 0.8327
conv3 213 -1.33 2.25 13.73 12.83 152.55 0.017 0.000 0.8610
conv3 214 -0.32 0.30 8.58 10.02 73.50 0.025 0.000 0.9207
conv3 215 -12.23 3.22 12.42 8.76 106.04 0.015 0.001 0.7106
conv3 216 -2.71 -7.56 9.54 13.78 165.94 0.014 0.000 0.8674
conv3 217 0.55 2.43 10.39 11.21 21.43 0.020 0.000 0.8864
conv3 218 -0.46 3.05 10.73 11.71 168.55 0.021 0.000 0.9017
conv3 219 -1.07 5.41 13.80 21.58 5.12 0.007 -0.000 0.6266
conv3 220 2.69 -5.71 19.38 14.95 37.91 0.011 -0.000 0.8104
conv3 221 -3.23 -2.84 10.96 10.26 106.19 0.021 0.000 0.8619
conv3 222 -10.18 -4.60 10.49 11.32 160.37 0.022 0.000 0.8667
conv3 223 -1.41 3.72 18.78 16.71 47.58 0.012 -0.000 0.8386
conv3 224 0.13 -4.42 19.76 20.96 149.35 0.008 -0.000 0.7045
conv3 225 1.19 1.89 9.91 11.50 39.08 0.022 0.000 0.8960
conv3 226 -3.24 -1.48 13.72 19.92 11.15 0.011 -0.000 0.8056
conv3 227 -5.53 0.98 15.08 8.04 94.83 0.019 0.000 0.8546
conv3 228 -4.50 3.95 7.14 11.11 113.04 0.025 0.000 0.8698
conv3 229 -3.40 -1.61 12.47 12.04 111.62 0.018 0.000 0.8650
conv3 230 -2.37 -14.01 7.99 10.46 7.27 0.015 0.001 0.7236
conv3 231 2.46 -2.63 8.71 11.98 37.92 0.017 0.000 0.8516
conv3 232 -1.71 -1.02 11.88 11.31 94.06 0.021 0.000 0.8959
conv3 233 -1.27 -2.24 13.47 14.55 138.46 0.018 0.000 0.8825
conv3 234 -4.30 -5.85 8.83 10.72 172.46 0.024 0.000 0.8674
conv3 235 -0.07 -6.94 10.50 12.96 7.74 0.016 0.000 0.8194
conv3 236 -2.19 1.48 12.82 11.58 38.59 0.016 0.000 0.8780
conv3 237 -0.54 -0.99 14.02 14.91 5.97 0.015 -0.000 0.8572
conv3 238 0.86 0.89 14.49 9.76 147.16 0.019 0.000 0.8855
conv3 239 1.62 -0.51 8.97 9.37 48.77 0.023 0.000 0.8938
conv3 240 -4.32 1.78 9.58 10.31 56.40 0.025 0.000 0.8939
conv3 241 -0.94 -4.78 14.73 13.13 133.99 0.013 -0.000 0.8478
conv3 242 -1.04 1.61 9.01 10.26 10.07 0.025 0.000 0.8984
conv3 243 -6.88 -8.29 11.49 14.02 166.31 0.016 0.000 0.8078
conv3 244 -3.97 -2.94 9.63 7.57 31.09 0.026 0.000 0.9062
conv3 245 -3.24 -2.90 11.61 9.74 112.93 0.018 0.000 0.9043
conv3 246 0.73 1.18 16.10 13.81 84.51 0.015 -0.000 0.8581
conv3 247 0.56 -2.59 19.36 17.41 32.05 0.012 -0.000 0.8282
conv3 248 -2.82 -6.01 8.89 12.16 177.80 0.018 0.000 0.8729
conv3 249 -0.33 -6.98 10.05 12.41 177.43 0.016 0.000 0.8715
conv3 250 -2.69 -4.22 8.47 9.69 151.05 0.026 0.000 0.9082
conv3 251 -0.36 5.67 10.35 13.08 3.71 0.017 0.000 0.8826
conv3 252 0.52 0.13 11.07 12.18 27.48 0.017 -0.000 0.8850
conv3 253 -1.06 -7.01 13.49 10.50 49.67 0.017 0.000 0.8895
conv3 254 -3.98 -3.15 14.36 12.60 158.13 0.018 -0.000 0.8896
conv3 255 0.27 -2.84 11.73 10.49 84.76 0.021 0.000 0.8924
conv3 256 0.89 0.63 13.47 15.62 16.54 0.012 -0.000 0.8640
conv3 257 0.47 4.91 14.07 14.88 153.43 0.014 0.000 0.8619
conv3 258 0.96 -0.97 16.95 15.32 0.36 0.014 -0.000 0.8807
conv3 259 -0.84 -4.75 13.11 14.86 40.05 0.017 0.000 0.8669
conv3 260 -5.00 -5.16 12.73 10.65 103.67 0.018 0.000 0.8445
conv3 261 -0.22 -4.71 11.36 13.65 159.85 0.018 0.000 0.8513
conv3 262 -1.35 2.27 11.69 11.42 89.14 0.019 0.000 0.8700
conv3 263 -1.30 -5.30 8.41 9.51 6.27 0.027 0.000 0.9007
conv3 264 -0.81 -3.17 19.78 18.11 72.56 0.010 -0.000 0.8473
conv3 265 -1.62 -4.48 7.39 13.20 4.78 0.018 0.000 0.8621
conv3 266 -2.93 2.78 14.55 11.76 10.81 0.014 0.000 0.8528
conv3 267 1.20 -3.90 10.51 9.45 87.94 0.022 0.000 0.8933
conv3 268 0.61 -2.72 12.26 11.36 125.59 0.017 0.000 0.8773
conv3 269 -1.89 -2.31 13.26 14.68 152.10 0.015 0.000 0.8836
conv3 270 2.47 -1.82 7.84 11.08 176.83 0.021 0.000 0.8609
conv3 271 1.45 -5.12 10.70 13.59 24.33 0.017 0.000 0.8556
conv3 272 -1.83 1.24 9.65 12.52 16.26 0.018 0.000 0.8919
conv3 273 -1.09 0.07 13.81 11.59 45.51 0.017 -0.000 0.8270
conv3 274 1.61 -1.01 14.46 16.01 174.30 0.011 -0.000 0.8734
conv3 275 2.75 2.60 18.96 15.36 15.82 0.011 -0.000 0.7587
conv3 276 0.56 5.54 9.56 11.83 169.92 0.020 0.000 0.8856
conv3 277 2.27 -0.25 12.44 9.29 29.38 0.020 0.000 0.8859
conv3 278 1.71 2.67 11.25 12.01 148.76 0.019 0.000 0.8674
conv3 279 -0.70 1.34 10.03 10.89 5.03 0.021 0.000 0.9099
conv3 280 1.73 -0.35 10.84 12.01 149.85 0.017 0.000 0.9004
conv3 281 -2.07 -1.89 10.65 11.38 72.05 0.023 0.000 0.8915
conv3 282 0.74 -0.50 10.57 11.46 133.09 0.017 0.000 0.8721
conv3 283 -0.56 -1.28 13.00 9.14 13.28 0.020 0.000 0.8942
conv3 284 1.48 1.23 12.72 14.23 17.71 0.014 0.000 0.8756
conv3 285 -1.16 -3.67 16.01 14.56 168.36 0.015 -0.000 0.8283
conv3 286 -0.08 3.09 14.13 12.10 79.72 0.014 0.000 0.8591
conv3 287 -0.68 -2.80 11.30 13.17 156.36 0.016 0.000 0.8608
conv3 288 0.42 -3.20 8.72 10.25 3.77 0.019 0.000 0.8904
conv3 289 0.94 -9.34 8.01 11.71 171.03 0.020 0.000 0.8782
conv3 290 -5.99 2.09 10.32 13.72 132.04 0.019 0.000 0.8495
conv3 291 -6.88 2.35 13.33 9.33 64.25 0.017 0.000 0.8614
conv3 292 1.79 2.88 16.17 10.86 128.02 0.017 0.000 0.8604
conv3 293 1.95 -8.11 16.66 18.47 100.59 0.010 -0.000 0.7528
conv3 294 -6.97 1.02 10.53 8.42 66.09 0.019 0.000 0.8803
conv3 295 -0.27 1.58 13.76 11.55 3.62 0.016 0.000 0.8815
conv3 296 -0.11 -1.06 17.50 19.27 31.74 0.012 -0.000 0.8481
conv3 297 -1.14 -0.44 9.79 11.14 140.81 0.022 0.000 0.8891
conv3 298 2.16 -3.01 10.56 11.95 18.64 0.014 0.000 0.8754
conv3 299 -0.77 -4.79 14.37 11.79 143.95 0.019 0.000 0.8794
conv3 300 8.18 -4.80 14.86 10.49 87.73 0.016 0.000 0.7750
conv3 301 -0.60 -1.57 14.87 13.74 112.86 0.016 0.000 0.8999
conv3 302 1.22 -1.98 11.64 14.02 174.22 0.018 -0.000 0.8846
conv3 303 0.60 -1.49 12.24 15.94 145.09 0.017 -0.000 0.8736
conv3 304 2.31 -4.35 13.00 9.09 142.40 0.020 0.000 0.8875
conv3 305 -1.51 1.29 11.79 10.28 102.23 0.021 0.000 0.8763
conv3 306 2.57 -3.40 10.09 11.29 17.31 0.022 0.000 0.8988
conv3 307 -1.46 -1.83 10.83 11.26 23.20 0.025 0.000 0.8913
conv3 308 -0.20 2.47 12.36 13.26 80.56 0.018 -0.000 0.9014
conv3 309 -2.03 2.76 8.28 11.95 1.41 0.021 0.000 0.8705
conv3 310 -1.53 -6.58 7.96 12.74 3.55 0.019 0.000 0.8965
conv3 311 -1.23 -2.79 15.29 9.66 135.97 0.017 0.000 0.8343
conv3 312 -0.73 3.34 10.84 12.88 168.74 0.019 0.000 0.8864
conv3 313 -2.09 6.84 11.28 12.50 167.93 0.016 0.000 0.8572
conv3 314 -1.23 -0.22 15.26 13.87 96.60 0.014 0.000 0.8686
conv3 315 3.17 -0.96 9.82 12.07 167.33 0.017 0.000 0.8911
conv3 316 2.34 -10.11 12.77 7.73 161.42 0.016 0.000 0.8484
conv3 317 5.59 3.36 8.07 9.82 18.82 0.021 0.000 0.8601
conv3 318 -1.33 1.32 10.29 10.31 13.77 0.025 0.000 0.8541
conv3 319 1.17 -2.96 7.07 12.12 169.75 0.020 0.000 0.9074
conv3 320 1.64 -2.98 9.87 9.97 15.61 0.021 0.000 0.8764
conv3 321 2.41 -4.58 8.32 11.08 4.06 0.021 0.000 0.8703
conv3 322 -1.77 -2.19 15.83 13.57 129.73 0.017 -0.000 0.8682
conv3 323 3.07 -3.66 12.69 13.55 33.31 0.013 0.000 0.8596
conv3 324 -0.12 0.20 7.20 13.13 3.36 0.020 0.000 0.8643
conv3 325 -2.76 -2.68 8.95 9.94 157.65 0.023 0.000 0.8877
conv3 326 1.35 0.30 14.93 19.10 169.18 0.009 -0.000 0.8375
conv3 327 4.27 -3.93 17.16 19.81 142.77 0.011 -0.000 0.8019
conv3 328 -0.73 -0.06 11.81 11.28 79.28 0.023 0.000 0.8863
conv3 329 -0.81 0.25 12.64 13.40 37.32 0.019 0.000 0.8806
conv3 330 -3.18 -1.52 8.73 12.44 1.11 0.018 0.000 0.8390
conv3 331 -1.55 -1.35 12.98 10.49 78.22 0.020 0.000 0.8830
conv3 332 -1.23 -1.29 14.84 11.67 137.39 0.014 0.000 0.7953
conv3 333 5.01 -2.53 13.31 16.82 9.58 0.013 -0.000 0.8666
conv3 334 -0.76 -1.32 15.15 17.98 171.05 0.011 -0.000 0.8356
conv3 335 2.62 -1.79 11.04 12.12 159.55 0.017 0.000 0.9102
conv3 336 2.61 -0.60 18.45 15.81 48.53 0.012 -0.000 0.8512
conv3 337 -5.62 -8.03 10.25 9.53 45.19 0.019 0.000 0.8792
conv3 338 0.47 -1.38 11.17 14.89 4.44 0.016 -0.000 0.8838
conv3 339 9.27 -2.38 8.22 6.55 89.18 0.026 0.000 0.8996
conv3 340 -0.31 -0.44 17.37 14.47 102.81 0.013 -0.000 0.8863
conv3 341 -0.14 -1.33 14.02 15.98 161.74 0.013 -0.000 0.8744
conv3 342 -3.71 -4.47 9.03 10.39 19.29 0.023 0.000 0.8979
conv3 343 -2.97 15.95 16.81 10.68 161.68 0.014 0.000 0.7563
conv3 344 0.65 -6.47 13.64 12.31 146.88 0.015 0.000 0.8619
conv3 345 -1.55 -1.21 13.16 11.89 86.52 0.017 -0.000 0.8843
conv3 346 2.63 -2.45 13.00 11.46 102.49 0.017 0.000 0.8830
conv3 347 -5.03 1.50 12.07 10.63 97.77 0.022 0.000 0.8601
conv3 348 5.14 -5.41 10.21 11.80 46.44 0.020 0.000 0.8906
conv3 349 13.93 -2.48 11.73 12.07 75.48 0.015 0.000 0.8473
conv3 350 -0.55 -0.82 12.69 16.02 172.59 0.017 -0.000 0.8809
conv3 351 -0.55 1.01 11.29 12.20 3.85 0.017 0.000 0.9046
conv3 352 -0.78 1.49 10.25 10.90 19.88 0.019 0.000 0.9013
conv3 353 -1.23 -0.63 13.71 15.84 143.44 0.016 0.000 0.8892
conv3 354 1.66 -5.25 8.97 9.85 155.26 0.023 0.000 0.8465
conv3 355 -1.66 1.80 14.58 15.35 59.59 0.014 0.000 0.8515
conv3 356 2.10 -2.78 8.84 10.88 15.12 0.023 0.000 0.8779
conv3 357 0.47 3.98 8.40 11.20 5.18 0.019 0.000 0.8704
conv3 358 1.48 -1.02 13.85 14.86 163.51 0.016 0.000 0.8963
conv3 359 0.50 -0.52 11.97 13.29 5.66 0.016 0.000 0.8722
conv3 360 -1.15 1.45 16.72 16.55 108.61 0.013 -0.000 0.8643
conv3 361 3.61 -3.18 11.47 10.06 74.89 0.021 0.000 0.8921
conv3 362 -0.38 4.72 7.61 12.21 178.00 0.021 0.000 0.8979
conv3 363 0.20 -7.64 10.70 12.28 30.92 0.019 0.000 0.9028
conv3 364 3.43 -0.86 9.80 10.17 65.92 0.022 0.000 0.9143
conv3 365 -2.83 1.68 16.03 15.32 109.40 0.012 -0.000 0.8182
conv3 366 0.94 6.47 12.40 7.00 35.69 0.020 0.000 0.8566
conv3 367 -3.34 -1.62 9.40 9.89 137.09 0.021 0.000 0.9076
conv3 368 1.27 -1.03 11.12 11.81 17.40 0.019 0.000 0.8953
conv3 369 2.74 1.00 17.76 19.55 38.12 0.012 -0.000 0.8471
conv3 370 -5.21 0.98 10.18 12.18 161.33 0.019 0.000 0.8701
conv3 371 1.67 -1.88 14.79 12.04 130.61 0.012 -0.000 0.8036
conv3 372 -2.32 3.57 9.91 11.67 179.96 0.022 0.000 0.8703
conv3 373 -2.55 -8.93 9.56 11.55 175.74 0.019 0.000 0.8880
conv3 374 1.00 3.66 11.52 12.30 165.51 0.016 0.000 0.8515
conv3 375 -9.08 6.50 8.07 10.12 12.43 0.019 0.000 0.8607
conv3 376 -2.84 -3.86 12.63 12.17 101.59 0.015 0.000 0.8738
conv3 377 -0.11 -3.57 13.35 10.84 139.17 0.016 0.000 0.8538
conv3 378 0.74 -2.11 11.15 9.60 17.43 0.017 0.000 0.8797
conv3 379 0.28 -1.06 19.25 16.09 76.27 0.011 -0.000 0.7054
conv3 380 -3.64 -13.10 8.16 15.64 178.31 0.020 0.000 0.8581
conv3 381 1.45 -2.68 13.88 16.24 176.22 0.013 -0.000 0.8633
conv3 382 0.68 4.27 15.47 13.26 152.67 0.015 0.000 0.8722
conv3 383 -0.45 -14.97 9.73 11.01 156.55 0.021 0.000 0.8789
conv4 0 0.42 3.63 16.07 14.69 123.59 0.024 -0.000 0.8987
conv4 1 1.59 5.36 16.69 15.90 95.07 0.016 0.000 0.8563
conv4 2 -2.62 1.65 12.55 13.51 161.19 0.028 -0.000 0.9104
conv4 3 -0.74 0.61 14.09 13.81 83.67 0.028 -0.000 0.9084
conv4 4 -1.66 -3.94 11.94 12.83 174.84 0.028 0.000 0.8921
conv4 5 -0.67 -3.59 13.05 14.90 177.10 0.020 0.000 0.8779
conv4 6 -0.76 2.04 11.79 12.42 149.54 0.020 0.000 0.8902
conv4 7 1.63 -1.44 16.46 15.07 25.35 0.023 -0.000 0.8976
conv4 8 0.59 3.03 12.98 13.84 164.70 0.027 0.000 0.9075
conv4 9 -2.93 -0.41 15.01 14.49 52.78 0.025 -0.000 0.9017
conv4 10 1.70 -11.90 11.96 16.60 170.45 0.018 0.000 0.8615
conv4 11 0.16 1.67 12.02 13.98 3.39 0.020 0.000 0.8622
conv4 12 0.83 -2.58 13.55 14.84 7.26 0.026 0.000 0.8894
conv4 13 -0.43 -1.01 13.32 12.14 175.07 0.027 0.000 0.9058
conv4 14 1.01 -0.81 15.90 14.52 21.17 0.023 -0.000 0.8959
conv4 15 1.45 -2.09 12.62 16.20 175.35 0.023 0.000 0.8886
conv4 16 -0.58 -4.11 11.56 15.10 165.98 0.025 0.000 0.8838
conv4 17 -2.86 -4.99 17.12 18.60 149.85 0.016 -0.000 0.8422
conv4 18 0.57 -3.90 13.48 13.60 145.61 0.026 0.000 0.8972
conv4 19 -3.27 -3.08 12.16 14.22 16.46 0.026 0.000 0.9050
conv4 20 -0.70 0.84 11.56 16.38 165.28 0.023 0.000 0.8672
conv4 21 1.23 3.64 10.89 14.30 0.36 0.028 0.000 0.9053
conv4 22 -0.64 -0.69 13.47 12.54 20.90 0.027 0.000 0.9178
conv4 23 1.27 -0.67 12.30 14.29 2.23 0.026 0.000 0.8976
conv4 24 -0.87 2.04 13.62 15.33 165.22 0.021 0.000 0.8939
conv4 25 0.75 -0.56 14.12 16.17 6.41 0.023 -0.000 0.9004
conv4 26 1.51 0.93 12.71 13.75 166.73 0.021 0.000 0.8760
conv4 27 0.81 -3.32 16.41 15.71 171.45 0.019 -0.000 0.8412
conv4 28 -1.23 -8.28 12.71 16.28 176.31 0.023 0.000 0.8822
conv4 29 1.61 -4.48 12.29 14.81 0.72 0.027 0.000 0.9100
conv4 30 2.64 -7.12 14.68 13.94 91.41 0.023 0.000 0.9032
conv4 31 0.30 -4.83 11.23 13.87 2.58 0.025 0.000 0.8907
conv4 32 2.44 0.66 14.04 15.72 104.63 0.021 0.000 0.8838
conv4 33 -0.32 -4.65 13.93 15.03 71.03 0.023 -0.000 0.8858
conv4 34 0.76 -1.63 14.97 13.20 64.02 0.021 0.000 0.8907
conv4 35 10.98 4.14 13.72 12.16 131.37 0.024 0.000 0.8593
conv4 36 -2.43 -0.58 13.80 14.80 49.01 0.024 0.000 0.9069
conv4 37 -0.92 3.03 14.61 13.48 130.69 0.025 0.000 0.9028
conv4 38 1.79 -0.82 12.32 11.58 78.05 0.023 0.000 0.8972
conv4 39 0.99 -5.19 13.77 14.61 7.35 0.025 -0.000 0.9041
conv4 40 0.44 1.59 16.20 14.57 152.48 0.023 -0.000 0.8943
conv4 41 -0.86 2.31 12.07 12.63 157.35 0.028 0.000 0.8972
conv4 42 -0.63 -0.09 13.14 13.60 148.61 0.027 0.000 0.9047
conv4 43 2.77 3.46 11.26 12.75 168.32 0.031 0.000 0.9074
conv4 44 1.89 -1.53 14.84 16.85 177.68 0.018 -0.000 0.8732
conv4 45 -2.69 2.02 12.69 14.86 0.89 0.025 0.000 0.9044
conv4 46 2.15 1.18 11.59 11.93 159.96 0.031 0.000 0.9115
conv4 47 0.30 2.17 13.06 13.51 170.48 0.029 -0.000 0.8779
conv4 48 1.56 -2.65 15.45 13.94 87.75 0.025 -0.000 0.8992
conv4 49 -4.29 4.01 15.27 14.01 138.35 0.015 0.000 0.8278
conv4 50 1.81 3.96 15.09 14.27 85.03 0.025 0.000 0.8814
conv4 51 -0.21 -1.66 11.91 13.26 174.58 0.029 0.000 0.8902
conv4 52 3.03 -0.42 15.16 14.46 114.68 0.025 -0.000 0.8934
conv4 53 -2.05 -0.18 15.18 14.75 81.63 0.021 0.000 0.8783
conv4 54 -0.40 -1.14 12.48 13.78 126.88 0.026 0.000 0.8862
conv4 55 -5.15 -3.47 13.19 17.59 176.00 0.019 0.000 0.8636
conv4 56 1.97 -2.68 11.15 12.01 15.93 0.025 0.000 0.9021
conv4 57 1.16 1.37 17.55 18.79 165.96 0.019 -0.000 0.8113
conv4 58 0.73 -3.34 15.15 13.81 22.12 0.025 0.000 0.8822
conv4 59 1.13 -0.29 13.62 12.89 104.67 0.022 0.000 0.8883
conv4 60 -6.98 -0.45 13.59 13.22 73.58 0.027 0.000 0.9028
conv4 61 -0.65 -2.14 14.90 13.70 172.50 0.025 -0.000 0.8935
conv4 62 -0.39 -2.94 15.24 16.15 15.96 0.021 0.000 0.9027
conv4 63 0.45 -3.07 13.29 14.75 165.74 0.023 0.000 0.9158
conv4 64 5.75 4.53 13.50 12.78 162.77 0.027 0.000 0.8977
conv4 65 -1.00 -1.93 13.27 13.98 18.83 0.026 0.000 0.9045
conv4 66 -0.09 -4.91 16.44 14.57 96.38 0.025 -0.000 0.9006
conv4 67 1.14 -4.83 12.40 14.42 174.88 0.027 0.000 0.9116
conv4 68 6.94 -3.67 15.27 12.54 136.94 0.018 0.000 0.8635
conv4 69 -9.23 -0.88 13.86 14.97 59.84 0.024 0.000 0.8903
conv4 70 -2.39 -1.37 14.72 13.30 95.57 0.024 0.000 0.8883
conv4 71 4.92 3.14 17.20 14.35 113.63 0.020 0.000 0.8767
conv4 72 0.45 0.35 12.35 11.13 129.64 0.024 0.000 0.8921
conv4 73 2.29 4.93 12.40 12.55 29.37 0.027 0.000 0.9086
conv4 74 -1.61 -2.77 14.50 18.14 178.60 0.018 0.000 0.8760
conv4 75 0.42 0.55 13.91 12.98 79.41 0.025 0.000 0.8983
conv4 76 -1.75 -6.17 11.59 14.07 167.38 0.020 0.000 0.8573
conv4 77 0.47 -2.88 12.65 13.67 174.84 0.028 0.000 0.8808
conv4 78 0.38 -2.01 12.27 13.97 19.21 0.024 0.000 0.9025
conv4 79 0.85 -0.52 15.71 17.33 6.65 0.020 0.000 0.8650
conv4 80 1.25 0.95 13.73 12.81 83.22 0.027 -0.000 0.9023
conv4 81 1.31 -3.71 12.37 15.10 179.04 0.019 0.000 0.8717
conv4 82 4.87 -5.95 19.94 22.87 158.43 0.011 -0.000 0.7700
conv4 83 -0.23 -4.26 13.77 14.41 90.44 0.026 -0.000 0.8865
conv4 84 6.72 -2.99 13.61 12.94 0.25 0.025 0.000 0.8868
conv4 85 1.41 1.82 12.00 15.60 2.74 0.024 0.000 0.8991
conv4 86 0.25 -2.21 15.97 14.74 93.98 0.018 0.000 0.8918
conv4 87 -5.06 -4.68 14.42 12.79 101.96 0.020 0.000 0.8786
conv4 88 -0.23 -1.58 11.59 13.02 151.60 0.022 0.000 0.9136
conv4 89 -4.90 -2.77 11.35 12.26 137.99 0.022 0.000 0.8856
conv4 90 0.96 2.84 15.97 14.40 143.98 0.022 -0.000 0.8931
conv4 91 -6.33 -1.19 11.87 12.70 77.39 0.030 0.000 0.9156
conv4 92 5.00 -4.17 13.59 13.91 5.72 0.019 0.000 0.8866
conv4 93 -1.02 -3.86 16.74 14.23 108.38 0.021 0.000 0.8703
conv4 94 4.05 -3.41 14.23 14.78 126.75 0.024 -0.000 0.8927
conv4 95 -1.20 -1.16 14.30 14.96 165.38 0.016 0.000 0.8401
conv4 96 1.59 -3.51 13.56 15.79 0.80 0.019 0.000 0.8889
conv4 97 0.66 -4.20 13.13 13.55 139.86 0.028 0.000 0.8960
conv4 98 -5.56 -2.64 11.68 13.62 135.92 0.021 0.000 0.8645
conv4 99 2.61 -1.71 12.32 13.86 176.71 0.027 0.000 0.8980
conv4 100 -0.56 -3.80 11.92 13.31 6.34 0.026 0.000 0.8827
conv4 101 0.39 -2.44 13.39 15.95 176.76 0.021 0.000 0.8733
conv4 102 0.16 0.91 11.68 15.24 174.81 0.024 0.000 0.8699
conv4 103 0.66 -4.39 12.70 16.21 170.61 0.025 0.000 0.8889
conv4 104 0.96 1.55 11.73 14.64 174.13 0.024 0.000 0.8916
conv4 105 -1.79 6.62 13.96 15.53 10.07 0.020 0.000 0.8755
conv4 106 0.57 0.79 16.74 14.44 91.91 0.023 -0.000 0.9012
conv4 107 1.63 1.13 12.09 15.52 10.10 0.025 0.000 0.8943
conv4 108 0.75 0.18 13.59 14.38 4.23 0.025 0.000 0.9135
conv4 109 3.71 2.34 12.92 14.42 9.46 0.020 0.000 0.8946
conv4 110 1.40 -2.32 12.28 15.65 178.09 0.027 0.000 0.9136
conv4 111 -3.83 -4.49 10.17 11.71 143.73 0.024 0.000 0.8720
conv4 112 -1.73 -2.91 14.12 15.83 3.24 0.022 0.000 0.8904
conv4 113 -2.69 0.35 12.55 15.78 13.33 0.020 0.000 0.8911
conv4 114 3.73 -2.54 12.57 14.65 7.58 0.026 0.000 0.9042
conv4 115 -1.47 3.52 10.72 13.09 22.97 0.019 0.000 0.8652
conv4 116 -1.03 4.72 15.01 17.69 160.35 0.011 -0.000 0.8013
conv4 117 -1.90 -4.59 15.73 14.26 80.65 0.025 -0.000 0.8938
conv4 118 0.93 -2.89 11.09 14.17 173.60 0.024 0.000 0.8854
conv4 119 -0.36 -1.78 17.25 17.92 84.91 0.021 -0.000 0.8322
conv4 120 1.94 1.04 19.70 19.05 66.76 0.012 -0.000 0.8236
conv4 121 0.85 -3.24 13.40 12.95 104.71 0.024 0.000 0.9082
conv4 122 -1.13 -1.84 17.14 16.39 118.96 0.021 -0.000 0.8825
conv4 123 0.38 3.55 13.76 16.46 6.88 0.019 0.000 0.8836
conv4 124 2.25 0.40 14.34 16.19 155.59 0.022 0.000 0.9004
conv4 125 2.26 -1.79 14.03 15.77 161.59 0.021 0.000 0.8933
conv4 126 -4.07 -6.07 10.36 11.21 151.63 0.022 0.000 0.8587
conv4 127 1.83 -2.10 11.26 14.41 177.76 0.025 0.000 0.8767
conv4 128 1.03 -0.75 13.35 15.14 163.25 0.022 0.000 0.8887
conv4 129 0.52 -0.94 16.88 15.68 126.82 0.019 0.000 0.8999
conv4 130 5.07 -4.88 12.11 14.05 5.24 0.023 0.000 0.9001
conv4 131 2.15 -0.30 22.65 19.44 81.49 0.014 -0.000 0.8060
conv4 132 -1.82 0.92 16.44 15.97 53.07 0.023 -0.000 0.8943
conv4 133 -1.32 0.01 11.61 13.82 175.07 0.028 0.000 0.9196
conv4 134 -2.27 -5.34 11.68 13.51 166.74 0.023 0.000 0.8869
conv4 135 -1.00 -1.07 14.70 15.10 37.26 0.021 0.000 0.8861
conv4 136 1.41 -1.77 14.66 17.71 0.19 0.024 -0.000 0.8924
conv4 137 1.29 -0.46 15.39 13.04 83.25 0.028 -0.000 0.8941
conv4 138 -0.49 6.72 11.56 13.62 13.84 0.027 0.000 0.8936
conv4 139 0.21 5.48 15.08 15.77 76.38 0.024 -0.000 0.8835
conv4 140 2.20 3.72 13.19 18.02 3.79 0.015 0.000 0.8034
conv4 141 0.88 -1.39 14.06 14.75 127.14 0.022 0.000 0.8967
conv4 142 0.99 -0.17 16.54 18.18 15.16 0.016 0.000 0.8326
conv4 143 2.84 -0.30 15.25 16.99 178.24 0.017 -0.000 0.8802
conv4 144 0.35 0.35 13.24 12.90 102.33 0.027 0.000 0.8979
conv4 145 -2.48 3.42 11.98 12.61 178.47 0.028 0.000 0.8891
conv4 146 2.84 -0.26 15.66 13.29 75.33 0.025 0.000 0.8924
conv4 147 -0.87 0.25 15.92 16.47 121.90 0.020 -0.000 0.8832
conv4 148 0.97 3.03 15.67 16.16 15.51 0.018 -0.000 0.8691
conv4 149 -0.02 4.07 12.68 14.37 179.46 0.024 0.000 0.8847
conv4 150 0.39 0.62 14.93 16.36 123.00 0.022 -0.000 0.8998
conv4 151 -1.39 0.78 13.41 16.89 2.07 0.020 0.000 0.8805
conv4 152 2.13 -2.09 11.58 15.21 7.92 0.024 -0.000 0.8521
conv4 153 1.29 -1.35 13.15 13.35 70.45 0.029 0.000 0.8975
conv4 154 -2.62 2.87 13.65 17.86 168.47 0.023 -0.000 0.8980
conv4 155 -1.63 -2.08 17.12 17.34 122.81 0.021 -0.000 0.8100
conv4 156 -2.08 -0.47 13.90 15.56 91.55 0.025 -0.000 0.8870
conv4 157 2.27 0.34 10.66 12.44 131.10 0.021 0.000 0.8910
conv4 158 -0.63 8.29 16.33 14.43 90.04 0.024 -0.000 0.8899
conv4 159 -4.35 -0.63 16.30 13.32 83.18 0.024 0.000 0.8875
conv4 160 0.09 -0.10 18.15 14.32 70.66 0.023 -0.000 0.8658
conv4 161 0.40 0.07 12.77 14.40 14.29 0.024 0.000 0.8998
conv4 162 -0.17 0.64 14.30 17.88 3.31 0.020 0.000 0.8949
conv4 163 -1.63 -4.10 26.56 23.20 101.59 0.010 -0.000 0.7549
conv4 164 1.39 -2.71 15.49 14.11 159.42 0.019 -0.000 0.8264
conv4 165 -0.91 -4.70 10.66 12.86 177.54 0.027 0.000 0.8967
conv4 166 3.85 -5.49 12.18 13.28 157.79 0.025 0.000 0.9148
conv4 167 0.57 -3.46 9.65 13.78 4.25 0.028 0.000 0.8749
conv4 168 1.70 -4.89 11.57 12.78 168.10 0.029 0.000 0.9074
conv4 169 -2.83 1.75 12.82 14.20 23.29 0.025 0.000 0.8812
conv4 170 -0.12 5.65 16.09 18.43 176.82 0.021 -0.000 0.8572
conv4 171 -1.49 3.89 12.49 14.95 137.13 0.019 0.000 0.8519
conv4 172 0.55 -5.81 18.43 15.32 84.72 0.023 -0.000 0.8859
conv4 173 0.84 -9.74 12.23 14.49 179.10 0.022 0.000 0.8761
conv4 174 -1.47 -6.07 13.93 13.08 85.14 0.021 0.000 0.8372
conv4 175 4.46 -0.91 13.07 14.65 136.55 0.021 0.000 0.9020
conv4 176 0.02 0.27 14.46 16.46 89.56 0.025 -0.000 0.8789
conv4 177 3.39 0.44 11.87 13.39 10.47 0.026 0.000 0.9136
conv4 178 -0.42 -0.69 11.93 11.34 51.51 0.031 -0.000 0.9226
conv4 179 1.36 -1.13 16.93 16.13 12.02 0.018 -0.000 0.8750
conv4 180 0.84 4.69 11.71 12.29 166.57 0.028 0.000 0.8937
conv4 181 0.71 -5.02 15.27 16.73 136.18 0.017 0.000 0.8894
conv4 182 -0.49 -1.30 12.52 14.23 45.12 0.029 0.000 0.9068
conv4 183 1.34 5.53 13.73 16.80 176.67 0.023 0.000 0.8901
conv4 184 -1.17 -4.73 12.22 12.17 84.31 0.024 0.000 0.8821
conv4 185 -0.66 6.26 14.62 14.49 115.49 0.023 0.000 0.8853
conv4 186 15.21 -2.52 10.87 12.77 59.08 0.022 0.000 0.8531
conv4 187 -1.50 -0.14 17.54 13.82 96.29 0.021 -0.000 0.8977
conv4 188 0.17 -3.49 14.50 16.15 5.49 0.023 -0.000 0.8963
conv4 189 -0.34 0.14 10.68 15.53 3.48 0.023 0.000 0.8699
conv4 190 3.03 2.15 13.23 13.86 40.10 0.026 0.000 0.8885
conv4 191 -0.28 -3.78 11.18 12.62 173.99 0.030 0.000 0.9181
conv4 192 1.03 2.81 12.41 13.06 163.43 0.026 0.000 0.9035
conv4 193 1.15 -1.67 11.22 14.24 173.91 0.029 0.000 0.8837
conv4 194 -1.60 -4.75 15.02 15.41 26.29 0.024 -0.000 0.9021
conv4 195 -1.09 -2.98 13.85 17.28 173.15 0.019 0.000 0.8811
conv4 196 -1.37 -0.77 13.60 14.76 167.80 0.023 0.000 0.8979
conv4 197 2.22 0.03 15.56 13.48 41.79 0.022 0.000 0.8882
conv4 198 1.28 -4.40 9.83 14.31 6.36 0.026 0.000 0.8511
conv4 199 -0.54 -5.79 12.95 13.22 8.15 0.026 0.000 0.8789
conv4 200 -2.86 -1.31 12.81 15.13 172.49 0.021 0.000 0.8579
conv4 201 1.67 -2.59 15.14 14.85 132.45 0.024 -0.000 0.9084
conv4 202 -3.39 0.37 17.23 14.33 120.17 0.022 0.000 0.8804
conv4 203 2.83 3.28 13.71 17.46 27.45 0.016 -0.000 0.8553
conv4 204 -2.68 2.31 11.99 13.85 14.94 0.021 0.000 0.8858
conv4 205 0.93 -0.06 16.50 14.38 21.48 0.025 -0.000 0.8906
conv4 206 -1.71 -0.40 13.67 15.82 0.11 0.024 0.000 0.8952
conv4 207 0.43 -1.40 14.69 16.95 2.77 0.020 0.000 0.8842
conv4 208 0.13 -7.00 9.90 14.67 0.41 0.023 0.000 0.8526
conv4 209 1.66 -2.36 13.82 13.02 141.69 0.020 0.000 0.8973
conv4 210 -3.20 -4.14 15.01 14.40 98.75 0.023 0.000 0.8901
conv4 211 4.10 2.10 12.35 17.03 165.20 0.025 0.000 0.9007
conv4 212 1.58 -1.82 14.55 15.65 41.15 0.022 -0.000 0.8910
conv4 213 -0.31 0.29 16.29 13.50 86.41 0.026 -0.000 0.8867
conv4 214 0.09 0.81 15.02 13.93 96.14 0.024 -0.000 0.9017
conv4 215 3.95 -3.27 17.27 14.95 71.02 0.022 -0.000 0.8806
conv4 216 0.77 -1.14 13.78 15.74 148.25 0.019 0.000 0.8821
conv4 217 1.66 -2.35 11.08 12.03 145.82 0.029 0.000 0.9121
conv4 218 0.17 1.11 14.83 13.54 82.66 0.028 -0.000 0.9066
conv4 219 1.92 -0.06 11.95 13.71 3.48 0.024 0.000 0.9084
conv4 220 3.11 -2.92 11.82 13.13 130.22 0.023 0.000 0.8928
conv4 221 2.20 6.73 21.64 16.48 7.96 0.014 -0.000 0.7896
conv4 222 -4.26 1.13 15.31 14.13 71.65 0.024 -0.000 0.9037
conv4 223 0.41 -4.20 11.96 14.13 9.73 0.022 0.000 0.8631
conv4 224 -2.21 3.14 14.71 12.43 107.03 0.023 0.000 0.8836
conv4 225 -1.47 -0.57 15.68 12.87 86.04 0.029 -0.000 0.8960
conv4 226 5.12 -2.03 14.00 16.04 0.94 0.025 -0.000 0.9180
conv4 227 0.28 -1.02 18.81 15.80 87.52 0.020 -0.000 0.8586
conv4 228 -1.19 2.43 13.18 14.62 23.81 0.023 0.000 0.8853
conv4 229 1.73 -1.55 14.34 15.99 2.15 0.020 0.000 0.8631
conv4 230 0.10 -0.57 14.82 13.65 86.88 0.026 -0.000 0.9006
conv4 231 4.25 -0.35 15.22 14.34 133.75 0.022 0.000 0.8899
conv4 232 -0.31 -0.53 14.20 14.37 57.79 0.027 0.000 0.9047
conv4 233 -0.66 7.69 14.72 17.26 0.15 0.020 0.000 0.8831
conv4 234 -0.05 -1.67 13.11 13.60 137.87 0.020 0.000 0.8964
conv4 235 0.43 6.53 13.00 14.32 160.51 0.028 0.000 0.9039
conv4 236 0.80 -1.05 19.54 17.58 64.88 0.014 -0.000 0.8438
conv4 237 0.17 -2.01 12.13 14.03 9.51 0.022 0.000 0.8727
conv4 238 1.41 -1.65 12.75 10.92 61.44 0.026 0.000 0.9059
conv4 239 1.59 -5.65 14.61 15.53 172.35 0.022 -0.000 0.8889
conv4 240 0.29 0.71 14.29 13.84 100.23 0.017 0.000 0.8790
conv4 241 -1.02 0.52 12.35 14.68 170.66 0.024 0.000 0.8860
conv4 242 0.70 -0.64 15.14 13.74 113.71 0.027 -0.000 0.8938
conv4 243 3.10 1.21 11.65 13.53 14.52 0.020 0.000 0.8918
conv4 244 -1.91 1.32 11.37 13.08 19.72 0.020 0.000 0.8902
conv4 245 -0.23 -0.72 14.02 15.38 4.92 0.026 -0.000 0.9163
conv4 246 -1.02 -0.85 13.55 15.02 3.86 0.026 0.000 0.9083
conv4 247 -0.49 -8.16 9.90 15.31 2.60 0.024 0.000 0.8514
conv4 248 1.15 0.61 20.45 15.56 23.17 0.015 -0.000 0.8370
conv4 249 -2.37 -5.80 9.62 12.29 178.21 0.034 0.000 0.9150
conv4 250 -2.82 -1.51 14.63 15.23 151.36 0.025 0.000 0.9033
conv4 251 0.47 -2.69 12.87 14.56 164.63 0.028 0.000 0.8954
conv4 252 0.11 7.97 13.14 15.27 5.41 0.026 0.000 0.9027
conv4 253 2.41 3.84 16.06 15.20 158.47 0.022 -0.000 0.8993
conv4 254 -0.67 1.80 15.25 16.08 77.64 0.026 -0.000 0.8965
conv4 255 1.32 -6.24 10.16 10.97 84.22 0.032 0.000 0.9213
conv5 0 2.72 3.35 15.14 18.49 3.54 0.012 0.000 0.8584
conv5 1 0.32 -0.42 16.42 18.10 83.14 0.016 -0.000 0.8743
conv5 2 -1.40 -4.64 16.13 17.05 167.51 0.017 0.000 0.9056
conv5 3 1.64 4.48 16.68 17.21 53.21 0.017 -0.000 0.8950
conv5 4 0.49 -7.10 20.38 19.19 33.75 0.011 -0.000 0.8336
conv5 5 1.27 -0.76 18.27 18.95 18.54 0.017 -0.000 0.8729
conv5 6 2.93 -3.04 18.69 18.07 69.56 0.018 0.000 0.8898
conv5 7 3.08 -4.51 18.28 18.84 38.59 0.020 0.000 0.8946
conv5 8 4.87 1.73 12.07 15.04 5.73 0.019 0.000 0.8850
conv5 9 1.81 -6.16 17.47 17.76 176.50 0.018 0.000 0.8988
conv5 10 -2.33 0.54 17.53 15.09 29.38 0.019 0.000 0.8980
conv5 11 1.25 1.01 13.27 15.34 50.09 0.017 0.000 0.8827
conv5 12 -0.04 -0.01 16.85 18.21 12.83 0.015 0.000 0.8888
conv5 13 2.62 -10.17 11.28 18.74 178.66 0.012 0.000 0.7597
conv5 14 1.35 -4.95 16.93 18.84 23.03 0.016 0.000 0.8805
conv5 15 3.07 -5.28 13.96 18.76 178.92 0.016 0.000 0.8725
conv5 16 1.49 0.76 19.51 18.32 147.19 0.013 0.000 0.8533
conv5 17 1.90 -0.06 16.29 18.50 6.42 0.019 0.000 0.8963
conv5 18 0.81 -5.07 19.35 20.65 2.31 0.016 -0.000 0.8988
conv5 19 -0.18 -1.75 17.00 18.60 173.03 0.019 0.000 0.8907
conv5 20 1.00 -0.86 17.89 17.16 94.45 0.020 0.000 0.8942
conv5 21 1.86 -3.46 15.98 16.37 156.55 0.015 0.000 0.8823
conv5 22 1.90 -2.51 18.38 16.71 90.87 0.017 -0.000 0.9004
conv5 23 1.22 -3.50 15.53 16.60 171.23 0.017 0.000 0.8829
conv5 24 0.91 3.06 18.99 18.29 123.26 0.013 0.000 0.8700
conv5 25 0.07 -2.83 17.24 18.44 14.40 0.015 -0.000 0.8799
conv5 26 0.13 -7.16 15.02 17.06 155.65 0.013 0.000 0.8286
conv5 27 3.54 -3.83 19.98 20.87 139.71 0.009 -0.000 0.8193
conv5 28 2.30 -1.30 18.73 18.27 142.48 0.018 -0.000 0.8888
conv5 29 0.56 -2.31 15.40 16.72 20.49 0.020 0.000 0.9091
conv5 30 1.57 -5.05 19.77 20.13 176.56 0.014 -0.000 0.8760
conv5 31 1.30 -1.84 16.93 15.96 37.77 0.016 0.000 0.8719
conv5 32 1.27 -1.42 18.46 19.13 114.50 0.012 -0.000 0.8372
conv5 33 2.26 -0.64 17.07 17.67 138.21 0.015 0.000 0.8721
conv5 34 -0.07 3.29 16.11 15.55 1.95 0.019 0.000 0.8932
conv5 35 1.41 -0.23 18.12 20.18 166.05 0.011 -0.000 0.8713
conv5 36 2.46 1.03 20.94 18.26 7.45 0.017 -0.000 0.8848
conv5 37 0.55 -1.11 15.60 16.47 6.28 0.023 0.000 0.9008
conv5 38 2.91 -2.10 16.43 16.16 26.60 0.013 0.000 0.8757
conv5 39 5.31 -1.20 24.06 23.78 86.54 0.012 -0.000 0.8481
conv5 40 0.02 -4.20 18.28 19.54 103.67 0.014 -0.000 0.8580
conv5 41 3.62 -6.87 18.10 16.29 3.68 0.016 0.000 0.8784
conv5 42 0.25 -1.81 18.43 17.57 57.28 0.016 0.000 0.8903
conv5 43 1.06 0.77 15.33 13.94 77.76 0.022 0.000 0.9037
conv5 44 2.86 0.65 15.83 15.25 105.48 0.016 0.000 0.8826
conv5 45 0.18 0.15 18.43 17.12 90.72 0.018 -0.000 0.8926
conv5 46 2.29 -2.67 19.81 18.12 145.44 0.013 -0.000 0.8717
conv5 47 1.27 -4.30 15.01 16.77 179.47 0.012 0.000 0.8559
conv5 48 -0.11 -4.12 19.04 20.18 179.38 0.017 -0.000 0.8872
conv5 49 1.25 0.61 14.96 18.33 0.78 0.013 0.000 0.8760
conv5 50 2.30 -5.53 14.62 19.21 179.32 0.016 0.000 0.8805
conv5 51 1.21 -3.83 18.42 19.94 172.05 0.016 -0.000 0.8822
conv5 52 0.64 -0.95 16.57 18.56 91.02 0.017 -0.000 0.8785
conv5 53 0.79 -7.36 20.43 19.00 158.84 0.017 0.000 0.8830
conv5 54 0.67 -6.54 17.31 19.31 22.80 0.011 -0.000 0.8406
conv5 55 1.76 0.39 15.82 19.18 0.22 0.018 0.000 0.9059
conv5 56 0.46 -2.69 14.06 17.61 10.91 0.018 0.000 0.8902
conv5 57 -0.51 -0.70 15.12 15.98 16.65 0.020 0.000 0.8999
conv5 58 3.44 1.26 12.25 11.24 102.85 0.026 0.000 0.9095
conv5 59 0.36 -2.55 17.90 17.55 122.69 0.021 -0.000 0.8971
conv5 60 0.80 -0.52 17.75 20.87 179.05 0.016 0.000 0.8746
conv5 61 0.16 -0.19 19.25 18.44 21.76 0.017 0.000 0.8965
conv5 62 -0.11 0.67 17.29 19.06 8.95 0.014 0.000 0.8691
conv5 63 0.91 0.84 17.55 18.70 177.91 0.015 0.000 0.8834
conv5 64 2.45 -5.14 18.31 16.66 118.51 0.015 0.000 0.8692
conv5 65 2.53 -1.43 18.48 20.86 12.81 0.013 0.000 0.8731
conv5 66 -0.99 2.42 18.84 18.32 90.22 0.019 -0.000 0.9002
conv5 67 -0.29 1.00 15.80 16.60 15.25 0.016 0.000 0.8960
conv5 68 1.99 -2.73 15.76 16.73 160.83 0.016 0.000 0.8778
conv5 69 3.97 -4.44 15.25 18.25 1.50 0.020 0.000 0.9022
conv5 70 1.25 1.38 17.90 17.26 25.71 0.020 0.000 0.8928
conv5 71 2.16 -0.04 17.08 17.53 152.88 0.020 0.000 0.8821
conv5 72 -0.63 1.08 16.83 18.20 7.66 0.016 0.000 0.8892
conv5 73 1.80 -2.55 16.47 16.71 78.87 0.023 0.000 0.9017
conv5 74 3.27 0.30 19.88 20.30 103.66 0.016 -0.000 0.8770
conv5 75 1.38 -2.11 16.45 17.36 14.76 0.019 -0.000 0.8852
conv5 76 4.03 -2.61 16.70 19.91 176.12 0.012 0.000 0.8494
conv5 77 2.17 0.69 13.73 14.31 166.93 0.021 0.000 0.8991
conv5 78 0.74 -1.23 13.82 17.66 175.17 0.011 0.000 0.8410
conv5 79 -2.97 -2.68 19.26 17.94 139.56 0.017 -0.000 0.8944
conv5 80 3.08 -1.49 19.40 20.48 4.37 0.017 -0.000 0.8783
conv5 81 2.05 -1.45 15.79 17.60 4.43 0.019 0.000 0.8988
conv5 82 3.65 -1.79 16.88 19.21 7.88 0.018 0.000 0.8777
conv5 83 2.50 -2.16 21.58 20.70 67.03 0.011 -0.000 0.8438
conv5 84 1.38 -2.04 18.13 18.74 41.03 0.017 -0.000 0.8830
conv5 85 2.07 0.33 15.75 17.91 160.57 0.014 0.000 0.8730
conv5 86 0.81 -2.73 20.00 19.07 86.75 0.016 -0.000 0.8769
conv5 87 1.75 1.43 17.08 15.47 84.09 0.021 0.000 0.9082
conv5 88 2.11 -2.78 22.05 20.08 105.77 0.010 -0.000 0.8446
conv5 89 -0.75 -3.01 13.91 15.33 169.15 0.016 0.000 0.8842
conv5 90 1.06 -2.42 20.55 21.94 171.31 0.013 -0.000 0.8799
conv5 91 0.25 -4.46 23.18 22.21 162.27 0.013 -0.000 0.8453
conv5 92 1.47 -0.24 18.93 19.28 129.52 0.014 -0.000 0.8469
conv5 93 1.99 -0.55 16.97 15.82 95.72 0.022 0.000 0.8988
conv5 94 0.96 -2.07 19.34 18.05 23.74 0.015 -0.000 0.8816
conv5 95 1.64 -0.88 15.34 14.45 159.07 0.023 0.000 0.9034
conv5 96 1.61 -0.27 18.11 19.39 148.43 0.012 0.000 0.8644
conv5 97 3.75 -2.90 15.13 18.39 3.06 0.016 0.000 0.8848
conv5 98 2.42 -2.56 16.05 18.19 164.90 0.015 0.000 0.8708
conv5 99 0.27 -4.43 18.11 17.19 48.54 0.014 -0.000 0.8513
conv5 100 0.84 -5.95 15.03 18.17 173.59 0.013 0.000 0.8432
conv5 101 0.20 -1.73 13.42 14.63 65.80 0.026 0.000 0.9058
conv5 102 2.80 -1.58 20.56 19.81 11.65 0.015 0.000 0.8715
conv5 103 0.60 2.15 16.21 16.75 33.44 0.018 0.000 0.8858
conv5 104 2.87 -1.97 15.23 17.27 13.33 0.021 0.000 0.8973
conv5 105 2.09 -2.42 16.72 17.69 173.53 0.021 -0.000 0.8911
conv5 106 1.60 2.27 16.43 14.94 94.20 0.021 0.000 0.9034
conv5 107 2.68 -0.68 15.17 17.35 9.44 0.022 0.000 0.9031
conv5 108 0.46 -2.14 16.88 20.15 7.83 0.018 -0.000 0.8988
conv5 109 0.84 -3.29 19.93 21.88 174.79 0.011 -0.000 0.8504
conv5 110 2.97 -0.43 15.64 17.33 13.68 0.017 0.000 0.8764
conv5 111 2.30 -0.64 17.94 19.94 16.49 0.014 -0.000 0.8763
conv5 112 1.25 3.40 15.18 17.55 175.60 0.015 0.000 0.8809
conv5 113 2.78 -3.76 17.15 15.97 88.35 0.021 0.000 0.8973
conv5 114 2.40 -5.40 16.28 16.80 169.23 0.017 0.000 0.8858
conv5 115 2.90 -4.93 17.62 19.88 2.01 0.013 -0.000 0.8593
conv5 116 2.34 0.07 18.39 19.66 173.47 0.017 0.000 0.8892
conv5 117 2.66 -4.10 15.63 18.32 0.14 0.013 0.000 0.8550
conv5 118 1.87 -2.77 15.31 16.62 106.36 0.017 0.000 0.8740
conv5 119 0.33 1.73 13.98 17.43 178.43 0.021 0.000 0.8971
conv5 120 -1.84 -2.04 19.84 18.38 175.67 0.015 -0.000 0.8617
conv5 121 0.77 0.76 19.06 19.55 45.94 0.011 -0.000 0.8607
conv5 122 -0.70 0.31 19.13 17.78 87.04 0.018 -0.000 0.8826
conv5 123 0.91 -0.26 15.96 16.86 6.55 0.014 0.000 0.8710
conv5 124 2.48 1.73 17.34 16.88 100.62 0.020 0.000 0.9016
conv5 125 2.82 -5.84 16.85 17.21 158.25 0.016 0.000 0.8809
conv5 126 1.70 -1.22 21.83 21.49 53.43 0.013 -0.000 0.8536
conv5 127 -0.24 -1.08 19.11 19.38 6.56 0.017 0.000 0.9043
conv5 128 2.25 0.03 18.88 21.44 163.89 0.015 -0.000 0.8671
conv5 129 0.29 -4.71 15.05 16.79 14.68 0.015 0.000 0.8726
conv5 130 0.65 0.28 18.75 16.39 87.60 0.016 -0.000 0.8771
conv5 131 2.38 -3.13 14.37 16.79 1.13 0.017 0.000 0.8853
conv5 132 1.11 2.77 15.16 16.86 15.16 0.016 0.000 0.8773
conv5 133 1.33 -3.35 16.48 17.45 10.66 0.019 0.000 0.9016
conv5 134 1.52 0.46 20.45 20.64 143.85 0.015 -0.000 0.8568
conv5 135 3.06 -1.07 18.03 19.23 151.47 0.012 -0.000 0.8573
conv5 136 2.89 -1.99 22.94 24.91 55.75 0.011 -0.000 0.8526
conv5 137 1.75 -2.83 15.56 18.29 13.59 0.019 0.000 0.9013
conv5 138 -0.08 -1.22 16.41 19.05 88.57 0.021 -0.000 0.8818
conv5 139 2.53 -3.76 17.06 17.69 32.53 0.012 0.000 0.8418
conv5 140 1.51 -1.97 14.83 16.70 161.75 0.014 0.000 0.8648
conv5 141 3.53 -1.37 16.46 15.71 75.40 0.021 0.000 0.9046
conv5 142 0.71 0.13 18.57 19.90 159.26 0.012 -0.000 0.8616
conv5 143 4.58 4.36 18.04 21.69 7.27 0.015 -0.000 0.8675
conv5 144 2.43 -5.26 17.88 18.79 163.80 0.014 0.000 0.8530
conv5 145 0.01 0.75 15.38 17.21 16.78 0.019 0.000 0.8888
conv5 146 0.79 -1.58 17.63 17.27 63.63 0.020 -0.000 0.9004
conv5 147 3.45 1.84 16.29 16.87 171.57 0.021 0.000 0.9116
conv5 148 -0.92 -6.88 13.27 16.47 4.08 0.017 0.000 0.8643
conv5 149 1.23 -2.80 15.48 14.50 83.82 0.021 0.000 0.8992
conv5 150 1.77 -0.70 16.62 16.93 152.79 0.013 0.000 0.8620
conv5 151 1.92 -4.31 19.15 21.19 169.93 0.016 -0.000 0.8744
conv5 152 0.67 -1.96 15.78 18.08 4.72 0.021 0.000 0.8940
conv5 153 0.28 -0.32 19.64 22.16 74.13 0.015 -0.000 0.8585
conv5 154 0.89 -3.68 16.62 16.88 170.17 0.015 0.000 0.8762
conv5 155 2.02 0.08 16.27 18.87 7.08 0.018 -0.000 0.9006
conv5 156 1.25 -1.90 17.15 18.08 173.00 0.017 0.000 0.8822
conv5 157 0.52 -0.06 17.81 20.16 0.81 0.018 -0.000 0.8957
conv5 158 0.13 -4.56 20.97 21.24 163.02 0.015 -0.000 0.8669
conv5 159 1.35 -3.09 15.59 17.17 20.99 0.015 0.000 0.8795
conv5 160 0.95 1.23 17.19 16.32 98.50 0.017 0.000 0.8929
conv5 161 -1.15 -0.48 19.16 20.13 87.08 0.018 -0.000 0.8777
conv5 162 -1.29 -4.10 15.54 16.31 8.64 0.018 0.000 0.8816
conv5 163 2.02 -3.71 22.99 21.65 110.01 0.010 -0.000 0.8480
conv5 164 1.52 -2.44 21.33 19.99 89.91 0.012 -0.000 0.8563
conv5 165 2.80 -0.88 17.80 15.42 99.03 0.020 0.000 0.8881
conv5 166 1.57 -2.41 19.15 21.36 11.87 0.014 0.000 0.8585
conv5 167 3.11 -0.88 16.69 19.97 169.75 0.016 0.000 0.8873
conv5 168 2.91 -0.68 18.34 17.97 57.60 0.017 -0.000 0.8946
conv5 169 0.99 -3.41 15.37 16.90 162.58 0.014 0.000 0.8628
conv5 170 2.25 0.23 20.30 21.69 8.87 0.014 -0.000 0.8665
conv5 171 2.03 -0.72 24.10 26.14 167.57 0.010 -0.000 0.8187
conv5 172 3.12 -1.20 14.62 17.76 172.39 0.016 0.000 0.8727
conv5 173 2.37 0.34 18.14 17.32 101.57 0.019 -0.000 0.9029
conv5 174 1.51 -0.69 15.93 17.45 16.66 0.020 0.000 0.9037
conv5 175 2.88 -2.60 15.57 17.12 4.43 0.020 0.000 0.8940
conv5 176 3.13 1.49 21.44 19.11 93.25 0.015 -0.000 0.8688
conv5 177 0.25 -1.91 13.60 13.02 144.06 0.020 0.000 0.9007
conv5 178 -0.70 -7.22 11.69 17.52 176.60 0.014 0.000 0.8523
conv5 179 -0.29 -1.73 16.64 16.95 151.48 0.020 0.000 0.9051
conv5 180 2.77 -1.48 13.60 18.98 1.87 0.013 0.000 0.8523
conv5 181 2.85 2.82 15.53 18.67 168.52 0.019 0.000 0.8839
conv5 182 2.82 -0.91 17.04 16.97 151.19 0.021 0.000 0.9033
conv5 183 1.00 -0.96 18.16 21.93 176.83 0.014 -0.000 0.8838
conv5 184 2.50 -0.36 18.16 17.09 110.53 0.020 -0.000 0.9014
conv5 185 0.44 -1.09 15.43 17.56 179.90 0.014 0.000 0.8715
conv5 186 2.54 -2.23 15.03 15.97 27.79 0.022 0.000 0.9038
conv5 187 -1.41 -2.33 17.66 19.33 3.24 0.013 -0.000 0.8632
conv5 188 3.18 -0.81 16.26 16.83 126.60 0.017 0.000 0.8987
conv5 189 0.65 -8.45 16.22 19.45 8.25 0.013 -0.000 0.8565
conv5 190 1.50 -0.94 16.34 19.23 177.82 0.015 -0.000 0.8741
conv5 191 1.31 -1.08 16.41 17.49 141.80 0.012 0.000 0.8554
conv5 192 1.21 -0.92 16.46 18.12 10.06 0.021 0.000 0.9139
conv5 193 1.12 -2.77 20.94 20.11 97.63 0.014 -0.000 0.8628
conv5 194 0.97 -0.10 16.49 17.85 17.96 0.018 0.000 0.8954
conv5 195 0.82 1.79 18.74 20.72 91.84 0.017 -0.000 0.8784
conv5 196 1.82 -0.20 19.09 19.73 65.64 0.015 -0.000 0.8819
conv5 197 2.02 0.30 21.96 23.23 153.82 0.011 -0.000 0.8206
conv5 198 1.00 -1.85 14.77 18.83 177.10 0.011 0.000 0.8064
conv5 199 2.93 -2.00 16.00 18.01 3.26 0.014 -0.000 0.8687
conv5 200 2.32 2.04 14.63 16.28 1.14 0.013 0.000 0.8721
conv5 201 0.43 0.11 18.26 17.17 94.11 0.018 -0.000 0.8946
conv5 202 1.65 -2.65 16.17 19.07 167.91 0.012 0.000 0.8477
conv5 203 2.63 -4.78 17.31 16.47 112.30 0.018 0.000 0.8982
conv5 204 2.08 -3.09 17.81 16.55 84.52 0.020 0.000 0.9043
conv5 205 0.95 -1.72 19.86 18.80 96.02 0.016 -0.000 0.8700
conv5 206 -0.32 -1.58 16.88 17.61 117.29 0.015 -0.000 0.8600
conv5 207 1.73 -1.21 17.29 18.57 64.30 0.018 -0.000 0.8941
conv5 208 1.18 -3.37 20.19 20.70 10.32 0.011 -0.000 0.8343
conv5 209 -1.31 -4.45 15.89 14.41 102.88 0.020 0.000 0.8993
conv5 210 1.73 -0.28 21.59 21.02 24.04 0.010 -0.000 0.8065
conv5 211 2.33 -8.13 17.30 19.20 123.79 0.011 0.000 0.8279
conv5 212 1.88 -0.84 16.03 15.72 83.19 0.022 0.000 0.9024
conv5 213 -0.14 -2.23 19.62 18.69 14.70 0.014 -0.000 0.8880
conv5 214 1.72 -5.22 17.61 19.29 175.28 0.017 -0.000 0.8534
conv5 215 1.51 -0.51 14.90 15.44 5.78 0.016 0.000 0.8693
conv5 216 0.81 -3.64 14.10 16.91 14.28 0.015 0.000 0.8618
conv5 217 4.24 -3.49 16.95 17.77 12.45 0.020 0.000 0.9036
conv5 218 0.33 -0.27 15.43 16.32 14.63 0.020 0.000 0.9007
conv5 219 1.04 -0.56 21.72 23.60 152.53 0.009 -0.000 0.8016
conv5 220 -0.29 1.40 17.06 16.78 63.87 0.020 0.000 0.8933
conv5 221 3.05 -5.00 15.89 18.88 169.89 0.011 0.000 0.8446
conv5 222 2.05 -2.16 19.14 21.41 174.89 0.011 0.000 0.8390
conv5 223 0.71 -3.74 16.46 17.24 14.82 0.019 -0.000 0.8940
conv5 224 -0.06 -2.82 15.39 16.87 4.67 0.021 0.000 0.9020
conv5 225 2.85 0.39 17.83 15.78 101.75 0.022 -0.000 0.9026
conv5 226 3.09 -1.99 16.20 16.53 29.11 0.022 0.000 0.9069
conv5 227 1.24 -3.15 19.55 18.17 44.84 0.017 0.000 0.8893
conv5 228 -0.42 -0.80 15.44 16.44 36.92 0.021 0.000 0.9093
conv5 229 0.34 -4.36 18.25 17.24 57.74 0.018 0.000 0.8914
conv5 230 2.20 2.54 17.32 18.25 174.80 0.019 -0.000 0.8951
conv5 231 2.71 -5.34 19.81 18.59 167.42 0.014 -0.000 0.8770
conv5 232 0.52 0.70 15.24 18.16 8.73 0.020 0.000 0.8947
conv5 233 2.08 0.03 20.96 19.20 97.33 0.012 -0.000 0.8558
conv5 234 1.45 1.67 16.48 15.55 80.99 0.022 0.000 0.8893
conv5 235 1.79 -2.12 18.57 17.27 74.32 0.015 0.000 0.8751
conv5 236 0.41 -3.07 14.00 18.88 174.72 0.018 0.000 0.9066
conv5 237 0.31 2.16 17.40 16.88 136.69 0.018 0.000 0.8926
conv5 238 3.28 0.17 18.17 18.92 69.47 0.016 -0.000 0.8777
conv5 239 3.24 2.01 17.45 18.17 21.03 0.014 -0.000 0.8717
conv5 240 0.02 -1.71 14.98 18.01 2.17 0.020 0.000 0.9092
conv5 241 0.31 0.31 19.27 20.27 150.62 0.014 -0.000 0.8794
conv5 242 4.52 0.29 17.80 20.49 171.48 0.010 -0.000 0.8011
conv5 243 0.45 -3.73 18.04 16.29 141.48 0.014 0.000 0.8483
conv5 244 -0.78 -0.35 18.70 15.90 11.48 0.019 0.000 0.8954
conv5 245 -0.04 -0.25 15.23 16.85 47.19 0.022 0.000 0.8990
conv5 246 1.43 0.20 20.06 19.21 33.66 0.013 0.000 0.8715
conv5 247 0.79 -2.65 20.70 19.79 98.57 0.011 -0.000 0.8681
conv5 248 -0.37 -5.56 14.32 15.82 130.35 0.011 0.000 0.8381
conv5 249 0.27 -1.47 16.18 17.59 34.08 0.017 0.000 0.8981
conv5 250 0.91 -4.44 15.83 16.86 51.20 0.020 0.000 0.8980
conv5 251 -0.94 -5.00 15.08 15.85 87.22 0.019 0.000 0.8884
conv5 252 1.87 -5.24 20.47 18.73 112.95 0.010 -0.000 0.8404
conv5 253 -1.70 0.14 17.89 18.85 123.28 0.018 -0.000 0.8860
conv5 254 2.94 -5.72 17.66 21.48 1.04 0.017 -0.000 0.8696
conv5 255 1.22 -4.24 17.65 18.58 34.84 0.015 0.000 0.8742
