conv1 0 -0.56 0.19 -0.56 0.18
conv1 1 -0.07 0.35 -0.07 0.35
conv1 2 -0.20 0.07 -0.20 0.07
conv1 3 -1.02 1.01 -1.02 1.01
conv1 4 -0.23 -0.55 -0.23 -0.55
conv1 5 1.39 1.40 0.99 0.97
conv1 6 0.52 -0.11 0.52 -0.11
conv1 7 1.20 1.27 0.74 1.18
conv1 8 1.38 0.11 -0.96 -1.05
conv1 9 -0.04 -0.40 -0.04 -0.40
conv1 10 1.06 -0.13 1.06 -0.13
conv1 11 -0.22 -1.02 -0.22 -1.02
conv1 12 -1.02 0.95 -1.02 0.95
conv1 13 1.17 1.92 2.34 0.32
conv1 14 -0.01 -0.43 0.01 -0.38
conv1 15 1.74 0.01 -1.02 1.01
conv1 16 -1.01 1.02 -1.04 1.03
conv1 17 0.13 -0.26 0.13 -0.26
conv1 18 1.18 1.02 0.22 -0.11
conv1 19 -0.21 -0.12 -0.21 -0.11
conv1 20 -0.01 -0.24 -0.01 -0.24
conv1 21 0.11 0.65 0.11 0.65
conv1 22 1.04 -1.01 1.04 -1.02
conv1 23 1.05 -0.19 0.94 -0.06
conv1 24 -1.12 0.20 -1.08 0.48
conv1 25 0.99 -1.04 0.94 -1.08
conv1 26 0.89 1.40 0.51 0.56
conv1 27 0.88 1.13 1.19 1.26
conv1 28 -1.01 1.02 1.27 0.66
conv1 29 -0.43 0.67 -0.43 0.67
conv1 30 1.87 0.93 -0.27 1.43
conv1 31 -1.10 -0.23 -1.11 -0.23
conv1 32 0.09 -0.23 0.08 -0.25
conv1 33 -0.10 -0.75 -0.11 -0.79
conv1 34 -0.02 -0.03 -0.03 -0.02
conv1 35 -0.10 0.68 1.11 -0.45
conv1 36 -0.08 -0.27 -0.08 -0.27
conv1 37 1.74 -0.69 -0.31 0.77
conv1 38 0.19 1.97 1.39 1.41
conv1 39 -0.69 -0.29 -0.95 -0.67
conv1 40 0.38 0.02 0.38 0.02
conv1 41 1.58 0.39 0.25 1.10
conv1 42 -0.55 0.17 -0.55 0.17
conv1 43 1.08 0.89 0.96 1.35
conv1 44 0.12 1.96 1.39 1.28
conv1 45 1.62 0.96 2.31 0.65
conv1 46 -0.13 -0.22 -0.13 -0.22
conv1 47 0.93 -1.06 0.98 -1.04
conv1 48 1.02 1.04 1.01 1.02
conv1 49 1.03 1.03 1.02 1.02
conv1 50 1.02 -1.01 0.84 1.09
conv1 51 -0.39 -0.17 -0.39 -0.17
conv1 52 1.03 -0.55 1.03 -0.56
conv1 53 -0.14 -0.05 -0.12 -0.05
conv1 54 1.22 1.98 1.02 0.91
conv1 55 -0.04 0.11 -0.05 0.11
conv1 56 0.04 0.18 0.04 0.18
conv1 57 -0.17 -0.49 -0.17 -0.49
conv1 58 0.70 -0.05 0.70 -0.05
conv1 59 0.01 0.19 0.01 0.19
conv1 60 0.00 1.01 2.06 0.67
conv1 61 1.04 1.01 1.02 1.02
conv1 62 0.96 1.03 1.52 0.43
conv1 63 -0.02 0.00 -0.02 0.00
