conv1 0 -0.56 0.28 -0.79 0.23
conv1 1 -0.11 0.39 -0.11 0.39
conv1 2 -0.23 0.23 -0.23 0.23
conv1 3 -1.06 1.06 -1.06 1.06
conv1 4 -0.25 -0.56 -0.25 -0.56
conv1 5 1.38 1.43 0.97 0.86
conv1 6 0.34 -0.17 0.34 -0.17
conv1 7 1.21 1.20 0.65 1.21
conv1 8 0.32 -0.06 -0.87 -1.12
conv1 9 -0.11 -0.23 -0.11 -0.23
conv1 10 1.12 -0.37 1.12 -0.37
conv1 11 -0.39 -1.12 -0.39 -1.12
conv1 12 -1.06 1.06 -1.06 1.06
conv1 13 1.12 1.80 2.36 0.46
conv1 14 0.00 -0.00 0.00 -0.00
conv1 15 1.76 -0.04 -1.06 1.06
conv1 16 -1.06 1.06 -1.09 1.09
conv1 17 0.11 -0.23 0.11 -0.23
conv1 18 1.18 1.25 -0.13 -1.03
conv1 19 0.00 0.51 0.00 0.51
conv1 20 -0.06 -0.23 -0.06 -0.23
conv1 21 0.17 0.56 0.17 0.56
conv1 22 1.10 -1.10 1.10 -1.10
conv1 23 1.12 -0.14 1.12 -0.06
conv1 24 -1.12 0.08 -1.12 0.28
conv1 25 0.96 -1.12 0.90 -1.12
conv1 26 0.89 1.33 0.82 0.13
conv1 27 0.91 1.09 1.29 1.11
conv1 28 -1.06 1.06 1.01 0.90
conv1 29 -0.28 0.39 -0.28 0.39
conv1 30 1.88 0.80 -0.10 1.62
conv1 31 -1.12 -0.17 -1.12 -0.17
conv1 32 0.11 -0.45 0.06 -0.23
conv1 33 -0.11 -0.79 -0.11 -0.79
conv1 34 -0.17 0.06 -0.17 0.06
conv1 35 0.03 0.34 0.34 0.06
conv1 36 -0.11 -0.11 -0.11 -0.11
conv1 37 1.76 -0.79 -0.29 0.35
conv1 38 0.04 2.06 1.38 1.48
conv1 39 -0.84 -0.65 -0.96 -0.70
conv1 40 0.23 0.00 0.23 0.00
conv1 41 1.62 -0.86 0.03 1.12
conv1 42 -0.56 0.06 -0.56 0.06
conv1 43 1.20 0.95 0.84 1.41
conv1 44 0.05 1.91 1.41 1.53
conv1 45 1.54 1.07 2.36 -0.08
conv1 46 0.11 -0.11 0.11 -0.11
conv1 47 0.79 -1.12 0.93 -1.10
conv1 48 1.10 1.10 1.06 1.06
conv1 49 1.11 1.11 1.08 1.08
conv1 50 1.06 -1.06 0.61 0.67
conv1 51 -0.06 -0.37 -0.06 -0.37
conv1 52 1.01 0.00 1.01 0.00
conv1 53 -0.11 0.00 -0.11 0.00
conv1 54 1.17 2.04 1.08 0.96
conv1 55 0.00 0.00 0.00 0.00
conv1 56 -0.06 0.45 -0.06 0.45
conv1 57 -0.23 -0.68 -0.23 -0.68
conv1 58 0.79 -0.06 0.79 -0.06
conv1 59 0.00 0.42 0.00 0.42
conv1 60 0.00 1.03 1.82 1.00
conv1 61 1.10 1.08 1.08 1.08
conv1 62 1.31 1.20 1.44 0.39
conv1 63 -0.06 0.11 -0.06 0.11
