conv1 0 124 -1.12 0.00 5.9484 125 -1.12 0.00 -5.1416
conv1 1 183 -1.12 0.00 5.2821 182 -1.12 0.00 -4.5265
conv1 2 519 0.00 0.00 4.7821 518 0.00 0.00 -3.8533
conv1 3 4575 -1.12 1.12 1.9477 4574 -1.12 1.12 -2.5933
conv1 4 406 0.00 -1.12 5.7721 407 0.00 -1.12 -4.9842
conv1 5 393 0.00 -1.12 1.2303 392 0.00 -1.12 -2.0210
conv1 6 784 1.12 0.00 6.3132 785 1.12 0.00 -5.5230
conv1 7 369847 1.69 -0.84 1.0818 315202 -0.70 2.25 -2.1810
conv1 8 928 1.12 1.12 3.8170 58 -1.12 -1.12 -3.3917
conv1 9 393 0.00 -1.12 2.8888 392 0.00 -1.12 -4.4092
conv1 10 784 1.12 0.00 2.1218 785 1.12 0.00 -2.8234
conv1 11 351 0.00 -1.12 2.6645 350 0.00 -1.12 -2.1976
conv1 12 4564 -1.12 1.12 0.4685 4565 -1.12 1.12 -3.1164
conv1 13 392783 2.53 2.53 2.1200 187703 2.39 2.39 -2.4587
conv1 14 401 0.00 -1.12 5.4383 400 0.00 -1.12 -4.6508
conv1 15 392783 2.53 2.53 2.0521 4569 -1.12 1.12 -2.3403
conv1 16 4573 -1.12 1.12 2.9709 4572 -1.12 1.12 -2.8788
conv1 17 798 1.12 0.00 1.8872 799 1.12 0.00 -3.2862
conv1 18 43257 1.69 2.25 4.8388 85687 1.69 -1.41 -4.5289
conv1 19 574 0.00 1.12 5.0450 575 0.00 1.12 -3.9194
conv1 20 378 0.00 -1.12 4.1659 379 0.00 -1.12 -3.5637
conv1 21 617 0.00 1.12 4.0858 616 0.00 1.12 -3.4007
conv1 22 682 1.12 -1.12 2.2604 683 1.12 -1.12 -2.0457
conv1 23 797 1.12 0.00 3.7275 789 1.12 0.00 -2.9556
conv1 24 116 -1.12 0.00 3.5573 121 -1.12 0.00 -3.2113
conv1 25 741 1.12 -1.12 2.4488 740 1.12 -1.12 -2.2911
conv1 26 221295 -0.42 2.39 3.0033 93947 -1.41 -1.41 -3.1017
conv1 27 197110 -1.41 1.55 1.8326 348483 0.70 1.83 -2.9602
conv1 28 4571 -1.12 1.12 4.6521 117345 -0.42 -1.55 -4.2585
conv1 29 602 0.00 1.12 2.4763 603 0.00 1.12 -3.2544
conv1 30 392783 2.53 2.53 2.0883 214590 -0.70 2.39 -2.2312
conv1 31 125 -1.12 0.00 1.9974 124 -1.12 0.00 -1.8677
conv1 32 390 0.00 -1.12 3.3646 391 0.00 -1.12 -2.8110
conv1 33 400 0.00 -1.12 4.2687 401 0.00 -1.12 -3.6128
conv1 34 519 0.00 0.00 5.0560 518 0.00 0.00 -3.9196
conv1 35 583 0.00 1.12 0.1470 582 0.00 1.12 -2.6750
conv1 36 392 0.00 -1.12 2.4971 393 0.00 -1.12 -4.1707
conv1 37 392783 2.53 2.53 0.8605 87176 1.69 2.25 -2.7575
conv1 38 91486 -1.55 -0.28 3.8036 69731 -1.41 1.69 -3.5320
conv1 39 547 0.00 0.00 2.7469 546 0.00 0.00 -2.2016
conv1 40 785 1.12 0.00 4.0366 784 1.12 0.00 -3.6684
conv1 41 392783 2.53 2.53 1.0878 621 0.00 1.12 -2.4140
conv1 42 308 -1.12 1.12 4.2362 309 -1.12 1.12 -3.5347
conv1 43 371319 1.69 0.98 2.2309 197057 -1.41 1.55 -2.3963
conv1 44 73126 -0.84 2.25 1.1905 274381 1.83 1.55 -3.2401
conv1 45 133320 0.14 1.69 1.3608 392783 2.53 2.53 -2.7432
conv1 46 112 -1.12 0.00 2.3798 113 -1.12 0.00 -3.9220
conv1 47 733 1.12 -1.12 3.2316 405 0.00 -1.12 -2.6595
conv1 48 959 1.12 1.12 3.1974 8103 1.12 1.12 -2.1887
conv1 49 8102 1.12 1.12 1.1097 8103 1.12 1.12 -2.0700
conv1 50 7704 1.12 -1.12 1.4054 295563 -1.41 -1.41 -1.9625
conv1 51 1456 0.00 0.00 4.7138 1457 0.00 0.00 -3.5523
conv1 52 785 1.12 0.00 0.1856 784 1.12 0.00 -2.8507
conv1 53 190 -1.12 0.00 5.0051 191 -1.12 0.00 -4.0364
conv1 54 392783 2.53 2.53 0.0457 8097 1.12 1.12 -1.6868
conv1 55 614 0.00 1.12 4.5967 615 0.00 1.12 -4.1195
conv1 56 602 0.00 1.12 3.5098 603 0.00 1.12 -3.0498
conv1 57 393 0.00 -1.12 7.2623 392 0.00 -1.12 -6.2665
conv1 58 785 1.12 0.00 6.9778 784 1.12 0.00 -5.8672
conv1 59 463 0.00 0.00 4.5825 462 0.00 0.00 -3.5365
conv1 60 659 0.00 1.12 1.3530 658 0.00 1.12 -1.7894
conv1 61 901 1.12 1.12 1.8916 8105 1.12 1.12 -1.8578
conv1 62 241380 0.42 2.39 1.9031 231205 0.00 2.25 -3.0063
conv1 63 210 -1.12 0.00 3.1816 211 -1.12 0.00 -2.7600
